,indexID,symbol,porgFullName,secShortName,exchangeCD,tradeDate,preCloseIndex,openIndex,lowestIndex,highestIndex,closeIndex,turnoverVol,turnoverValue,CHG,CHGPct
96,801231.ZICN,801231,上海申银万国证券研究所有限公司,申万综合Ⅱ,XSHG,2000-01-04,1000.0,1001.92,987.96,1044.67,1029.81,40000000.0,414000000.0,29.81,0.029810000000000003
303,801231.ZICN,801231,上海申银万国证券研究所有限公司,申万综合Ⅱ,XSHG,2000-01-05,1029.81,1036.1,1019.1,1073.0,1047.65,70000000.0,766000000.0,17.84,0.017324000000000003
510,801231.ZICN,801231,上海申银万国证券研究所有限公司,申万综合Ⅱ,XSHG,2000-01-06,1047.65,1044.52,1027.3,1090.9,1083.61,76000000.0,833000000.0,35.96,0.034324
717,801231.ZICN,801231,上海申银万国证券研究所有限公司,申万综合Ⅱ,XSHG,2000-01-07,1083.61,1094.28,1082.56,1149.26,1132.7,159000000.0,1900000000.0,49.09,0.045301999999999995
924,801231.ZICN,801231,上海申银万国证券研究所有限公司,申万综合Ⅱ,XSHG,2000-01-10,1132.7,1149.07,1116.7,1187.57,1164.68,151000000.0,1915000000.0,31.98,0.028232999999999998
1131,801231.ZICN,801231,上海申银万国证券研究所有限公司,申万综合Ⅱ,XSHG,2000-01-11,1164.68,1168.31,1097.66,1180.36,1115.26,126000000.0,1459000000.0,-49.42,-0.042432
1338,801231.ZICN,801231,上海申银万国证券研究所有限公司,申万综合Ⅱ,XSHG,2000-01-12,1115.26,1109.1,1065.34,1140.63,1088.57,92000000.0,1092000000.0,-26.69,-0.023932
1545,801231.ZICN,801231,上海申银万国证券研究所有限公司,申万综合Ⅱ,XSHG,2000-01-13,1088.57,1092.3,1056.35,1109.49,1075.84,56000000.0,589000000.0,-12.73,-0.011694
1752,801231.ZICN,801231,上海申银万国证券研究所有限公司,申万综合Ⅱ,XSHG,2000-01-14,1075.84,1075.91,1047.65,1100.24,1063.67,46000000.0,487000000.0,-12.17,-0.011312000000000001
1959,801231.ZICN,801231,上海申银万国证券研究所有限公司,申万综合Ⅱ,XSHG,2000-01-17,1063.67,1060.8,1040.9,1095.85,1087.63,56000000.0,584000000.0,23.96,0.022525999999999997
2166,801231.ZICN,801231,上海申银万国证券研究所有限公司,申万综合Ⅱ,XSHG,2000-01-18,1087.63,1090.21,1062.72,1109.31,1081.08,49000000.0,591000000.0,-6.55,-0.006022
2373,801231.ZICN,801231,上海申银万国证券研究所有限公司,申万综合Ⅱ,XSHG,2000-01-19,1081.08,1078.18,1062.86,1113.69,1099.02,45000000.0,565000000.0,17.94,0.016595
2580,801231.ZICN,801231,上海申银万国证券研究所有限公司,申万综合Ⅱ,XSHG,2000-01-20,1099.02,1094.67,1080.47,1133.51,1119.25,57000000.0,716000000.0,20.23,0.018407
2787,801231.ZICN,801231,上海申银万国证券研究所有限公司,申万综合Ⅱ,XSHG,2000-01-21,1119.25,1123.55,1102.6,1164.94,1129.79,94000000.0,1154000000.0,10.54,0.009417
2994,801231.ZICN,801231,上海申银万国证券研究所有限公司,申万综合Ⅱ,XSHG,2000-01-24,1129.79,1132.03,1096.63,1166.96,1144.44,85000000.0,1107000000.0,14.65,0.012967
3201,801231.ZICN,801231,上海申银万国证券研究所有限公司,申万综合Ⅱ,XSHG,2000-01-25,1144.44,1148.99,1111.44,1178.69,1137.18,96000000.0,1212000000.0,-7.26,-0.006344
3408,801231.ZICN,801231,上海申银万国证券研究所有限公司,申万综合Ⅱ,XSHG,2000-01-26,1137.18,1137.49,1113.64,1170.73,1140.3,73000000.0,935000000.0,3.12,0.002744
3615,801231.ZICN,801231,上海申银万国证券研究所有限公司,申万综合Ⅱ,XSHG,2000-01-27,1140.3,1150.76,1129.43,1206.19,1184.59,120000000.0,1536000000.0,44.29,0.038841
3822,801231.ZICN,801231,上海申银万国证券研究所有限公司,申万综合Ⅱ,XSHG,2000-01-28,1184.59,1193.81,1173.89,1249.05,1220.55,151000000.0,2093000000.0,35.96,0.030356
4029,801231.ZICN,801231,上海申银万国证券研究所有限公司,申万综合Ⅱ,XSHG,2000-02-14,1220.55,1268.81,1251.61,1335.98,1334.41,154000000.0,2138000000.0,113.86,0.09328600000000001
4236,801231.ZICN,801231,上海申银万国证券研究所有限公司,申万综合Ⅱ,XSHG,2000-02-15,1334.41,1393.82,1334.31,1447.61,1378.31,263000000.0,3849000000.0,43.9,0.032898000000000004
4443,801231.ZICN,801231,上海申银万国证券研究所有限公司,申万综合Ⅱ,XSHG,2000-02-16,1378.31,1396.4,1344.83,1461.29,1432.5,266000000.0,3836000000.0,54.19,0.039316000000000004
4650,801231.ZICN,801231,上海申银万国证券研究所有限公司,申万综合Ⅱ,XSHG,2000-02-17,1432.5,1474.49,1323.3,1542.22,1365.0,321000000.0,4693000000.0,-67.5,-0.04712
4857,801231.ZICN,801231,上海申银万国证券研究所有限公司,申万综合Ⅱ,XSHG,2000-02-18,1365.0,1342.46,1281.94,1415.52,1392.51,182000000.0,2411000000.0,27.51,0.020154
5064,801231.ZICN,801231,上海申银万国证券研究所有限公司,申万综合Ⅱ,XSHG,2000-02-21,1392.51,1412.51,1338.19,1459.73,1400.03,210000000.0,2962000000.0,7.52,0.0054
5271,801231.ZICN,801231,上海申银万国证券研究所有限公司,申万综合Ⅱ,XSHG,2000-02-22,1400.03,1410.23,1317.6,1438.26,1333.3,170000000.0,2169000000.0,-66.73,-0.047663
5478,801231.ZICN,801231,上海申银万国证券研究所有限公司,申万综合Ⅱ,XSHG,2000-02-23,1333.3,1303.2,1257.83,1342.68,1276.25,132000000.0,1642000000.0,-57.05,-0.042789
5685,801231.ZICN,801231,上海申银万国证券研究所有限公司,申万综合Ⅱ,XSHG,2000-02-24,1276.25,1266.04,1247.48,1338.85,1326.39,115000000.0,1479000000.0,50.14,0.039287
5892,801231.ZICN,801231,上海申银万国证券研究所有限公司,申万综合Ⅱ,XSHG,2000-02-25,1326.39,1324.71,1280.39,1365.02,1317.03,110000000.0,1443000000.0,-9.36,-0.007056999999999999
6100,801231.ZICN,801231,上海申银万国证券研究所有限公司,申万综合Ⅱ,XSHG,2000-02-28,1317.03,1320.34,1297.74,1391.29,1378.14,145000000.0,2007000000.0,61.11,0.0464
6308,801231.ZICN,801231,上海申银万国证券研究所有限公司,申万综合Ⅱ,XSHG,2000-02-29,1378.14,1399.3,1328.58,1441.21,1374.84,214000000.0,2967000000.0,-3.3,-0.002395
6516,801231.ZICN,801231,上海申银万国证券研究所有限公司,申万综合Ⅱ,XSHG,2000-03-01,1374.84,1383.1,1330.35,1420.4,1370.9,137000000.0,1840000000.0,-3.94,-0.002866
6724,801231.ZICN,801231,上海申银万国证券研究所有限公司,申万综合Ⅱ,XSHG,2000-03-02,1370.9,1367.51,1333.89,1411.26,1376.61,108000000.0,1383000000.0,5.71,0.004164999999999999
6932,801231.ZICN,801231,上海申银万国证券研究所有限公司,申万综合Ⅱ,XSHG,2000-03-03,1376.61,1388.62,1350.72,1426.86,1379.69,138000000.0,1895000000.0,3.08,0.0022370000000000003
7140,801231.ZICN,801231,上海申银万国证券研究所有限公司,申万综合Ⅱ,XSHG,2000-03-06,1379.69,1386.36,1295.5,1411.14,1308.49,148000000.0,1953000000.0,-71.2,-0.05160599999999999
7348,801231.ZICN,801231,上海申银万国证券研究所有限公司,申万综合Ⅱ,XSHG,2000-03-07,1308.49,1290.47,1268.6,1340.19,1317.09,80000000.0,1028000000.0,8.6,0.006572
7556,801231.ZICN,801231,上海申银万国证券研究所有限公司,申万综合Ⅱ,XSHG,2000-03-08,1317.09,1321.54,1292.97,1367.73,1350.28,89000000.0,1106000000.0,33.19,0.025199
7764,801231.ZICN,801231,上海申银万国证券研究所有限公司,申万综合Ⅱ,XSHG,2000-03-09,1350.28,1360.43,1322.71,1390.66,1346.83,86000000.0,1077000000.0,-3.45,-0.002555
7972,801231.ZICN,801231,上海申银万国证券研究所有限公司,申万综合Ⅱ,XSHG,2000-03-10,1346.83,1350.16,1313.18,1384.29,1327.5,82000000.0,984000000.0,-19.33,-0.014352
8180,801231.ZICN,801231,上海申银万国证券研究所有限公司,申万综合Ⅱ,XSHG,2000-03-13,1327.5,1326.55,1310.38,1362.59,1344.34,72000000.0,900000000.0,16.84,0.012685
8388,801231.ZICN,801231,上海申银万国证券研究所有限公司,申万综合Ⅱ,XSHG,2000-03-14,1344.34,1315.53,1260.71,1350.22,1319.62,120000000.0,1585000000.0,-24.72,-0.018387999999999998
8596,801231.ZICN,801231,上海申银万国证券研究所有限公司,申万综合Ⅱ,XSHG,2000-03-15,1319.62,1316.02,1286.48,1346.16,1310.86,83000000.0,1075000000.0,-8.76,-0.006638
8804,801231.ZICN,801231,上海申银万国证券研究所有限公司,申万综合Ⅱ,XSHG,2000-03-16,1310.86,1298.48,1221.67,1310.82,1239.83,82000000.0,987000000.0,-71.03,-0.054186
9012,801231.ZICN,801231,上海申银万国证券研究所有限公司,申万综合Ⅱ,XSHG,2000-03-17,1239.83,1236.91,1226.5,1296.78,1279.62,64000000.0,799000000.0,39.79,0.032093
9220,801231.ZICN,801231,上海申银万国证券研究所有限公司,申万综合Ⅱ,XSHG,2000-03-20,1279.62,1269.39,1243.98,1329.16,1314.06,85000000.0,1140000000.0,34.44,0.026913999999999997
9428,801231.ZICN,801231,上海申银万国证券研究所有限公司,申万综合Ⅱ,XSHG,2000-03-21,1314.06,1323.11,1287.91,1349.76,1317.08,85000000.0,1185000000.0,3.02,0.002298
9636,801231.ZICN,801231,上海申银万国证券研究所有限公司,申万综合Ⅱ,XSHG,2000-03-22,1317.08,1321.19,1300.37,1363.12,1331.85,89000000.0,1196000000.0,14.77,0.011214
9844,801231.ZICN,801231,上海申银万国证券研究所有限公司,申万综合Ⅱ,XSHG,2000-03-23,1331.85,1329.93,1305.33,1372.59,1357.77,99000000.0,1477000000.0,25.92,0.019462
10052,801231.ZICN,801231,上海申银万国证券研究所有限公司,申万综合Ⅱ,XSHG,2000-03-24,1357.77,1364.92,1327.18,1396.96,1349.19,142000000.0,1669000000.0,-8.58,-0.006319
10260,801231.ZICN,801231,上海申银万国证券研究所有限公司,申万综合Ⅱ,XSHG,2000-03-27,1349.19,1358.28,1330.67,1405.85,1385.56,144000000.0,1723000000.0,36.37,0.026957
10468,801231.ZICN,801231,上海申银万国证券研究所有限公司,申万综合Ⅱ,XSHG,2000-03-28,1385.56,1400.05,1365.07,1432.07,1395.23,153000000.0,1904000000.0,9.67,0.006979000000000001
10676,801231.ZICN,801231,上海申银万国证券研究所有限公司,申万综合Ⅱ,XSHG,2000-03-29,1395.23,1397.72,1349.81,1427.38,1389.8,154000000.0,1859000000.0,-5.43,-0.003892
10884,801231.ZICN,801231,上海申银万国证券研究所有限公司,申万综合Ⅱ,XSHG,2000-03-30,1389.8,1393.17,1363.62,1429.61,1408.11,114000000.0,1400000000.0,18.31,0.013175
11092,801231.ZICN,801231,上海申银万国证券研究所有限公司,申万综合Ⅱ,XSHG,2000-03-31,1408.11,1401.06,1365.79,1426.76,1390.26,107000000.0,1299000000.0,-17.85,-0.012676999999999999
11300,801231.ZICN,801231,上海申银万国证券研究所有限公司,申万综合Ⅱ,XSHG,2000-04-03,1390.26,1387.28,1354.72,1411.7,1373.62,90000000.0,1049000000.0,-16.64,-0.011969
11508,801231.ZICN,801231,上海申银万国证券研究所有限公司,申万综合Ⅱ,XSHG,2000-04-04,1373.62,1367.54,1327.27,1383.56,1347.81,85000000.0,979000000.0,-25.81,-0.01879
11716,801231.ZICN,801231,上海申银万国证券研究所有限公司,申万综合Ⅱ,XSHG,2000-04-05,1347.81,1343.61,1324.79,1380.12,1353.47,61000000.0,722000000.0,5.66,0.0041990000000000005
11925,801231.ZICN,801231,上海申银万国证券研究所有限公司,申万综合Ⅱ,XSHG,2000-04-06,1353.47,1354.94,1347.16,1404.85,1390.61,72000000.0,978000000.0,37.14,0.027441000000000004
12134,801231.ZICN,801231,上海申银万国证券研究所有限公司,申万综合Ⅱ,XSHG,2000-04-07,1390.61,1394.46,1370.07,1417.08,1388.53,76000000.0,974000000.0,-2.08,-0.0014960000000000002
12343,801231.ZICN,801231,上海申银万国证券研究所有限公司,申万综合Ⅱ,XSHG,2000-04-10,1388.53,1394.27,1364.86,1413.36,1391.39,67000000.0,898000000.0,2.86,0.00206
12552,801231.ZICN,801231,上海申银万国证券研究所有限公司,申万综合Ⅱ,XSHG,2000-04-11,1391.39,1396.7,1368.58,1424.54,1395.72,70000000.0,878000000.0,4.33,0.003112
12761,801231.ZICN,801231,上海申银万国证券研究所有限公司,申万综合Ⅱ,XSHG,2000-04-12,1395.72,1393.83,1360.57,1412.14,1379.42,55000000.0,665000000.0,-16.3,-0.011679
12970,801231.ZICN,801231,上海申银万国证券研究所有限公司,申万综合Ⅱ,XSHG,2000-04-13,1379.42,1380.28,1362.77,1412.01,1389.26,74000000.0,973000000.0,9.84,0.007133
13179,801231.ZICN,801231,上海申银万国证券研究所有限公司,申万综合Ⅱ,XSHG,2000-04-14,1389.26,1394.78,1365.24,1414.49,1387.84,89000000.0,1124000000.0,-1.42,-0.0010220000000000001
13388,801231.ZICN,801231,上海申银万国证券研究所有限公司,申万综合Ⅱ,XSHG,2000-04-17,1387.84,1384.76,1337.61,1403.15,1365.89,130000000.0,1727000000.0,-21.95,-0.015816
13597,801231.ZICN,801231,上海申银万国证券研究所有限公司,申万综合Ⅱ,XSHG,2000-04-18,1365.89,1371.77,1344.29,1397.06,1374.52,52000000.0,693000000.0,8.63,0.006318
13806,801231.ZICN,801231,上海申银万国证券研究所有限公司,申万综合Ⅱ,XSHG,2000-04-19,1374.52,1380.35,1363.05,1419.28,1393.05,72000000.0,924000000.0,18.53,0.013481
14015,801231.ZICN,801231,上海申银万国证券研究所有限公司,申万综合Ⅱ,XSHG,2000-04-20,1393.05,1395.4,1374.9,1441.78,1418.9,108000000.0,1367000000.0,25.85,0.018556
14224,801231.ZICN,801231,上海申银万国证券研究所有限公司,申万综合Ⅱ,XSHG,2000-04-21,1418.9,1424.36,1396.97,1468.64,1423.89,121000000.0,1598000000.0,4.99,0.003517
14433,801231.ZICN,801231,上海申银万国证券研究所有限公司,申万综合Ⅱ,XSHG,2000-04-24,1423.89,1429.57,1398.47,1459.4,1425.15,102000000.0,1413000000.0,1.26,0.0008849999999999999
14642,801231.ZICN,801231,上海申银万国证券研究所有限公司,申万综合Ⅱ,XSHG,2000-04-25,1425.15,1425.95,1388.65,1447.15,1411.53,59000000.0,920000000.0,-13.62,-0.009557
14851,801231.ZICN,801231,上海申银万国证券研究所有限公司,申万综合Ⅱ,XSHG,2000-04-26,1411.53,1412.7,1383.14,1438.25,1397.8,71000000.0,949000000.0,-13.73,-0.009727
15060,801231.ZICN,801231,上海申银万国证券研究所有限公司,申万综合Ⅱ,XSHG,2000-04-27,1397.8,1396.73,1365.84,1417.48,1384.66,85000000.0,1093000000.0,-13.14,-0.0094
15269,801231.ZICN,801231,上海申银万国证券研究所有限公司,申万综合Ⅱ,XSHG,2000-04-28,1384.66,1387.32,1361.75,1419.66,1402.45,69000000.0,978000000.0,17.79,0.012847999999999998
15478,801231.ZICN,801231,上海申银万国证券研究所有限公司,申万综合Ⅱ,XSHG,2000-05-08,1402.45,1402.87,1374.36,1435.59,1403.81,81000000.0,957000000.0,1.36,0.0009699999999999999
15687,801231.ZICN,801231,上海申银万国证券研究所有限公司,申万综合Ⅱ,XSHG,2000-05-09,1403.81,1402.31,1366.57,1422.74,1388.1,67000000.0,843000000.0,-15.71,-0.011191
15896,801231.ZICN,801231,上海申银万国证券研究所有限公司,申万综合Ⅱ,XSHG,2000-05-10,1388.1,1383.61,1340.7,1396.58,1349.13,66000000.0,781000000.0,-38.97,-0.028074
16105,801231.ZICN,801231,上海申银万国证券研究所有限公司,申万综合Ⅱ,XSHG,2000-05-11,1349.13,1346.66,1303.64,1366.77,1319.58,47000000.0,568000000.0,-29.55,-0.021903
16314,801231.ZICN,801231,上海申银万国证券研究所有限公司,申万综合Ⅱ,XSHG,2000-05-12,1319.58,1323.07,1298.06,1353.08,1322.42,56000000.0,632000000.0,2.84,0.002152
16523,801231.ZICN,801231,上海申银万国证券研究所有限公司,申万综合Ⅱ,XSHG,2000-05-15,1322.42,1325.12,1291.93,1354.18,1314.3,61000000.0,688000000.0,-8.12,-0.00614
16732,801231.ZICN,801231,上海申银万国证券研究所有限公司,申万综合Ⅱ,XSHG,2000-05-16,1314.3,1317.51,1305.25,1355.16,1334.34,45000000.0,545000000.0,20.04,0.015248
16941,801231.ZICN,801231,上海申银万国证券研究所有限公司,申万综合Ⅱ,XSHG,2000-05-17,1334.34,1336.79,1320.06,1363.82,1341.75,46000000.0,549000000.0,7.41,0.005553
17150,801231.ZICN,801231,上海申银万国证券研究所有限公司,申万综合Ⅱ,XSHG,2000-05-18,1341.75,1340.5,1325.75,1386.46,1378.73,60000000.0,752000000.0,36.98,0.027561000000000002
17359,801231.ZICN,801231,上海申银万国证券研究所有限公司,申万综合Ⅱ,XSHG,2000-05-19,1378.73,1383.24,1358.99,1412.93,1393.33,104000000.0,1255000000.0,14.6,0.010589
17568,801231.ZICN,801231,上海申银万国证券研究所有限公司,申万综合Ⅱ,XSHG,2000-05-22,1393.33,1402.94,1382.81,1457.23,1433.56,131000000.0,1585000000.0,40.23,0.028873000000000003
17777,801231.ZICN,801231,上海申银万国证券研究所有限公司,申万综合Ⅱ,XSHG,2000-05-23,1433.56,1438.39,1401.73,1461.44,1431.32,77000000.0,961000000.0,-2.24,-0.0015630000000000002
17986,801231.ZICN,801231,上海申银万国证券研究所有限公司,申万综合Ⅱ,XSHG,2000-05-24,1431.32,1434.05,1417.48,1477.68,1449.73,86000000.0,1099000000.0,18.41,0.012862
18195,801231.ZICN,801231,上海申银万国证券研究所有限公司,申万综合Ⅱ,XSHG,2000-05-25,1449.73,1452.25,1434.05,1483.86,1464.15,72000000.0,973000000.0,14.42,0.009947
18404,801231.ZICN,801231,上海申银万国证券研究所有限公司,申万综合Ⅱ,XSHG,2000-05-26,1464.15,1472.26,1436.81,1494.97,1460.45,78000000.0,1111000000.0,-3.7,-0.002527
18613,801231.ZICN,801231,上海申银万国证券研究所有限公司,申万综合Ⅱ,XSHG,2000-05-29,1460.45,1461.22,1433.01,1487.03,1457.33,73000000.0,973000000.0,-3.12,-0.002136
18822,801231.ZICN,801231,上海申银万国证券研究所有限公司,申万综合Ⅱ,XSHG,2000-05-30,1457.33,1459.55,1429.84,1499.7,1459.5,81000000.0,1074000000.0,2.17,0.001489
19031,801231.ZICN,801231,上海申银万国证券研究所有限公司,申万综合Ⅱ,XSHG,2000-05-31,1459.5,1456.52,1435.49,1494.03,1470.04,80000000.0,1038000000.0,10.54,0.007222
19240,801231.ZICN,801231,上海申银万国证券研究所有限公司,申万综合Ⅱ,XSHG,2000-06-01,1470.04,1475.12,1445.04,1504.65,1471.19,59000000.0,786000000.0,1.15,0.000782
19449,801231.ZICN,801231,上海申银万国证券研究所有限公司,申万综合Ⅱ,XSHG,2000-06-02,1471.19,1475.42,1447.92,1499.93,1475.99,58000000.0,786000000.0,4.8,0.0032630000000000003
19658,801231.ZICN,801231,上海申银万国证券研究所有限公司,申万综合Ⅱ,XSHG,2000-06-05,1475.99,1479.24,1440.65,1511.08,1466.14,86000000.0,1133000000.0,-9.85,-0.006673
19867,801231.ZICN,801231,上海申银万国证券研究所有限公司,申万综合Ⅱ,XSHG,2000-06-06,1466.14,1465.84,1449.7,1498.61,1483.87,56000000.0,784000000.0,17.73,0.012093000000000001
20076,801231.ZICN,801231,上海申银万国证券研究所有限公司,申万综合Ⅱ,XSHG,2000-06-07,1483.87,1489.53,1463.29,1519.34,1485.31,67000000.0,917000000.0,1.44,0.0009699999999999999
20285,801231.ZICN,801231,上海申银万国证券研究所有限公司,申万综合Ⅱ,XSHG,2000-06-08,1485.31,1480.24,1445.42,1501.92,1469.91,72000000.0,871000000.0,-15.4,-0.010368
20494,801231.ZICN,801231,上海申银万国证券研究所有限公司,申万综合Ⅱ,XSHG,2000-06-09,1469.91,1474.19,1444.66,1494.0,1461.62,73000000.0,838000000.0,-8.29,-0.00564
20703,801231.ZICN,801231,上海申银万国证券研究所有限公司,申万综合Ⅱ,XSHG,2000-06-12,1461.62,1456.61,1435.54,1483.4,1471.8,47000000.0,598000000.0,10.18,0.006965000000000001
20912,801231.ZICN,801231,上海申银万国证券研究所有限公司,申万综合Ⅱ,XSHG,2000-06-13,1471.8,1476.89,1457.89,1505.62,1487.24,55000000.0,713000000.0,15.44,0.010491
21121,801231.ZICN,801231,上海申银万国证券研究所有限公司,申万综合Ⅱ,XSHG,2000-06-14,1487.24,1492.49,1467.36,1512.83,1484.9,70000000.0,847000000.0,-2.34,-0.001573
21330,801231.ZICN,801231,上海申银万国证券研究所有限公司,申万综合Ⅱ,XSHG,2000-06-15,1484.9,1485.81,1462.82,1517.37,1498.69,70000000.0,927000000.0,13.79,0.009287
21539,801231.ZICN,801231,上海申银万国证券研究所有限公司,申万综合Ⅱ,XSHG,2000-06-16,1498.69,1500.22,1467.93,1516.28,1481.37,51000000.0,724000000.0,-17.32,-0.011557
21748,801231.ZICN,801231,上海申银万国证券研究所有限公司,申万综合Ⅱ,XSHG,2000-06-19,1481.37,1475.97,1444.83,1494.19,1467.11,46000000.0,640000000.0,-14.26,-0.009626000000000001
21957,801231.ZICN,801231,上海申银万国证券研究所有限公司,申万综合Ⅱ,XSHG,2000-06-20,1467.11,1460.9,1431.58,1479.86,1451.26,41000000.0,547000000.0,-15.85,-0.010804000000000001
22166,801231.ZICN,801231,上海申银万国证券研究所有限公司,申万综合Ⅱ,XSHG,2000-06-21,1451.26,1450.64,1437.5,1486.39,1470.82,32000000.0,496000000.0,19.56,0.013478
22375,801231.ZICN,801231,上海申银万国证券研究所有限公司,申万综合Ⅱ,XSHG,2000-06-22,1470.82,1472.08,1452.02,1506.0,1483.77,34000000.0,566000000.0,12.95,0.008805
22584,801231.ZICN,801231,上海申银万国证券研究所有限公司,申万综合Ⅱ,XSHG,2000-06-23,1483.77,1483.18,1461.9,1525.85,1501.49,53000000.0,891000000.0,17.72,0.011943
22793,801231.ZICN,801231,上海申银万国证券研究所有限公司,申万综合Ⅱ,XSHG,2000-06-26,1501.49,1507.24,1478.37,1526.54,1495.14,53000000.0,805000000.0,-6.35,-0.004229
23002,801231.ZICN,801231,上海申银万国证券研究所有限公司,申万综合Ⅱ,XSHG,2000-06-27,1495.14,1496.05,1465.9,1518.47,1484.46,68000000.0,832000000.0,-10.68,-0.007143000000000001
23211,801231.ZICN,801231,上海申银万国证券研究所有限公司,申万综合Ⅱ,XSHG,2000-06-28,1484.46,1490.16,1470.23,1518.84,1495.85,48000000.0,651000000.0,11.39,0.007673
23420,801231.ZICN,801231,上海申银万国证券研究所有限公司,申万综合Ⅱ,XSHG,2000-06-29,1495.85,1499.98,1472.97,1524.44,1496.83,44000000.0,615000000.0,0.98,0.000655
23630,801231.ZICN,801231,上海申银万国证券研究所有限公司,申万综合Ⅱ,XSHG,2000-06-30,1496.83,1496.67,1464.47,1519.45,1483.49,54000000.0,687000000.0,-13.34,-0.008912
23840,801231.ZICN,801231,上海申银万国证券研究所有限公司,申万综合Ⅱ,XSHG,2000-07-03,1483.49,1476.85,1436.86,1495.62,1461.95,54000000.0,653000000.0,-21.54,-0.014519999999999998
24050,801231.ZICN,801231,上海申银万国证券研究所有限公司,申万综合Ⅱ,XSHG,2000-07-04,1461.95,1458.19,1438.67,1482.86,1466.71,32000000.0,399000000.0,4.76,0.003256
24260,801231.ZICN,801231,上海申银万国证券研究所有限公司,申万综合Ⅱ,XSHG,2000-07-05,1466.71,1471.49,1449.83,1495.59,1472.98,43000000.0,509000000.0,6.27,0.004275
24470,801231.ZICN,801231,上海申银万国证券研究所有限公司,申万综合Ⅱ,XSHG,2000-07-06,1472.98,1473.74,1450.98,1494.6,1469.27,51000000.0,601000000.0,-3.71,-0.002519
24680,801231.ZICN,801231,上海申银万国证券研究所有限公司,申万综合Ⅱ,XSHG,2000-07-07,1469.27,1467.52,1455.93,1496.99,1481.19,49000000.0,647000000.0,11.92,0.008112999999999999
24890,801231.ZICN,801231,上海申银万国证券研究所有限公司,申万综合Ⅱ,XSHG,2000-07-10,1481.19,1482.56,1452.62,1506.73,1483.19,72000000.0,975000000.0,2.0,0.00135
25100,801231.ZICN,801231,上海申银万国证券研究所有限公司,申万综合Ⅱ,XSHG,2000-07-11,1483.19,1484.68,1464.2,1517.09,1500.75,65000000.0,858000000.0,17.56,0.011839
25310,801231.ZICN,801231,上海申银万国证券研究所有限公司,申万综合Ⅱ,XSHG,2000-07-12,1500.75,1506.41,1478.53,1524.16,1493.14,66000000.0,896000000.0,-7.61,-0.005071
25520,801231.ZICN,801231,上海申银万国证券研究所有限公司,申万综合Ⅱ,XSHG,2000-07-13,1493.14,1494.48,1465.32,1521.08,1493.53,69000000.0,944000000.0,0.39,0.000261
25730,801231.ZICN,801231,上海申银万国证券研究所有限公司,申万综合Ⅱ,XSHG,2000-07-14,1493.53,1497.72,1474.32,1533.62,1508.81,85000000.0,1225000000.0,15.28,0.010231
25940,801231.ZICN,801231,上海申银万国证券研究所有限公司,申万综合Ⅱ,XSHG,2000-07-17,1508.81,1528.36,1493.03,1551.63,1521.4,103000000.0,1509000000.0,12.59,0.008343999999999999
26150,801231.ZICN,801231,上海申银万国证券研究所有限公司,申万综合Ⅱ,XSHG,2000-07-18,1521.4,1525.98,1502.49,1549.38,1532.08,68000000.0,992000000.0,10.68,0.00702
26360,801231.ZICN,801231,上海申银万国证券研究所有限公司,申万综合Ⅱ,XSHG,2000-07-19,1532.08,1538.93,1517.88,1562.93,1536.67,69000000.0,1034000000.0,4.59,0.002996
26570,801231.ZICN,801231,上海申银万国证券研究所有限公司,申万综合Ⅱ,XSHG,2000-07-20,1536.67,1534.66,1504.31,1548.54,1520.92,58000000.0,811000000.0,-15.75,-0.010249
26780,801231.ZICN,801231,上海申银万国证券研究所有限公司,申万综合Ⅱ,XSHG,2000-07-21,1520.92,1524.44,1514.12,1556.92,1531.03,59000000.0,827000000.0,10.11,0.006647
26990,801231.ZICN,801231,上海申银万国证券研究所有限公司,申万综合Ⅱ,XSHG,2000-07-24,1531.03,1536.84,1511.75,1550.67,1526.98,65000000.0,806000000.0,-4.05,-0.0026449999999999998
27200,801231.ZICN,801231,上海申银万国证券研究所有限公司,申万综合Ⅱ,XSHG,2000-07-25,1526.98,1527.04,1504.54,1553.87,1532.04,49000000.0,701000000.0,5.06,0.003314
27410,801231.ZICN,801231,上海申银万国证券研究所有限公司,申万综合Ⅱ,XSHG,2000-07-26,1532.04,1534.74,1518.01,1561.4,1541.44,51000000.0,721000000.0,9.4,0.006136
27620,801231.ZICN,801231,上海申银万国证券研究所有限公司,申万综合Ⅱ,XSHG,2000-07-27,1541.44,1542.89,1517.44,1568.77,1539.33,74000000.0,966000000.0,-2.11,-0.001369
27830,801231.ZICN,801231,上海申银万国证券研究所有限公司,申万综合Ⅱ,XSHG,2000-07-28,1539.33,1546.48,1516.67,1570.44,1544.45,69000000.0,932000000.0,5.12,0.003326
28040,801231.ZICN,801231,上海申银万国证券研究所有限公司,申万综合Ⅱ,XSHG,2000-07-31,1544.45,1546.93,1527.81,1577.37,1558.95,85000000.0,1147000000.0,14.5,0.009387999999999999
28250,801231.ZICN,801231,上海申银万国证券研究所有限公司,申万综合Ⅱ,XSHG,2000-08-01,1558.95,1560.35,1540.54,1584.49,1559.27,61000000.0,838000000.0,0.32,0.000205
28460,801231.ZICN,801231,上海申银万国证券研究所有限公司,申万综合Ⅱ,XSHG,2000-08-02,1559.27,1566.83,1535.74,1588.89,1558.73,70000000.0,996000000.0,-0.54,-0.000346
28670,801231.ZICN,801231,上海申银万国证券研究所有限公司,申万综合Ⅱ,XSHG,2000-08-03,1558.73,1561.59,1531.23,1585.74,1560.62,68000000.0,1018000000.0,1.89,0.001213
28880,801231.ZICN,801231,上海申银万国证券研究所有限公司,申万综合Ⅱ,XSHG,2000-08-04,1560.62,1560.34,1535.33,1585.72,1554.7,73000000.0,1014000000.0,-5.92,-0.003793
29090,801231.ZICN,801231,上海申银万国证券研究所有限公司,申万综合Ⅱ,XSHG,2000-08-07,1554.7,1553.46,1535.76,1578.89,1564.63,52000000.0,700000000.0,9.93,0.0063869999999999994
29300,801231.ZICN,801231,上海申银万国证券研究所有限公司,申万综合Ⅱ,XSHG,2000-08-08,1564.63,1566.82,1553.22,1596.55,1581.43,60000000.0,872000000.0,16.8,0.010737
29510,801231.ZICN,801231,上海申银万国证券研究所有限公司,申万综合Ⅱ,XSHG,2000-08-09,1581.43,1585.1,1561.44,1606.8,1590.16,71000000.0,1058000000.0,8.73,0.005520000000000001
29720,801231.ZICN,801231,上海申银万国证券研究所有限公司,申万综合Ⅱ,XSHG,2000-08-10,1590.16,1595.55,1574.3,1626.02,1603.16,97000000.0,1472000000.0,13.0,0.008175
29930,801231.ZICN,801231,上海申银万国证券研究所有限公司,申万综合Ⅱ,XSHG,2000-08-11,1603.16,1608.05,1573.15,1630.68,1593.72,78000000.0,1226000000.0,-9.44,-0.005888
30140,801231.ZICN,801231,上海申银万国证券研究所有限公司,申万综合Ⅱ,XSHG,2000-08-14,1593.72,1596.57,1577.35,1629.62,1607.73,66000000.0,1029000000.0,14.01,0.008791
30350,801231.ZICN,801231,上海申银万国证券研究所有限公司,申万综合Ⅱ,XSHG,2000-08-15,1607.73,1608.94,1580.75,1632.42,1607.73,66000000.0,994000000.0,0.0,0.0
30560,801231.ZICN,801231,上海申银万国证券研究所有限公司,申万综合Ⅱ,XSHG,2000-08-16,1607.73,1608.82,1585.11,1630.18,1608.68,62000000.0,868000000.0,0.95,0.000591
30770,801231.ZICN,801231,上海申银万国证券研究所有限公司,申万综合Ⅱ,XSHG,2000-08-17,1608.68,1608.89,1584.51,1630.15,1608.2,70000000.0,976000000.0,-0.48,-0.000298
30980,801231.ZICN,801231,上海申银万国证券研究所有限公司,申万综合Ⅱ,XSHG,2000-08-18,1608.2,1608.0,1590.55,1627.87,1612.35,64000000.0,907000000.0,4.15,0.002581
31190,801231.ZICN,801231,上海申银万国证券研究所有限公司,申万综合Ⅱ,XSHG,2000-08-21,1612.35,1613.81,1595.63,1649.69,1625.83,79000000.0,1070000000.0,13.48,0.00836
31400,801231.ZICN,801231,上海申银万国证券研究所有限公司,申万综合Ⅱ,XSHG,2000-08-22,1625.83,1627.01,1579.61,1639.88,1590.15,56000000.0,791000000.0,-35.68,-0.021946
31610,801231.ZICN,801231,上海申银万国证券研究所有限公司,申万综合Ⅱ,XSHG,2000-08-23,1590.15,1576.62,1509.2,1601.91,1569.58,97000000.0,1336000000.0,-20.57,-0.012936000000000001
31820,801231.ZICN,801231,上海申银万国证券研究所有限公司,申万综合Ⅱ,XSHG,2000-08-24,1569.58,1569.62,1542.92,1594.8,1571.86,62000000.0,876000000.0,2.28,0.0014529999999999999
32030,801231.ZICN,801231,上海申银万国证券研究所有限公司,申万综合Ⅱ,XSHG,2000-08-25,1571.86,1573.27,1559.59,1601.42,1590.96,48000000.0,720000000.0,19.1,0.012151
32240,801231.ZICN,801231,上海申银万国证券研究所有限公司,申万综合Ⅱ,XSHG,2000-08-28,1590.96,1593.37,1574.87,1620.92,1601.95,59000000.0,961000000.0,10.99,0.006908
32450,801231.ZICN,801231,上海申银万国证券研究所有限公司,申万综合Ⅱ,XSHG,2000-08-29,1601.95,1605.8,1582.75,1622.03,1598.75,44000000.0,676000000.0,-3.2,-0.001998
32660,801231.ZICN,801231,上海申银万国证券研究所有限公司,申万综合Ⅱ,XSHG,2000-08-30,1598.75,1599.1,1567.31,1616.94,1576.96,49000000.0,736000000.0,-21.79,-0.013628999999999999
32870,801231.ZICN,801231,上海申银万国证券研究所有限公司,申万综合Ⅱ,XSHG,2000-08-31,1576.96,1567.58,1522.11,1588.61,1543.43,58000000.0,846000000.0,-33.53,-0.021262
33080,801231.ZICN,801231,上海申银万国证券研究所有限公司,申万综合Ⅱ,XSHG,2000-09-01,1543.43,1527.95,1510.79,1559.82,1528.0,44000000.0,642000000.0,-15.43,-0.009997
33290,801231.ZICN,801231,上海申银万国证券研究所有限公司,申万综合Ⅱ,XSHG,2000-09-04,1528.0,1522.19,1498.94,1545.67,1530.2,47000000.0,682000000.0,2.2,0.00144
33500,801231.ZICN,801231,上海申银万国证券研究所有限公司,申万综合Ⅱ,XSHG,2000-09-05,1530.2,1530.8,1486.75,1548.96,1495.73,40000000.0,560000000.0,-34.47,-0.022525999999999997
33710,801231.ZICN,801231,上海申银万国证券研究所有限公司,申万综合Ⅱ,XSHG,2000-09-06,1495.73,1487.64,1460.51,1512.3,1474.19,39000000.0,539000000.0,-21.54,-0.014400999999999999
33920,801231.ZICN,801231,上海申银万国证券研究所有限公司,申万综合Ⅱ,XSHG,2000-09-07,1474.19,1477.08,1466.94,1519.38,1491.08,33000000.0,482000000.0,16.89,0.011457
34130,801231.ZICN,801231,上海申银万国证券研究所有限公司,申万综合Ⅱ,XSHG,2000-09-08,1491.08,1494.78,1470.0,1514.36,1495.93,24000000.0,344000000.0,4.85,0.0032530000000000002
34340,801231.ZICN,801231,上海申银万国证券研究所有限公司,申万综合Ⅱ,XSHG,2000-09-11,1495.93,1500.18,1472.48,1517.39,1500.34,25000000.0,358000000.0,4.41,0.002948
34550,801231.ZICN,801231,上海申银万国证券研究所有限公司,申万综合Ⅱ,XSHG,2000-09-12,1500.34,1504.74,1482.79,1528.32,1509.61,33000000.0,492000000.0,9.27,0.006179
34760,801231.ZICN,801231,上海申银万国证券研究所有限公司,申万综合Ⅱ,XSHG,2000-09-13,1509.61,1508.36,1491.87,1529.16,1509.74,36000000.0,538000000.0,0.13,8.6e-05
34970,801231.ZICN,801231,上海申银万国证券研究所有限公司,申万综合Ⅱ,XSHG,2000-09-14,1509.74,1507.89,1483.4,1531.6,1506.81,29000000.0,479000000.0,-2.93,-0.001941
35180,801231.ZICN,801231,上海申银万国证券研究所有限公司,申万综合Ⅱ,XSHG,2000-09-15,1506.81,1505.85,1477.18,1517.09,1495.14,24000000.0,377000000.0,-11.67,-0.007745
35390,801231.ZICN,801231,上海申银万国证券研究所有限公司,申万综合Ⅱ,XSHG,2000-09-18,1495.14,1494.15,1456.8,1510.07,1469.67,25000000.0,396000000.0,-25.47,-0.017034999999999998
35600,801231.ZICN,801231,上海申银万国证券研究所有限公司,申万综合Ⅱ,XSHG,2000-09-19,1469.67,1461.38,1415.81,1470.04,1432.24,29000000.0,395000000.0,-37.43,-0.025468
35810,801231.ZICN,801231,上海申银万国证券研究所有限公司,申万综合Ⅱ,XSHG,2000-09-20,1432.24,1427.84,1407.77,1463.45,1439.7,25000000.0,395000000.0,7.46,0.005209
36020,801231.ZICN,801231,上海申银万国证券研究所有限公司,申万综合Ⅱ,XSHG,2000-09-21,1439.7,1442.55,1418.51,1458.98,1430.6,23000000.0,333000000.0,-9.1,-0.006321
36230,801231.ZICN,801231,上海申银万国证券研究所有限公司,申万综合Ⅱ,XSHG,2000-09-22,1430.6,1427.24,1403.57,1442.43,1419.32,20000000.0,281000000.0,-11.28,-0.007885
36440,801231.ZICN,801231,上海申银万国证券研究所有限公司,申万综合Ⅱ,XSHG,2000-09-25,1419.32,1416.13,1393.43,1432.2,1404.75,16000000.0,210000000.0,-14.57,-0.010265
36650,801231.ZICN,801231,上海申银万国证券研究所有限公司,申万综合Ⅱ,XSHG,2000-09-26,1404.75,1408.42,1400.46,1436.44,1419.93,14000000.0,194000000.0,15.18,0.010806
36860,801231.ZICN,801231,上海申银万国证券研究所有限公司,申万综合Ⅱ,XSHG,2000-09-27,1419.93,1423.95,1410.69,1438.77,1430.14,13000000.0,175000000.0,10.21,0.00719
37070,801231.ZICN,801231,上海申银万国证券研究所有限公司,申万综合Ⅱ,XSHG,2000-09-28,1430.14,1431.61,1400.72,1437.93,1411.29,15000000.0,206000000.0,-18.85,-0.013181
37280,801231.ZICN,801231,上海申银万国证券研究所有限公司,申万综合Ⅱ,XSHG,2000-09-29,1411.29,1409.93,1401.11,1436.14,1424.88,17000000.0,231000000.0,13.59,0.009629
37490,801231.ZICN,801231,上海申银万国证券研究所有限公司,申万综合Ⅱ,XSHG,2000-10-09,1424.88,1429.36,1404.5,1454.07,1436.41,24000000.0,337000000.0,11.53,0.008092
37700,801231.ZICN,801231,上海申银万国证券研究所有限公司,申万综合Ⅱ,XSHG,2000-10-10,1436.41,1438.86,1426.16,1471.88,1458.85,28000000.0,386000000.0,22.44,0.015622
37910,801231.ZICN,801231,上海申银万国证券研究所有限公司,申万综合Ⅱ,XSHG,2000-10-11,1458.85,1461.68,1434.13,1480.72,1446.95,34000000.0,488000000.0,-11.9,-0.008157
38120,801231.ZICN,801231,上海申银万国证券研究所有限公司,申万综合Ⅱ,XSHG,2000-10-12,1446.95,1442.72,1417.59,1467.02,1445.57,35000000.0,490000000.0,-1.38,-0.0009539999999999999
38330,801231.ZICN,801231,上海申银万国证券研究所有限公司,申万综合Ⅱ,XSHG,2000-10-13,1445.57,1447.06,1417.9,1474.97,1445.15,41000000.0,633000000.0,-0.42,-0.000291
38540,801231.ZICN,801231,上海申银万国证券研究所有限公司,申万综合Ⅱ,XSHG,2000-10-16,1445.15,1441.5,1407.12,1452.86,1419.23,27000000.0,389000000.0,-25.92,-0.017936
38750,801231.ZICN,801231,上海申银万国证券研究所有限公司,申万综合Ⅱ,XSHG,2000-10-17,1419.23,1416.08,1397.71,1442.79,1426.49,21000000.0,316000000.0,7.26,0.005115
38960,801231.ZICN,801231,上海申银万国证券研究所有限公司,申万综合Ⅱ,XSHG,2000-10-18,1426.49,1426.57,1411.61,1453.75,1439.32,26000000.0,410000000.0,12.83,0.008994
39170,801231.ZICN,801231,上海申银万国证券研究所有限公司,申万综合Ⅱ,XSHG,2000-10-19,1439.32,1443.07,1417.65,1456.28,1427.54,23000000.0,334000000.0,-11.78,-0.008184
39380,801231.ZICN,801231,上海申银万国证券研究所有限公司,申万综合Ⅱ,XSHG,2000-10-20,1427.54,1427.94,1415.27,1471.95,1458.18,43000000.0,681000000.0,30.64,0.021463
39590,801231.ZICN,801231,上海申银万国证券研究所有限公司,申万综合Ⅱ,XSHG,2000-10-23,1458.18,1463.56,1440.64,1482.21,1463.25,41000000.0,632000000.0,5.07,0.0034770000000000005
39800,801231.ZICN,801231,上海申银万国证券研究所有限公司,申万综合Ⅱ,XSHG,2000-10-24,1463.25,1465.52,1441.22,1479.27,1460.33,36000000.0,531000000.0,-2.92,-0.001996
40010,801231.ZICN,801231,上海申银万国证券研究所有限公司,申万综合Ⅱ,XSHG,2000-10-25,1460.33,1460.88,1443.53,1483.11,1467.66,39000000.0,585000000.0,7.33,0.005019
40220,801231.ZICN,801231,上海申银万国证券研究所有限公司,申万综合Ⅱ,XSHG,2000-10-26,1467.66,1468.73,1443.57,1478.54,1454.7,29000000.0,421000000.0,-12.96,-0.00883
40430,801231.ZICN,801231,上海申银万国证券研究所有限公司,申万综合Ⅱ,XSHG,2000-10-27,1454.7,1452.27,1432.37,1467.79,1448.35,25000000.0,346000000.0,-6.35,-0.004365
40640,801231.ZICN,801231,上海申银万国证券研究所有限公司,申万综合Ⅱ,XSHG,2000-10-30,1448.35,1445.56,1424.51,1461.08,1444.19,31000000.0,428000000.0,-4.16,-0.002872
40850,801231.ZICN,801231,上海申银万国证券研究所有限公司,申万综合Ⅱ,XSHG,2000-10-31,1444.19,1447.19,1427.12,1461.37,1438.23,26000000.0,373000000.0,-5.96,-0.0041270000000000005
41060,801231.ZICN,801231,上海申银万国证券研究所有限公司,申万综合Ⅱ,XSHG,2000-11-01,1438.23,1437.89,1424.07,1457.33,1446.91,26000000.0,386000000.0,8.68,0.006035
41270,801231.ZICN,801231,上海申银万国证券研究所有限公司,申万综合Ⅱ,XSHG,2000-11-02,1446.91,1448.52,1439.26,1475.63,1457.49,29000000.0,423000000.0,10.58,0.007312000000000001
41480,801231.ZICN,801231,上海申银万国证券研究所有限公司,申万综合Ⅱ,XSHG,2000-11-03,1457.49,1458.16,1438.58,1473.19,1451.08,27000000.0,426000000.0,-6.41,-0.004398
41690,801231.ZICN,801231,上海申银万国证券研究所有限公司,申万综合Ⅱ,XSHG,2000-11-06,1451.08,1451.11,1433.9,1474.24,1457.76,39000000.0,657000000.0,6.68,0.004603
41900,801231.ZICN,801231,上海申银万国证券研究所有限公司,申万综合Ⅱ,XSHG,2000-11-07,1457.76,1459.26,1442.51,1482.05,1463.37,31000000.0,509000000.0,5.61,0.003848
42110,801231.ZICN,801231,上海申银万国证券研究所有限公司,申万综合Ⅱ,XSHG,2000-11-08,1463.37,1465.17,1446.68,1477.66,1464.6,25000000.0,413000000.0,1.23,0.0008410000000000001
42320,801231.ZICN,801231,上海申银万国证券研究所有限公司,申万综合Ⅱ,XSHG,2000-11-09,1464.6,1466.41,1456.63,1493.14,1481.45,39000000.0,562000000.0,16.85,0.011505
42530,801231.ZICN,801231,上海申银万国证券研究所有限公司,申万综合Ⅱ,XSHG,2000-11-10,1481.45,1484.03,1468.6,1509.78,1489.39,61000000.0,864000000.0,7.94,0.00536
42740,801231.ZICN,801231,上海申银万国证券研究所有限公司,申万综合Ⅱ,XSHG,2000-11-13,1489.39,1492.34,1478.72,1517.02,1501.46,55000000.0,799000000.0,12.07,0.008104
42950,801231.ZICN,801231,上海申银万国证券研究所有限公司,申万综合Ⅱ,XSHG,2000-11-14,1501.46,1504.34,1482.91,1526.03,1512.9,58000000.0,803000000.0,11.44,0.007619
43160,801231.ZICN,801231,上海申银万国证券研究所有限公司,申万综合Ⅱ,XSHG,2000-11-15,1512.9,1516.21,1495.32,1539.04,1508.49,52000000.0,762000000.0,-4.41,-0.002915
43370,801231.ZICN,801231,上海申银万国证券研究所有限公司,申万综合Ⅱ,XSHG,2000-11-16,1508.49,1509.7,1493.71,1534.98,1516.68,56000000.0,832000000.0,8.19,0.005429
43580,801231.ZICN,801231,上海申银万国证券研究所有限公司,申万综合Ⅱ,XSHG,2000-11-17,1516.68,1518.52,1497.69,1541.35,1518.2,62000000.0,887000000.0,1.52,0.0010019999999999999
43790,801231.ZICN,801231,上海申银万国证券研究所有限公司,申万综合Ⅱ,XSHG,2000-11-20,1518.2,1516.48,1495.05,1545.89,1534.15,56000000.0,831000000.0,15.95,0.010506
44000,801231.ZICN,801231,上海申银万国证券研究所有限公司,申万综合Ⅱ,XSHG,2000-11-21,1534.15,1536.03,1519.06,1565.86,1536.16,58000000.0,844000000.0,2.01,0.00131
44210,801231.ZICN,801231,上海申银万国证券研究所有限公司,申万综合Ⅱ,XSHG,2000-11-22,1536.16,1534.55,1519.91,1575.85,1558.8,60000000.0,832000000.0,22.64,0.014738
44420,801231.ZICN,801231,上海申银万国证券研究所有限公司,申万综合Ⅱ,XSHG,2000-11-23,1558.8,1564.74,1543.19,1582.86,1561.11,52000000.0,740000000.0,2.31,0.001482
44630,801231.ZICN,801231,上海申银万国证券研究所有限公司,申万综合Ⅱ,XSHG,2000-11-24,1561.11,1562.62,1498.39,1582.16,1518.5,74000000.0,1046000000.0,-42.61,-0.027295
44840,801231.ZICN,801231,上海申银万国证券研究所有限公司,申万综合Ⅱ,XSHG,2000-11-27,1518.5,1504.6,1485.73,1534.78,1513.07,66000000.0,857000000.0,-5.43,-0.0035759999999999998
45050,801231.ZICN,801231,上海申银万国证券研究所有限公司,申万综合Ⅱ,XSHG,2000-11-28,1513.07,1513.12,1502.97,1548.1,1534.12,34000000.0,521000000.0,21.05,0.013912
45260,801231.ZICN,801231,上海申银万国证券研究所有限公司,申万综合Ⅱ,XSHG,2000-11-29,1534.12,1535.82,1502.77,1549.53,1522.33,36000000.0,555000000.0,-11.79,-0.007684999999999999
45470,801231.ZICN,801231,上海申银万国证券研究所有限公司,申万综合Ⅱ,XSHG,2000-11-30,1522.33,1521.47,1501.47,1542.95,1524.53,34000000.0,546000000.0,2.2,0.0014449999999999999
45680,801231.ZICN,801231,上海申银万国证券研究所有限公司,申万综合Ⅱ,XSHG,2000-12-01,1524.53,1524.39,1506.47,1547.01,1526.5,31000000.0,451000000.0,1.97,0.001292
45890,801231.ZICN,801231,上海申银万国证券研究所有限公司,申万综合Ⅱ,XSHG,2000-12-04,1526.5,1525.86,1508.55,1544.57,1528.93,33000000.0,505000000.0,2.43,0.001592
46100,801231.ZICN,801231,上海申银万国证券研究所有限公司,申万综合Ⅱ,XSHG,2000-12-05,1528.93,1529.48,1512.29,1546.82,1527.68,32000000.0,501000000.0,-1.25,-0.0008179999999999999
46310,801231.ZICN,801231,上海申银万国证券研究所有限公司,申万综合Ⅱ,XSHG,2000-12-06,1527.68,1527.98,1497.9,1545.57,1511.79,38000000.0,578000000.0,-15.89,-0.010401
46520,801231.ZICN,801231,上海申银万国证券研究所有限公司,申万综合Ⅱ,XSHG,2000-12-07,1511.79,1509.27,1490.48,1530.46,1510.0,41000000.0,611000000.0,-1.79,-0.001184
46730,801231.ZICN,801231,上海申银万国证券研究所有限公司,申万综合Ⅱ,XSHG,2000-12-08,1510.0,1509.37,1493.31,1533.13,1511.8,35000000.0,544000000.0,1.8,0.001192
46940,801231.ZICN,801231,上海申银万国证券研究所有限公司,申万综合Ⅱ,XSHG,2000-12-11,1511.8,1510.13,1477.33,1526.55,1490.03,31000000.0,458000000.0,-21.77,-0.0144
47150,801231.ZICN,801231,上海申银万国证券研究所有限公司,申万综合Ⅱ,XSHG,2000-12-12,1490.03,1488.35,1476.12,1512.22,1500.54,26000000.0,391000000.0,10.51,0.007054
47360,801231.ZICN,801231,上海申银万国证券研究所有限公司,申万综合Ⅱ,XSHG,2000-12-13,1500.54,1501.6,1484.25,1526.85,1504.94,26000000.0,406000000.0,4.4,0.002932
47570,801231.ZICN,801231,上海申银万国证券研究所有限公司,申万综合Ⅱ,XSHG,2000-12-14,1504.94,1504.52,1477.25,1519.81,1496.67,25000000.0,369000000.0,-8.27,-0.005495
47780,801231.ZICN,801231,上海申银万国证券研究所有限公司,申万综合Ⅱ,XSHG,2000-12-15,1496.67,1500.88,1473.61,1514.16,1490.19,29000000.0,423000000.0,-6.48,-0.00433
47991,801231.ZICN,801231,上海申银万国证券研究所有限公司,申万综合Ⅱ,XSHG,2000-12-18,1490.19,1490.73,1463.48,1512.78,1497.41,40000000.0,742000000.0,7.22,0.004845
48202,801231.ZICN,801231,上海申银万国证券研究所有限公司,申万综合Ⅱ,XSHG,2000-12-19,1497.41,1506.11,1480.2,1524.29,1495.58,33000000.0,614000000.0,-1.83,-0.001222
48413,801231.ZICN,801231,上海申银万国证券研究所有限公司,申万综合Ⅱ,XSHG,2000-12-20,1495.58,1497.02,1483.96,1534.52,1519.73,52000000.0,889000000.0,24.15,0.016148
48624,801231.ZICN,801231,上海申银万国证券研究所有限公司,申万综合Ⅱ,XSHG,2000-12-21,1519.73,1525.25,1512.09,1553.22,1529.76,63000000.0,1044000000.0,10.03,0.0066
48835,801231.ZICN,801231,上海申银万国证券研究所有限公司,申万综合Ⅱ,XSHG,2000-12-22,1529.76,1530.73,1507.71,1547.8,1523.0,44000000.0,738000000.0,-6.76,-0.004419
49046,801231.ZICN,801231,上海申银万国证券研究所有限公司,申万综合Ⅱ,XSHG,2000-12-25,1523.0,1523.57,1502.12,1545.94,1520.4,49000000.0,764000000.0,-2.6,-0.001707
49257,801231.ZICN,801231,上海申银万国证券研究所有限公司,申万综合Ⅱ,XSHG,2000-12-26,1520.4,1521.19,1503.71,1542.89,1525.0,34000000.0,567000000.0,4.6,0.003026
49468,801231.ZICN,801231,上海申银万国证券研究所有限公司,申万综合Ⅱ,XSHG,2000-12-27,1525.0,1525.68,1496.63,1540.6,1505.89,29000000.0,449000000.0,-19.11,-0.012531
49679,801231.ZICN,801231,上海申银万国证券研究所有限公司,申万综合Ⅱ,XSHG,2000-12-28,1505.89,1504.02,1481.98,1522.99,1500.73,29000000.0,460000000.0,-5.16,-0.0034270000000000004
49890,801231.ZICN,801231,上海申银万国证券研究所有限公司,申万综合Ⅱ,XSHG,2000-12-29,1500.73,1503.62,1489.16,1520.95,1504.83,24000000.0,365000000.0,4.1,0.002732
50101,801231.ZICN,801231,上海申银万国证券研究所有限公司,申万综合Ⅱ,XSHG,2001-01-02,1504.83,1509.15,1496.85,1543.5,1528.45,34000000.0,511000000.0,23.62,0.015696
50312,801231.ZICN,801231,上海申银万国证券研究所有限公司,申万综合Ⅱ,XSHG,2001-01-03,1528.45,1533.8,1517.23,1557.66,1543.65,55000000.0,774000000.0,15.2,0.009945
50523,801231.ZICN,801231,上海申银万国证券研究所有限公司,申万综合Ⅱ,XSHG,2001-01-04,1543.65,1550.88,1523.57,1564.85,1541.11,60000000.0,760000000.0,-2.54,-0.001645
50734,801231.ZICN,801231,上海申银万国证券研究所有限公司,申万综合Ⅱ,XSHG,2001-01-05,1541.11,1546.16,1525.85,1568.72,1551.35,49000000.0,718000000.0,10.24,0.006645
50945,801231.ZICN,801231,上海申银万国证券研究所有限公司,申万综合Ⅱ,XSHG,2001-01-08,1551.35,1552.91,1509.04,1563.05,1524.15,55000000.0,784000000.0,-27.2,-0.017533
51156,801231.ZICN,801231,上海申银万国证券研究所有限公司,申万综合Ⅱ,XSHG,2001-01-09,1524.15,1521.97,1500.06,1551.71,1532.72,66000000.0,830000000.0,8.57,0.0056229999999999995
51367,801231.ZICN,801231,上海申银万国证券研究所有限公司,申万综合Ⅱ,XSHG,2001-01-10,1532.72,1531.7,1520.86,1558.77,1545.08,53000000.0,709000000.0,12.36,0.008064
51578,801231.ZICN,801231,上海申银万国证券研究所有限公司,申万综合Ⅱ,XSHG,2001-01-11,1545.08,1544.52,1524.85,1559.42,1536.33,46000000.0,633000000.0,-8.75,-0.0056630000000000005
51789,801231.ZICN,801231,上海申银万国证券研究所有限公司,申万综合Ⅱ,XSHG,2001-01-12,1536.33,1530.92,1508.56,1539.99,1519.4,34000000.0,473000000.0,-16.93,-0.01102
52000,801231.ZICN,801231,上海申银万国证券研究所有限公司,申万综合Ⅱ,XSHG,2001-01-15,1519.4,1513.71,1455.94,1517.07,1466.03,62000000.0,783000000.0,-53.37,-0.035126
52211,801231.ZICN,801231,上海申银万国证券研究所有限公司,申万综合Ⅱ,XSHG,2001-01-16,1466.03,1448.4,1431.95,1475.77,1467.83,28000000.0,407000000.0,1.8,0.001228
52422,801231.ZICN,801231,上海申银万国证券研究所有限公司,申万综合Ⅱ,XSHG,2001-01-17,1467.83,1464.71,1444.0,1476.41,1453.06,36000000.0,726000000.0,-14.77,-0.010062
52633,801231.ZICN,801231,上海申银万国证券研究所有限公司,申万综合Ⅱ,XSHG,2001-01-18,1453.06,1450.63,1438.39,1471.24,1453.89,35000000.0,428000000.0,0.83,0.000571
52844,801231.ZICN,801231,上海申银万国证券研究所有限公司,申万综合Ⅱ,XSHG,2001-01-19,1453.89,1451.98,1445.91,1479.44,1466.83,32000000.0,586000000.0,12.94,0.0089
53055,801231.ZICN,801231,上海申银万国证券研究所有限公司,申万综合Ⅱ,XSHG,2001-02-05,1466.83,1468.63,1421.34,1482.01,1433.05,26000000.0,417000000.0,-33.78,-0.023029
53266,801231.ZICN,801231,上海申银万国证券研究所有限公司,申万综合Ⅱ,XSHG,2001-02-06,1433.05,1426.05,1393.46,1435.62,1419.82,19000000.0,288000000.0,-13.23,-0.009231999999999999
53477,801231.ZICN,801231,上海申银万国证券研究所有限公司,申万综合Ⅱ,XSHG,2001-02-07,1419.82,1422.43,1399.33,1432.63,1407.32,13000000.0,205000000.0,-12.5,-0.008804000000000001
53688,801231.ZICN,801231,上海申银万国证券研究所有限公司,申万综合Ⅱ,XSHG,2001-02-08,1407.32,1403.76,1358.43,1416.92,1369.81,20000000.0,293000000.0,-37.51,-0.026652999999999996
53899,801231.ZICN,801231,上海申银万国证券研究所有限公司,申万综合Ⅱ,XSHG,2001-02-09,1369.81,1370.86,1366.29,1399.65,1388.69,17000000.0,248000000.0,18.88,0.013783000000000002
54110,801231.ZICN,801231,上海申银万国证券研究所有限公司,申万综合Ⅱ,XSHG,2001-02-12,1388.69,1386.2,1360.67,1394.33,1382.74,15000000.0,213000000.0,-5.95,-0.004285
54321,801231.ZICN,801231,上海申银万国证券研究所有限公司,申万综合Ⅱ,XSHG,2001-02-13,1382.74,1382.82,1374.82,1398.32,1384.43,13000000.0,188000000.0,1.69,0.001222
54532,801231.ZICN,801231,上海申银万国证券研究所有限公司,申万综合Ⅱ,XSHG,2001-02-14,1384.43,1382.85,1370.24,1389.57,1380.59,9000000.0,131000000.0,-3.84,-0.002774
54743,801231.ZICN,801231,上海申银万国证券研究所有限公司,申万综合Ⅱ,XSHG,2001-02-15,1380.59,1379.59,1362.81,1390.36,1368.23,11000000.0,172000000.0,-12.36,-0.008953000000000001
54954,801231.ZICN,801231,上海申银万国证券研究所有限公司,申万综合Ⅱ,XSHG,2001-02-16,1368.23,1364.97,1340.69,1376.25,1366.17,50000000.0,436000000.0,-2.06,-0.001506
55165,801231.ZICN,801231,上海申银万国证券研究所有限公司,申万综合Ⅱ,XSHG,2001-02-19,1366.17,1363.02,1351.34,1388.22,1381.37,21000000.0,220000000.0,15.2,0.011126
55376,801231.ZICN,801231,上海申银万国证券研究所有限公司,申万综合Ⅱ,XSHG,2001-02-20,1381.37,1384.42,1362.9,1397.42,1372.78,25000000.0,266000000.0,-8.59,-0.006218
55587,801231.ZICN,801231,上海申银万国证券研究所有限公司,申万综合Ⅱ,XSHG,2001-02-21,1372.78,1368.05,1332.76,1375.63,1343.43,34000000.0,356000000.0,-29.35,-0.02138
55798,801231.ZICN,801231,上海申银万国证券研究所有限公司,申万综合Ⅱ,XSHG,2001-02-22,1343.43,1338.75,1320.34,1355.81,1333.1,16000000.0,197000000.0,-10.33,-0.007689
56009,801231.ZICN,801231,上海申银万国证券研究所有限公司,申万综合Ⅱ,XSHG,2001-02-23,1333.1,1333.89,1319.95,1355.11,1347.95,20000000.0,237000000.0,14.85,0.011139
56220,801231.ZICN,801231,上海申银万国证券研究所有限公司,申万综合Ⅱ,XSHG,2001-02-26,1347.95,1351.7,1335.9,1371.39,1362.65,28000000.0,318000000.0,14.7,0.010905
56431,801231.ZICN,801231,上海申银万国证券研究所有限公司,申万综合Ⅱ,XSHG,2001-02-27,1362.65,1362.41,1347.03,1372.64,1364.23,21000000.0,243000000.0,1.58,0.00116
56642,801231.ZICN,801231,上海申银万国证券研究所有限公司,申万综合Ⅱ,XSHG,2001-02-28,1364.23,1364.37,1344.03,1374.15,1357.31,20000000.0,219000000.0,-6.92,-0.005072
56853,801231.ZICN,801231,上海申银万国证券研究所有限公司,申万综合Ⅱ,XSHG,2001-03-01,1357.31,1356.2,1348.46,1376.02,1364.56,23000000.0,266000000.0,7.25,0.005340999999999999
57064,801231.ZICN,801231,上海申银万国证券研究所有限公司,申万综合Ⅱ,XSHG,2001-03-02,1364.56,1366.65,1359.96,1390.98,1379.91,30000000.0,328000000.0,15.35,0.011249
57275,801231.ZICN,801231,上海申银万国证券研究所有限公司,申万综合Ⅱ,XSHG,2001-03-05,1379.91,1381.66,1367.53,1393.54,1380.24,17000000.0,234000000.0,0.33,0.000239
57486,801231.ZICN,801231,上海申银万国证券研究所有限公司,申万综合Ⅱ,XSHG,2001-03-06,1380.24,1379.09,1360.69,1387.95,1374.91,14000000.0,199000000.0,-5.33,-0.0038619999999999995
57697,801231.ZICN,801231,上海申银万国证券研究所有限公司,申万综合Ⅱ,XSHG,2001-03-07,1374.91,1377.19,1366.28,1391.59,1379.45,16000000.0,208000000.0,4.54,0.0033020000000000002
57908,801231.ZICN,801231,上海申银万国证券研究所有限公司,申万综合Ⅱ,XSHG,2001-03-08,1379.45,1378.08,1370.36,1399.82,1391.23,20000000.0,284000000.0,11.78,0.00854
58119,801231.ZICN,801231,上海申银万国证券研究所有限公司,申万综合Ⅱ,XSHG,2001-03-09,1391.23,1392.34,1380.57,1420.17,1403.04,30000000.0,470000000.0,11.81,0.008489
58330,801231.ZICN,801231,上海申银万国证券研究所有限公司,申万综合Ⅱ,XSHG,2001-03-12,1403.04,1404.42,1385.86,1416.86,1399.08,19000000.0,291000000.0,-3.96,-0.002822
58541,801231.ZICN,801231,上海申银万国证券研究所有限公司,申万综合Ⅱ,XSHG,2001-03-13,1399.08,1396.62,1371.68,1404.25,1384.06,18000000.0,266000000.0,-15.02,-0.010736
58752,801231.ZICN,801231,上海申银万国证券研究所有限公司,申万综合Ⅱ,XSHG,2001-03-14,1384.06,1381.08,1372.93,1405.08,1398.57,20000000.0,283000000.0,14.51,0.010484
58963,801231.ZICN,801231,上海申银万国证券研究所有限公司,申万综合Ⅱ,XSHG,2001-03-15,1398.57,1400.31,1388.93,1415.76,1403.86,24000000.0,325000000.0,5.29,0.003782
59174,801231.ZICN,801231,上海申银万国证券研究所有限公司,申万综合Ⅱ,XSHG,2001-03-16,1403.86,1404.13,1387.35,1422.61,1410.73,29000000.0,402000000.0,6.87,0.004894
59385,801231.ZICN,801231,上海申银万国证券研究所有限公司,申万综合Ⅱ,XSHG,2001-03-19,1410.73,1410.29,1398.25,1432.46,1421.98,31000000.0,438000000.0,11.25,0.007975
59596,801231.ZICN,801231,上海申银万国证券研究所有限公司,申万综合Ⅱ,XSHG,2001-03-20,1421.98,1425.84,1409.66,1441.7,1425.85,23000000.0,326000000.0,3.87,0.002722
59807,801231.ZICN,801231,上海申银万国证券研究所有限公司,申万综合Ⅱ,XSHG,2001-03-21,1425.85,1426.34,1416.35,1445.26,1437.04,29000000.0,410000000.0,11.19,0.007848
60018,801231.ZICN,801231,上海申银万国证券研究所有限公司,申万综合Ⅱ,XSHG,2001-03-22,1437.04,1440.3,1425.89,1457.04,1442.69,33000000.0,478000000.0,5.65,0.003932
60229,801231.ZICN,801231,上海申银万国证券研究所有限公司,申万综合Ⅱ,XSHG,2001-03-23,1442.69,1443.9,1416.44,1458.06,1422.81,37000000.0,526000000.0,-19.88,-0.01378
60440,801231.ZICN,801231,上海申银万国证券研究所有限公司,申万综合Ⅱ,XSHG,2001-03-26,1422.81,1420.28,1412.61,1446.25,1440.69,24000000.0,330000000.0,17.88,0.012567
60651,801231.ZICN,801231,上海申银万国证券研究所有限公司,申万综合Ⅱ,XSHG,2001-03-27,1440.69,1445.5,1436.34,1470.04,1457.19,37000000.0,528000000.0,16.5,0.011453
60862,801231.ZICN,801231,上海申银万国证券研究所有限公司,申万综合Ⅱ,XSHG,2001-03-28,1457.19,1458.91,1441.04,1472.75,1455.59,28000000.0,410000000.0,-1.6,-0.001098
61073,801231.ZICN,801231,上海申银万国证券研究所有限公司,申万综合Ⅱ,XSHG,2001-03-29,1455.59,1457.12,1437.75,1469.73,1449.1,36000000.0,490000000.0,-6.49,-0.004459
61284,801231.ZICN,801231,上海申银万国证券研究所有限公司,申万综合Ⅱ,XSHG,2001-03-30,1449.1,1448.02,1435.28,1462.96,1454.34,43000000.0,563000000.0,5.24,0.003616
61495,801231.ZICN,801231,上海申银万国证券研究所有限公司,申万综合Ⅱ,XSHG,2001-04-02,1454.34,1455.07,1439.66,1475.19,1460.53,59000000.0,736000000.0,6.19,0.004256
61706,801231.ZICN,801231,上海申银万国证券研究所有限公司,申万综合Ⅱ,XSHG,2001-04-03,1460.53,1461.55,1443.95,1481.55,1466.25,51000000.0,647000000.0,5.72,0.003915999999999999
61917,801231.ZICN,801231,上海申银万国证券研究所有限公司,申万综合Ⅱ,XSHG,2001-04-04,1466.25,1465.05,1430.46,1482.14,1445.41,58000000.0,765000000.0,-20.84,-0.014213
62128,801231.ZICN,801231,上海申银万国证券研究所有限公司,申万综合Ⅱ,XSHG,2001-04-05,1445.41,1438.41,1427.44,1463.06,1456.22,41000000.0,592000000.0,10.81,0.007479
62339,801231.ZICN,801231,上海申银万国证券研究所有限公司,申万综合Ⅱ,XSHG,2001-04-06,1456.22,1460.03,1442.59,1474.61,1455.84,36000000.0,563000000.0,-0.38,-0.000261
62550,801231.ZICN,801231,上海申银万国证券研究所有限公司,申万综合Ⅱ,XSHG,2001-04-09,1455.84,1455.54,1442.2,1475.27,1465.43,39000000.0,570000000.0,9.59,0.006587000000000001
62761,801231.ZICN,801231,上海申银万国证券研究所有限公司,申万综合Ⅱ,XSHG,2001-04-10,1465.43,1467.74,1453.73,1485.94,1470.03,38000000.0,575000000.0,4.6,0.003139
62972,801231.ZICN,801231,上海申银万国证券研究所有限公司,申万综合Ⅱ,XSHG,2001-04-11,1470.03,1469.21,1452.5,1484.27,1470.86,32000000.0,466000000.0,0.83,0.0005650000000000001
63183,801231.ZICN,801231,上海申银万国证券研究所有限公司,申万综合Ⅱ,XSHG,2001-04-12,1470.86,1470.16,1456.31,1496.64,1476.86,43000000.0,621000000.0,6.0,0.004079
63394,801231.ZICN,801231,上海申银万国证券研究所有限公司,申万综合Ⅱ,XSHG,2001-04-13,1476.86,1476.08,1462.29,1487.3,1476.16,27000000.0,372000000.0,-0.7,-0.00047400000000000003
63605,801231.ZICN,801231,上海申银万国证券研究所有限公司,申万综合Ⅱ,XSHG,2001-04-16,1476.16,1477.21,1468.21,1509.15,1497.2,52000000.0,725000000.0,21.04,0.014253
63816,801231.ZICN,801231,上海申银万国证券研究所有限公司,申万综合Ⅱ,XSHG,2001-04-17,1497.2,1501.49,1479.83,1529.97,1511.58,76000000.0,1115000000.0,14.38,0.009604999999999999
64027,801231.ZICN,801231,上海申银万国证券研究所有限公司,申万综合Ⅱ,XSHG,2001-04-18,1511.58,1515.64,1495.14,1542.27,1516.04,57000000.0,894000000.0,4.46,0.002951
64238,801231.ZICN,801231,上海申银万国证券研究所有限公司,申万综合Ⅱ,XSHG,2001-04-19,1516.04,1514.68,1486.79,1536.63,1520.18,69000000.0,1055000000.0,4.14,0.002731
64449,801231.ZICN,801231,上海申银万国证券研究所有限公司,申万综合Ⅱ,XSHG,2001-04-20,1520.18,1522.7,1495.5,1558.88,1517.02,99000000.0,1353000000.0,-3.16,-0.002079
64660,801231.ZICN,801231,上海申银万国证券研究所有限公司,申万综合Ⅱ,XSHG,2001-04-23,1517.02,1516.93,1493.28,1546.74,1517.67,101000000.0,1396000000.0,0.65,0.00042800000000000005
64871,801231.ZICN,801231,上海申银万国证券研究所有限公司,申万综合Ⅱ,XSHG,2001-04-24,1517.67,1520.04,1507.56,1548.23,1528.45,58000000.0,875000000.0,10.78,0.007103
65082,801231.ZICN,801231,上海申银万国证券研究所有限公司,申万综合Ⅱ,XSHG,2001-04-25,1528.45,1526.65,1486.62,1541.12,1497.32,60000000.0,858000000.0,-31.13,-0.020367
65293,801231.ZICN,801231,上海申银万国证券研究所有限公司,申万综合Ⅱ,XSHG,2001-04-26,1497.32,1489.72,1474.63,1510.02,1485.15,38000000.0,575000000.0,-12.17,-0.008128
65504,801231.ZICN,801231,上海申银万国证券研究所有限公司,申万综合Ⅱ,XSHG,2001-04-27,1485.15,1485.21,1475.03,1508.82,1491.57,34000000.0,510000000.0,6.42,0.004323
65715,801231.ZICN,801231,上海申银万国证券研究所有限公司,申万综合Ⅱ,XSHG,2001-04-30,1491.57,1494.5,1484.23,1523.1,1501.84,46000000.0,700000000.0,10.27,0.006885
65926,801231.ZICN,801231,上海申银万国证券研究所有限公司,申万综合Ⅱ,XSHG,2001-05-08,1501.84,1506.82,1493.0,1529.35,1516.44,24000000.0,389000000.0,14.6,0.009720999999999999
66137,801231.ZICN,801231,上海申银万国证券研究所有限公司,申万综合Ⅱ,XSHG,2001-05-09,1516.44,1516.27,1498.63,1541.95,1522.72,39000000.0,618000000.0,6.28,0.004141
66348,801231.ZICN,801231,上海申银万国证券研究所有限公司,申万综合Ⅱ,XSHG,2001-05-10,1522.72,1523.19,1513.92,1555.17,1538.98,47000000.0,729000000.0,16.26,0.010678
66559,801231.ZICN,801231,上海申银万国证券研究所有限公司,申万综合Ⅱ,XSHG,2001-05-11,1538.98,1539.28,1520.92,1556.59,1539.17,37000000.0,586000000.0,0.19,0.000123
66770,801231.ZICN,801231,上海申银万国证券研究所有限公司,申万综合Ⅱ,XSHG,2001-05-14,1539.17,1544.75,1528.67,1571.38,1554.98,47000000.0,752000000.0,15.81,0.010272
66981,801231.ZICN,801231,上海申银万国证券研究所有限公司,申万综合Ⅱ,XSHG,2001-05-15,1554.98,1559.47,1541.7,1583.81,1565.42,62000000.0,985000000.0,10.44,0.006714
67192,801231.ZICN,801231,上海申银万国证券研究所有限公司,申万综合Ⅱ,XSHG,2001-05-16,1565.42,1568.57,1547.82,1594.1,1566.94,51000000.0,807000000.0,1.52,0.0009710000000000001
67403,801231.ZICN,801231,上海申银万国证券研究所有限公司,申万综合Ⅱ,XSHG,2001-05-17,1566.94,1566.87,1543.94,1579.18,1558.71,47000000.0,733000000.0,-8.23,-0.005252000000000001
67614,801231.ZICN,801231,上海申银万国证券研究所有限公司,申万综合Ⅱ,XSHG,2001-05-18,1558.71,1557.6,1539.58,1576.88,1560.37,35000000.0,563000000.0,1.66,0.001065
67825,801231.ZICN,801231,上海申银万国证券研究所有限公司,申万综合Ⅱ,XSHG,2001-05-21,1560.37,1565.46,1545.75,1586.51,1568.27,58000000.0,888000000.0,7.9,0.005063000000000001
68036,801231.ZICN,801231,上海申银万国证券研究所有限公司,申万综合Ⅱ,XSHG,2001-05-22,1568.27,1567.32,1553.41,1593.22,1573.63,40000000.0,626000000.0,5.36,0.003418
68247,801231.ZICN,801231,上海申银万国证券研究所有限公司,申万综合Ⅱ,XSHG,2001-05-23,1573.63,1570.41,1541.3,1593.69,1571.05,45000000.0,751000000.0,-2.58,-0.00164
68458,801231.ZICN,801231,上海申银万国证券研究所有限公司,申万综合Ⅱ,XSHG,2001-05-24,1571.05,1570.12,1552.94,1597.69,1571.24,46000000.0,801000000.0,0.19,0.000121
68669,801231.ZICN,801231,上海申银万国证券研究所有限公司,申万综合Ⅱ,XSHG,2001-05-25,1571.24,1572.49,1554.32,1597.46,1577.85,36000000.0,590000000.0,6.61,0.004207
68880,801231.ZICN,801231,上海申银万国证券研究所有限公司,申万综合Ⅱ,XSHG,2001-05-28,1577.85,1578.65,1552.19,1595.9,1567.34,42000000.0,671000000.0,-10.51,-0.006661
69091,801231.ZICN,801231,上海申银万国证券研究所有限公司,申万综合Ⅱ,XSHG,2001-05-29,1567.34,1567.08,1547.58,1591.34,1572.09,37000000.0,591000000.0,4.75,0.003031
69302,801231.ZICN,801231,上海申银万国证券研究所有限公司,申万综合Ⅱ,XSHG,2001-05-30,1572.09,1571.97,1561.81,1603.28,1590.85,31000000.0,539000000.0,18.76,0.011933
69513,801231.ZICN,801231,上海申银万国证券研究所有限公司,申万综合Ⅱ,XSHG,2001-05-31,1590.85,1593.48,1571.92,1614.57,1590.33,42000000.0,700000000.0,-0.52,-0.000327
69724,801231.ZICN,801231,上海申银万国证券研究所有限公司,申万综合Ⅱ,XSHG,2001-06-01,1590.33,1591.4,1573.81,1616.65,1597.97,46000000.0,758000000.0,7.64,0.004804
69936,801231.ZICN,801231,上海申银万国证券研究所有限公司,申万综合Ⅱ,XSHG,2001-06-04,1597.97,1600.03,1583.28,1626.56,1606.27,49000000.0,825000000.0,8.3,0.005194
70148,801231.ZICN,801231,上海申银万国证券研究所有限公司,申万综合Ⅱ,XSHG,2001-06-05,1606.27,1607.76,1594.27,1628.77,1612.45,43000000.0,766000000.0,6.18,0.0038469999999999997
70360,801231.ZICN,801231,上海申银万国证券研究所有限公司,申万综合Ⅱ,XSHG,2001-06-06,1612.45,1612.83,1587.59,1627.23,1606.08,49000000.0,842000000.0,-6.37,-0.003951
70572,801231.ZICN,801231,上海申银万国证券研究所有限公司,申万综合Ⅱ,XSHG,2001-06-07,1606.08,1606.08,1588.65,1629.27,1605.01,55000000.0,753000000.0,-1.07,-0.000666
70784,801231.ZICN,801231,上海申银万国证券研究所有限公司,申万综合Ⅱ,XSHG,2001-06-08,1605.01,1601.47,1581.98,1621.44,1602.72,43000000.0,681000000.0,-2.29,-0.0014269999999999999
70996,801231.ZICN,801231,上海申银万国证券研究所有限公司,申万综合Ⅱ,XSHG,2001-06-11,1602.72,1603.16,1585.92,1616.98,1598.45,35000000.0,560000000.0,-4.27,-0.002664
71208,801231.ZICN,801231,上海申银万国证券研究所有限公司,申万综合Ⅱ,XSHG,2001-06-12,1598.45,1597.73,1587.16,1619.13,1604.4,36000000.0,586000000.0,5.95,0.003722
71420,801231.ZICN,801231,上海申银万国证券研究所有限公司,申万综合Ⅱ,XSHG,2001-06-13,1604.4,1606.0,1591.55,1626.95,1611.7,37000000.0,577000000.0,7.3,0.00455
71632,801231.ZICN,801231,上海申银万国证券研究所有限公司,申万综合Ⅱ,XSHG,2001-06-14,1611.7,1610.48,1574.69,1628.67,1583.44,53000000.0,847000000.0,-28.26,-0.017534
71844,801231.ZICN,801231,上海申银万国证券研究所有限公司,申万综合Ⅱ,XSHG,2001-06-15,1583.44,1580.49,1562.86,1610.73,1592.68,51000000.0,803000000.0,9.24,0.005835
72056,801231.ZICN,801231,上海申银万国证券研究所有限公司,申万综合Ⅱ,XSHG,2001-06-18,1592.68,1595.02,1551.94,1612.98,1571.09,52000000.0,830000000.0,-21.59,-0.013556
72268,801231.ZICN,801231,上海申银万国证券研究所有限公司,申万综合Ⅱ,XSHG,2001-06-19,1571.09,1568.94,1549.76,1593.64,1572.23,37000000.0,648000000.0,1.14,0.000726
72480,801231.ZICN,801231,上海申银万国证券研究所有限公司,申万综合Ⅱ,XSHG,2001-06-20,1572.23,1571.83,1556.81,1592.51,1570.35,27000000.0,436000000.0,-1.88,-0.001196
72692,801231.ZICN,801231,上海申银万国证券研究所有限公司,申万综合Ⅱ,XSHG,2001-06-21,1570.35,1571.94,1560.68,1592.21,1579.84,24000000.0,372000000.0,9.49,0.006043
72905,801231.ZICN,801231,上海申银万国证券研究所有限公司,申万综合Ⅱ,XSHG,2001-06-22,1579.84,1582.49,1567.26,1602.34,1588.45,29000000.0,464000000.0,8.61,0.00545
73119,801231.ZICN,801231,上海申银万国证券研究所有限公司,申万综合Ⅱ,XSHG,2001-06-25,1588.45,1590.05,1578.2,1614.62,1603.51,35000000.0,574000000.0,15.06,0.009481
73333,801231.ZICN,801231,上海申银万国证券研究所有限公司,申万综合Ⅱ,XSHG,2001-06-26,1603.51,1604.37,1585.64,1626.77,1611.07,46000000.0,702000000.0,7.56,0.004715
73547,801231.ZICN,801231,上海申银万国证券研究所有限公司,申万综合Ⅱ,XSHG,2001-06-27,1611.07,1613.36,1593.64,1629.94,1608.95,47000000.0,653000000.0,-2.12,-0.0013160000000000001
73761,801231.ZICN,801231,上海申银万国证券研究所有限公司,申万综合Ⅱ,XSHG,2001-06-28,1608.95,1610.67,1585.7,1632.54,1602.87,39000000.0,589000000.0,-6.08,-0.003779
73975,801231.ZICN,801231,上海申银万国证券研究所有限公司,申万综合Ⅱ,XSHG,2001-06-29,1602.87,1605.22,1588.54,1618.86,1600.46,25000000.0,386000000.0,-2.41,-0.001504
74189,801231.ZICN,801231,上海申银万国证券研究所有限公司,申万综合Ⅱ,XSHG,2001-07-02,1600.46,1601.81,1575.99,1615.39,1587.57,31000000.0,486000000.0,-12.89,-0.008054
74403,801231.ZICN,801231,上海申银万国证券研究所有限公司,申万综合Ⅱ,XSHG,2001-07-03,1587.57,1588.41,1564.17,1601.43,1586.59,21000000.0,332000000.0,-0.98,-0.000617
74617,801231.ZICN,801231,上海申银万国证券研究所有限公司,申万综合Ⅱ,XSHG,2001-07-04,1586.59,1585.96,1568.02,1597.57,1578.47,18000000.0,276000000.0,-8.12,-0.005118
74831,801231.ZICN,801231,上海申银万国证券研究所有限公司,申万综合Ⅱ,XSHG,2001-07-05,1578.47,1576.84,1557.03,1591.04,1565.24,23000000.0,350000000.0,-13.23,-0.008381999999999999
75045,801231.ZICN,801231,上海申银万国证券研究所有限公司,申万综合Ⅱ,XSHG,2001-07-06,1565.24,1562.07,1550.33,1579.8,1560.52,21000000.0,339000000.0,-4.72,-0.003016
75259,801231.ZICN,801231,上海申银万国证券研究所有限公司,申万综合Ⅱ,XSHG,2001-07-09,1560.52,1558.57,1544.74,1576.92,1562.73,24000000.0,401000000.0,2.21,0.001416
75473,801231.ZICN,801231,上海申银万国证券研究所有限公司,申万综合Ⅱ,XSHG,2001-07-10,1562.73,1563.94,1552.91,1584.75,1572.64,21000000.0,342000000.0,9.91,0.006340999999999999
75687,801231.ZICN,801231,上海申银万国证券研究所有限公司,申万综合Ⅱ,XSHG,2001-07-11,1572.64,1573.7,1552.0,1583.56,1558.97,18000000.0,272000000.0,-13.67,-0.008692
75901,801231.ZICN,801231,上海申银万国证券研究所有限公司,申万综合Ⅱ,XSHG,2001-07-12,1558.97,1555.85,1538.29,1565.16,1552.97,20000000.0,311000000.0,-6.0,-0.003849
76115,801231.ZICN,801231,上海申银万国证券研究所有限公司,申万综合Ⅱ,XSHG,2001-07-13,1552.97,1553.53,1540.17,1575.79,1552.15,18000000.0,319000000.0,-0.82,-0.000528
76329,801231.ZICN,801231,上海申银万国证券研究所有限公司,申万综合Ⅱ,XSHG,2001-07-16,1552.15,1564.86,1528.83,1577.01,1537.9,32000000.0,591000000.0,-14.25,-0.009181
76543,801231.ZICN,801231,上海申银万国证券研究所有限公司,申万综合Ⅱ,XSHG,2001-07-17,1537.9,1541.18,1509.69,1555.05,1535.67,26000000.0,426000000.0,-2.23,-0.00145
76757,801231.ZICN,801231,上海申银万国证券研究所有限公司,申万综合Ⅱ,XSHG,2001-07-18,1535.67,1536.86,1520.77,1555.47,1544.21,18000000.0,306000000.0,8.54,0.005561
76971,801231.ZICN,801231,上海申银万国证券研究所有限公司,申万综合Ⅱ,XSHG,2001-07-19,1544.21,1544.44,1529.48,1560.59,1549.83,20000000.0,283000000.0,5.62,0.003639
77185,801231.ZICN,801231,上海申银万国证券研究所有限公司,申万综合Ⅱ,XSHG,2001-07-20,1549.83,1552.46,1536.55,1576.62,1565.85,29000000.0,431000000.0,16.02,0.010337
77399,801231.ZICN,801231,上海申银万国证券研究所有限公司,申万综合Ⅱ,XSHG,2001-07-23,1565.85,1565.39,1542.57,1577.41,1557.11,29000000.0,418000000.0,-8.74,-0.005582
77613,801231.ZICN,801231,上海申银万国证券研究所有限公司,申万综合Ⅱ,XSHG,2001-07-24,1557.11,1552.71,1525.31,1566.12,1542.18,27000000.0,387000000.0,-14.93,-0.009588
77827,801231.ZICN,801231,上海申银万国证券研究所有限公司,申万综合Ⅱ,XSHG,2001-07-25,1542.18,1538.62,1519.25,1554.77,1533.56,20000000.0,274000000.0,-8.62,-0.005589
78041,801231.ZICN,801231,上海申银万国证券研究所有限公司,申万综合Ⅱ,XSHG,2001-07-26,1533.56,1528.49,1502.56,1541.53,1517.13,19000000.0,266000000.0,-16.43,-0.010714
78255,801231.ZICN,801231,上海申银万国证券研究所有限公司,申万综合Ⅱ,XSHG,2001-07-27,1517.13,1517.61,1485.79,1532.54,1497.12,21000000.0,297000000.0,-20.01,-0.013189
78469,801231.ZICN,801231,上海申银万国证券研究所有限公司,申万综合Ⅱ,XSHG,2001-07-30,1497.12,1486.99,1391.1,1493.07,1404.78,33000000.0,447000000.0,-92.34,-0.061678
78683,801231.ZICN,801231,上海申银万国证券研究所有限公司,申万综合Ⅱ,XSHG,2001-07-31,1404.78,1392.44,1358.1,1435.74,1384.84,25000000.0,328000000.0,-19.94,-0.014194
78897,801231.ZICN,801231,上海申银万国证券研究所有限公司,申万综合Ⅱ,XSHG,2001-08-01,1384.84,1389.42,1386.76,1441.52,1435.14,22000000.0,279000000.0,50.3,0.036322
79111,801231.ZICN,801231,上海申银万国证券研究所有限公司,申万综合Ⅱ,XSHG,2001-08-02,1435.14,1434.95,1381.07,1443.43,1417.24,19000000.0,247000000.0,-17.9,-0.012473
79325,801231.ZICN,801231,上海申银万国证券研究所有限公司,申万综合Ⅱ,XSHG,2001-08-03,1417.24,1416.88,1402.28,1435.52,1419.95,12000000.0,162000000.0,2.71,0.001912
79539,801231.ZICN,801231,上海申银万国证券研究所有限公司,申万综合Ⅱ,XSHG,2001-08-06,1419.95,1414.09,1355.1,1424.72,1371.66,24000000.0,307000000.0,-48.29,-0.034008
79753,801231.ZICN,801231,上海申银万国证券研究所有限公司,申万综合Ⅱ,XSHG,2001-08-07,1371.66,1365.91,1346.95,1403.09,1393.07,21000000.0,279000000.0,21.41,0.015609
79967,801231.ZICN,801231,上海申银万国证券研究所有限公司,申万综合Ⅱ,XSHG,2001-08-08,1393.07,1389.95,1371.52,1406.1,1386.89,16000000.0,197000000.0,-6.18,-0.004436
80181,801231.ZICN,801231,上海申银万国证券研究所有限公司,申万综合Ⅱ,XSHG,2001-08-09,1386.89,1388.76,1381.37,1416.97,1410.24,18000000.0,239000000.0,23.35,0.016836
80395,801231.ZICN,801231,上海申银万国证券研究所有限公司,申万综合Ⅱ,XSHG,2001-08-10,1410.24,1413.89,1404.13,1439.96,1428.66,24000000.0,325000000.0,18.42,0.013062
80609,801231.ZICN,801231,上海申银万国证券研究所有限公司,申万综合Ⅱ,XSHG,2001-08-13,1428.66,1430.1,1412.29,1441.16,1427.99,17000000.0,226000000.0,-0.67,-0.000469
80823,801231.ZICN,801231,上海申银万国证券研究所有限公司,申万综合Ⅱ,XSHG,2001-08-14,1427.99,1426.2,1398.16,1439.57,1413.63,19000000.0,253000000.0,-14.36,-0.010056
81037,801231.ZICN,801231,上海申银万国证券研究所有限公司,申万综合Ⅱ,XSHG,2001-08-15,1413.63,1412.38,1402.22,1431.17,1421.22,17000000.0,226000000.0,7.59,0.005369
81251,801231.ZICN,801231,上海申银万国证券研究所有限公司,申万综合Ⅱ,XSHG,2001-08-16,1421.22,1423.0,1396.26,1432.93,1401.78,16000000.0,221000000.0,-19.44,-0.013678000000000001
81465,801231.ZICN,801231,上海申银万国证券研究所有限公司,申万综合Ⅱ,XSHG,2001-08-17,1401.78,1395.46,1381.84,1413.52,1401.7,13000000.0,185000000.0,-0.08,-5.6999999999999996e-05
81679,801231.ZICN,801231,上海申银万国证券研究所有限公司,申万综合Ⅱ,XSHG,2001-08-20,1401.7,1402.67,1392.21,1421.18,1411.61,12000000.0,168000000.0,9.91,0.00707
81893,801231.ZICN,801231,上海申银万国证券研究所有限公司,申万综合Ⅱ,XSHG,2001-08-21,1411.61,1414.47,1404.18,1433.31,1418.94,15000000.0,219000000.0,7.33,0.005193
82107,801231.ZICN,801231,上海申银万国证券研究所有限公司,申万综合Ⅱ,XSHG,2001-08-22,1418.94,1414.91,1380.82,1419.82,1395.55,17000000.0,229000000.0,-23.39,-0.016484
82321,801231.ZICN,801231,上海申银万国证券研究所有限公司,申万综合Ⅱ,XSHG,2001-08-23,1395.55,1384.21,1366.88,1399.76,1393.17,13000000.0,175000000.0,-2.38,-0.0017050000000000001
82535,801231.ZICN,801231,上海申银万国证券研究所有限公司,申万综合Ⅱ,XSHG,2001-08-24,1393.17,1393.52,1374.04,1407.33,1380.51,11000000.0,152000000.0,-12.66,-0.009087
82749,801231.ZICN,801231,上海申银万国证券研究所有限公司,申万综合Ⅱ,XSHG,2001-08-27,1380.51,1371.74,1330.43,1379.62,1338.41,22000000.0,275000000.0,-42.1,-0.030496
82963,801231.ZICN,801231,上海申银万国证券研究所有限公司,申万综合Ⅱ,XSHG,2001-08-28,1338.41,1330.32,1309.24,1354.59,1348.08,15000000.0,180000000.0,9.67,0.007225
83177,801231.ZICN,801231,上海申银万国证券研究所有限公司,申万综合Ⅱ,XSHG,2001-08-29,1348.08,1350.92,1338.3,1373.7,1353.93,11000000.0,133000000.0,5.85,0.00434
83391,801231.ZICN,801231,上海申银万国证券研究所有限公司,申万综合Ⅱ,XSHG,2001-08-30,1353.93,1353.79,1332.38,1364.22,1346.3,9000000.0,114000000.0,-7.63,-0.005635
83605,801231.ZICN,801231,上海申银万国证券研究所有限公司,申万综合Ⅱ,XSHG,2001-08-31,1346.3,1346.8,1330.94,1360.73,1343.71,9000000.0,112000000.0,-2.59,-0.001924
83819,801231.ZICN,801231,上海申银万国证券研究所有限公司,申万综合Ⅱ,XSHG,2001-09-03,1343.71,1337.36,1313.91,1349.93,1325.71,15000000.0,184000000.0,-18.0,-0.013396000000000002
84033,801231.ZICN,801231,上海申银万国证券研究所有限公司,申万综合Ⅱ,XSHG,2001-09-04,1325.71,1325.04,1315.93,1359.4,1354.46,15000000.0,191000000.0,28.75,0.021686
84247,801231.ZICN,801231,上海申银万国证券研究所有限公司,申万综合Ⅱ,XSHG,2001-09-05,1354.46,1359.08,1347.45,1390.65,1364.52,21000000.0,271000000.0,10.06,0.007427
84461,801231.ZICN,801231,上海申银万国证券研究所有限公司,申万综合Ⅱ,XSHG,2001-09-06,1364.52,1363.57,1343.48,1379.53,1355.32,11000000.0,144000000.0,-9.2,-0.006742000000000001
84675,801231.ZICN,801231,上海申银万国证券研究所有限公司,申万综合Ⅱ,XSHG,2001-09-07,1355.32,1352.56,1306.06,1362.0,1313.8,19000000.0,251000000.0,-41.52,-0.030635000000000003
84889,801231.ZICN,801231,上海申银万国证券研究所有限公司,申万综合Ⅱ,XSHG,2001-09-10,1313.8,1296.38,1279.8,1358.79,1351.03,15000000.0,194000000.0,37.23,0.028338
85103,801231.ZICN,801231,上海申银万国证券研究所有限公司,申万综合Ⅱ,XSHG,2001-09-11,1351.03,1352.05,1334.91,1367.5,1351.31,12000000.0,148000000.0,0.28,0.000207
85317,801231.ZICN,801231,上海申银万国证券研究所有限公司,申万综合Ⅱ,XSHG,2001-09-12,1351.31,1314.86,1292.64,1346.74,1330.47,17000000.0,215000000.0,-20.84,-0.015422
85531,801231.ZICN,801231,上海申银万国证券研究所有限公司,申万综合Ⅱ,XSHG,2001-09-13,1330.47,1331.17,1316.3,1352.31,1329.28,11000000.0,121000000.0,-1.19,-0.0008939999999999999
85745,801231.ZICN,801231,上海申银万国证券研究所有限公司,申万综合Ⅱ,XSHG,2001-09-14,1329.28,1326.9,1303.26,1339.4,1315.02,13000000.0,165000000.0,-14.26,-0.010728
85959,801231.ZICN,801231,上海申银万国证券研究所有限公司,申万综合Ⅱ,XSHG,2001-09-17,1315.02,1307.13,1282.25,1320.05,1292.71,15000000.0,176000000.0,-22.31,-0.016966
86173,801231.ZICN,801231,上海申银万国证券研究所有限公司,申万综合Ⅱ,XSHG,2001-09-18,1292.71,1289.14,1280.05,1328.06,1304.71,12000000.0,148000000.0,12.0,0.009283
86387,801231.ZICN,801231,上海申银万国证券研究所有限公司,申万综合Ⅱ,XSHG,2001-09-19,1304.71,1305.48,1288.42,1333.97,1325.48,13000000.0,157000000.0,20.77,0.015919
86601,801231.ZICN,801231,上海申银万国证券研究所有限公司,申万综合Ⅱ,XSHG,2001-09-20,1325.48,1327.81,1308.11,1342.69,1320.04,13000000.0,163000000.0,-5.44,-0.004104
86815,801231.ZICN,801231,上海申银万国证券研究所有限公司,申万综合Ⅱ,XSHG,2001-09-21,1320.04,1315.22,1294.8,1326.28,1304.47,11000000.0,137000000.0,-15.57,-0.011795
87029,801231.ZICN,801231,上海申银万国证券研究所有限公司,申万综合Ⅱ,XSHG,2001-09-24,1304.47,1304.74,1286.07,1318.59,1297.15,10000000.0,132000000.0,-7.32,-0.005611
87243,801231.ZICN,801231,上海申银万国证券研究所有限公司,申万综合Ⅱ,XSHG,2001-09-25,1297.15,1301.64,1284.02,1314.79,1294.21,9000000.0,117000000.0,-2.94,-0.0022670000000000004
87457,801231.ZICN,801231,上海申银万国证券研究所有限公司,申万综合Ⅱ,XSHG,2001-09-26,1294.21,1291.77,1262.86,1301.81,1275.53,12000000.0,141000000.0,-18.68,-0.014434
87671,801231.ZICN,801231,上海申银万国证券研究所有限公司,申万综合Ⅱ,XSHG,2001-09-27,1275.53,1272.42,1247.99,1285.03,1262.85,13000000.0,164000000.0,-12.68,-0.009941
87885,801231.ZICN,801231,上海申银万国证券研究所有限公司,申万综合Ⅱ,XSHG,2001-09-28,1262.85,1265.44,1240.8,1280.09,1262.01,13000000.0,166000000.0,-0.84,-0.000665
88099,801231.ZICN,801231,上海申银万国证券研究所有限公司,申万综合Ⅱ,XSHG,2001-10-08,1262.01,1262.46,1209.07,1273.16,1224.35,11000000.0,127000000.0,-37.66,-0.029841000000000003
88313,801231.ZICN,801231,上海申银万国证券研究所有限公司,申万综合Ⅱ,XSHG,2001-10-09,1224.35,1220.06,1210.53,1248.83,1236.16,10000000.0,111000000.0,11.81,0.009646
88527,801231.ZICN,801231,上海申银万国证券研究所有限公司,申万综合Ⅱ,XSHG,2001-10-10,1236.16,1233.26,1178.97,1241.67,1190.0,15000000.0,184000000.0,-46.16,-0.037341
88741,801231.ZICN,801231,上海申银万国证券研究所有限公司,申万综合Ⅱ,XSHG,2001-10-11,1190.0,1188.05,1139.88,1205.01,1156.13,15000000.0,165000000.0,-33.87,-0.028462
88955,801231.ZICN,801231,上海申银万国证券研究所有限公司,申万综合Ⅱ,XSHG,2001-10-12,1156.13,1149.91,1118.76,1209.17,1192.23,25000000.0,286000000.0,36.1,0.031225
89169,801231.ZICN,801231,上海申银万国证券研究所有限公司,申万综合Ⅱ,XSHG,2001-10-15,1192.23,1190.8,1171.21,1213.38,1197.14,16000000.0,177000000.0,4.91,0.004118
89383,801231.ZICN,801231,上海申银万国证券研究所有限公司,申万综合Ⅱ,XSHG,2001-10-16,1197.14,1198.89,1167.44,1207.54,1179.87,11000000.0,110000000.0,-17.27,-0.014426
89597,801231.ZICN,801231,上海申银万国证券研究所有限公司,申万综合Ⅱ,XSHG,2001-10-17,1179.87,1171.59,1155.16,1190.04,1173.51,12000000.0,120000000.0,-6.36,-0.00539
89811,801231.ZICN,801231,上海申银万国证券研究所有限公司,申万综合Ⅱ,XSHG,2001-10-18,1173.51,1168.28,1140.65,1183.59,1157.48,12000000.0,134000000.0,-16.03,-0.01366
90025,801231.ZICN,801231,上海申银万国证券研究所有限公司,申万综合Ⅱ,XSHG,2001-10-19,1157.48,1144.41,1102.86,1164.3,1135.2,21000000.0,233000000.0,-22.28,-0.019249000000000002
90239,801231.ZICN,801231,上海申银万国证券研究所有限公司,申万综合Ⅱ,XSHG,2001-10-22,1135.2,1117.77,1085.23,1136.66,1100.65,18000000.0,185000000.0,-34.55,-0.030435000000000004
90453,801231.ZICN,801231,上海申银万国证券研究所有限公司,申万综合Ⅱ,XSHG,2001-10-23,1100.65,1184.5,1158.07,1208.24,1206.77,58000000.0,615000000.0,106.12,0.096416
90667,801231.ZICN,801231,上海申银万国证券研究所有限公司,申万综合Ⅱ,XSHG,2001-10-24,1206.77,1250.45,1200.28,1273.05,1238.59,83000000.0,898000000.0,31.82,0.026368
90881,801231.ZICN,801231,上海申银万国证券研究所有限公司,申万综合Ⅱ,XSHG,2001-10-25,1238.59,1228.46,1184.16,1241.1,1198.59,34000000.0,383000000.0,-40.0,-0.032295
91095,801231.ZICN,801231,上海申银万国证券研究所有限公司,申万综合Ⅱ,XSHG,2001-10-26,1198.59,1185.93,1170.23,1209.2,1191.09,24000000.0,262000000.0,-7.5,-0.006257
91309,801231.ZICN,801231,上海申银万国证券研究所有限公司,申万综合Ⅱ,XSHG,2001-10-29,1191.09,1186.83,1176.16,1208.81,1199.64,16000000.0,179000000.0,8.55,0.007178
91523,801231.ZICN,801231,上海申银万国证券研究所有限公司,申万综合Ⅱ,XSHG,2001-10-30,1199.64,1194.13,1170.51,1202.63,1180.36,14000000.0,154000000.0,-19.28,-0.016071000000000002
91737,801231.ZICN,801231,上海申银万国证券研究所有限公司,申万综合Ⅱ,XSHG,2001-10-31,1180.36,1169.08,1150.09,1179.6,1172.59,13000000.0,139000000.0,-7.77,-0.0065829999999999994
91951,801231.ZICN,801231,上海申银万国证券研究所有限公司,申万综合Ⅱ,XSHG,2001-11-01,1172.59,1170.11,1157.74,1188.56,1176.39,20000000.0,242000000.0,3.8,0.0032409999999999995
92165,801231.ZICN,801231,上海申银万国证券研究所有限公司,申万综合Ⅱ,XSHG,2001-11-02,1176.39,1165.28,1150.26,1178.47,1159.78,17000000.0,185000000.0,-16.61,-0.014119
92379,801231.ZICN,801231,上海申银万国证券研究所有限公司,申万综合Ⅱ,XSHG,2001-11-05,1159.78,1147.87,1130.75,1159.87,1141.0,25000000.0,249000000.0,-18.78,-0.016193
92593,801231.ZICN,801231,上海申银万国证券研究所有限公司,申万综合Ⅱ,XSHG,2001-11-06,1141.0,1128.72,1119.04,1146.45,1130.23,64000000.0,547000000.0,-10.77,-0.009439
92807,801231.ZICN,801231,上海申银万国证券研究所有限公司,申万综合Ⅱ,XSHG,2001-11-07,1130.23,1122.5,1056.55,1131.48,1071.65,22000000.0,221000000.0,-58.58,-0.051829999999999994
93021,801231.ZICN,801231,上海申银万国证券研究所有限公司,申万综合Ⅱ,XSHG,2001-11-08,1071.65,1050.01,1033.75,1088.11,1076.26,41000000.0,354000000.0,4.61,0.004302
93235,801231.ZICN,801231,上海申银万国证券研究所有限公司,申万综合Ⅱ,XSHG,2001-11-09,1076.26,1075.62,1054.47,1107.09,1096.08,29000000.0,254000000.0,19.82,0.018416
93449,801231.ZICN,801231,上海申银万国证券研究所有限公司,申万综合Ⅱ,XSHG,2001-11-12,1096.08,1096.05,1069.16,1111.85,1086.7,26000000.0,214000000.0,-9.38,-0.008558
93663,801231.ZICN,801231,上海申银万国证券研究所有限公司,申万综合Ⅱ,XSHG,2001-11-13,1086.7,1076.32,1061.18,1092.69,1080.52,18000000.0,162000000.0,-6.18,-0.005686999999999999
93877,801231.ZICN,801231,上海申银万国证券研究所有限公司,申万综合Ⅱ,XSHG,2001-11-14,1080.52,1080.13,1067.59,1094.41,1079.34,15000000.0,132000000.0,-1.18,-0.001092
94091,801231.ZICN,801231,上海申银万国证券研究所有限公司,申万综合Ⅱ,XSHG,2001-11-15,1079.34,1083.07,1065.25,1092.24,1081.04,11000000.0,108000000.0,1.7,0.001575
94305,801231.ZICN,801231,上海申银万国证券研究所有限公司,申万综合Ⅱ,XSHG,2001-11-16,1081.04,1154.4,1094.51,1171.3,1102.11,39000000.0,375000000.0,21.07,0.01949
94519,801231.ZICN,801231,上海申银万国证券研究所有限公司,申万综合Ⅱ,XSHG,2001-11-19,1102.11,1101.03,1088.16,1125.26,1114.46,27000000.0,257000000.0,12.35,0.011206
94733,801231.ZICN,801231,上海申银万国证券研究所有限公司,申万综合Ⅱ,XSHG,2001-11-20,1114.46,1117.19,1108.8,1149.15,1140.49,41000000.0,395000000.0,26.03,0.023357
94947,801231.ZICN,801231,上海申银万国证券研究所有限公司,申万综合Ⅱ,XSHG,2001-11-21,1140.49,1139.48,1123.15,1152.24,1144.01,31000000.0,293000000.0,3.52,0.0030859999999999998
95161,801231.ZICN,801231,上海申银万国证券研究所有限公司,申万综合Ⅱ,XSHG,2001-11-22,1144.01,1143.84,1132.08,1164.91,1158.0,42000000.0,378000000.0,13.99,0.012229
95375,801231.ZICN,801231,上海申银万国证券研究所有限公司,申万综合Ⅱ,XSHG,2001-11-23,1158.0,1157.18,1143.11,1172.59,1156.23,42000000.0,404000000.0,-1.77,-0.0015279999999999998
95589,801231.ZICN,801231,上海申银万国证券研究所有限公司,申万综合Ⅱ,XSHG,2001-11-26,1156.23,1151.37,1133.57,1162.87,1152.12,26000000.0,247000000.0,-4.11,-0.0035549999999999996
95803,801231.ZICN,801231,上海申银万国证券研究所有限公司,申万综合Ⅱ,XSHG,2001-11-27,1152.12,1150.21,1144.51,1170.73,1167.23,27000000.0,270000000.0,15.11,0.013115
96017,801231.ZICN,801231,上海申银万国证券研究所有限公司,申万综合Ⅱ,XSHG,2001-11-28,1167.23,1168.58,1162.01,1193.33,1177.71,37000000.0,397000000.0,10.48,0.008979000000000001
96231,801231.ZICN,801231,上海申银万国证券研究所有限公司,申万综合Ⅱ,XSHG,2001-11-29,1177.71,1175.52,1164.92,1190.61,1176.94,30000000.0,301000000.0,-0.77,-0.000654
96445,801231.ZICN,801231,上海申银万国证券研究所有限公司,申万综合Ⅱ,XSHG,2001-11-30,1176.94,1177.85,1170.65,1194.45,1188.4,22000000.0,235000000.0,11.46,0.009737
96659,801231.ZICN,801231,上海申银万国证券研究所有限公司,申万综合Ⅱ,XSHG,2001-12-03,1188.4,1190.67,1183.13,1207.53,1197.99,31000000.0,331000000.0,9.59,0.00807
96873,801231.ZICN,801231,上海申银万国证券研究所有限公司,申万综合Ⅱ,XSHG,2001-12-04,1197.99,1198.87,1183.29,1209.09,1202.16,26000000.0,262000000.0,4.17,0.003481
97087,801231.ZICN,801231,上海申银万国证券研究所有限公司,申万综合Ⅱ,XSHG,2001-12-05,1202.16,1197.29,1166.77,1207.08,1178.4,34000000.0,349000000.0,-23.76,-0.019764
97301,801231.ZICN,801231,上海申银万国证券研究所有限公司,申万综合Ⅱ,XSHG,2001-12-06,1178.4,1171.54,1165.48,1198.51,1192.04,40000000.0,395000000.0,13.64,0.011575
97515,801231.ZICN,801231,上海申银万国证券研究所有限公司,申万综合Ⅱ,XSHG,2001-12-07,1192.04,1192.45,1181.08,1209.6,1192.33,45000000.0,456000000.0,0.29,0.00024300000000000002
97729,801231.ZICN,801231,上海申银万国证券研究所有限公司,申万综合Ⅱ,XSHG,2001-12-10,1192.33,1188.13,1174.21,1199.53,1192.44,22000000.0,219000000.0,0.11,9.2e-05
97943,801231.ZICN,801231,上海申银万国证券研究所有限公司,申万综合Ⅱ,XSHG,2001-12-11,1192.44,1190.91,1173.44,1203.6,1183.79,24000000.0,252000000.0,-8.65,-0.007254000000000001
98157,801231.ZICN,801231,上海申银万国证券研究所有限公司,申万综合Ⅱ,XSHG,2001-12-12,1183.79,1180.92,1163.91,1190.28,1171.75,20000000.0,203000000.0,-12.04,-0.010171
98371,801231.ZICN,801231,上海申银万国证券研究所有限公司,申万综合Ⅱ,XSHG,2001-12-13,1171.75,1170.48,1146.51,1183.61,1152.96,30000000.0,295000000.0,-18.79,-0.016036
98585,801231.ZICN,801231,上海申银万国证券研究所有限公司,申万综合Ⅱ,XSHG,2001-12-14,1152.96,1148.56,1129.26,1162.25,1141.69,23000000.0,238000000.0,-11.27,-0.009775
98799,801231.ZICN,801231,上海申银万国证券研究所有限公司,申万综合Ⅱ,XSHG,2001-12-17,1141.69,1137.65,1120.65,1152.56,1132.15,17000000.0,172000000.0,-9.54,-0.008356
99013,801231.ZICN,801231,上海申银万国证券研究所有限公司,申万综合Ⅱ,XSHG,2001-12-18,1132.15,1133.67,1125.16,1157.47,1151.37,16000000.0,169000000.0,19.22,0.016977000000000003
99227,801231.ZICN,801231,上海申银万国证券研究所有限公司,申万综合Ⅱ,XSHG,2001-12-19,1151.37,1150.73,1132.93,1163.18,1141.15,22000000.0,228000000.0,-10.22,-0.008876
99441,801231.ZICN,801231,上海申银万国证券研究所有限公司,申万综合Ⅱ,XSHG,2001-12-20,1141.15,1134.68,1101.39,1140.4,1111.62,20000000.0,205000000.0,-29.53,-0.025876999999999997
99655,801231.ZICN,801231,上海申银万国证券研究所有限公司,申万综合Ⅱ,XSHG,2001-12-21,1111.62,1107.86,1099.75,1129.78,1119.95,15000000.0,176000000.0,8.33,0.007494
99869,801231.ZICN,801231,上海申银万国证券研究所有限公司,申万综合Ⅱ,XSHG,2001-12-24,1119.95,1116.12,1086.86,1121.81,1096.7,14000000.0,160000000.0,-23.25,-0.02076
100083,801231.ZICN,801231,上海申银万国证券研究所有限公司,申万综合Ⅱ,XSHG,2001-12-25,1096.7,1093.76,1082.09,1107.77,1098.78,14000000.0,144000000.0,2.08,0.0018969999999999998
100297,801231.ZICN,801231,上海申银万国证券研究所有限公司,申万综合Ⅱ,XSHG,2001-12-26,1098.78,1095.76,1085.36,1114.25,1110.45,14000000.0,142000000.0,11.67,0.010621
100511,801231.ZICN,801231,上海申银万国证券研究所有限公司,申万综合Ⅱ,XSHG,2001-12-27,1110.45,1111.66,1094.18,1124.86,1102.54,17000000.0,181000000.0,-7.91,-0.007123
100725,801231.ZICN,801231,上海申银万国证券研究所有限公司,申万综合Ⅱ,XSHG,2001-12-28,1102.54,1100.79,1087.89,1116.31,1104.93,13000000.0,143000000.0,2.39,0.002168
100939,801231.ZICN,801231,上海申银万国证券研究所有限公司,申万综合Ⅱ,XSHG,2001-12-31,1104.93,1104.4,1090.83,1123.44,1107.98,16000000.0,165000000.0,3.05,0.0027600000000000003
101152,801231.ZICN,801231,上海申银万国证券研究所有限公司,申万综合Ⅱ,XSHG,2002-01-04,1107.98,1107.15,1084.03,1115.86,1092.77,11000000.0,112000000.0,-15.21,-0.013728
101366,801231.ZICN,801231,上海申银万国证券研究所有限公司,申万综合Ⅱ,XSHG,2002-01-07,1092.77,1086.66,1069.83,1096.98,1084.77,10000000.0,97000000.0,-8.0,-0.007320999999999999
101580,801231.ZICN,801231,上海申银万国证券研究所有限公司,申万综合Ⅱ,XSHG,2002-01-08,1084.77,1083.61,1071.98,1098.44,1077.92,11000000.0,107000000.0,-6.85,-0.006314999999999999
101794,801231.ZICN,801231,上海申银万国证券研究所有限公司,申万综合Ⅱ,XSHG,2002-01-09,1077.92,1073.84,1041.02,1080.06,1051.52,14000000.0,138000000.0,-26.4,-0.024492
102008,801231.ZICN,801231,上海申银万国证券研究所有限公司,申万综合Ⅱ,XSHG,2002-01-10,1051.52,1045.79,1017.18,1068.86,1058.45,19000000.0,175000000.0,6.93,0.00659
102222,801231.ZICN,801231,上海申银万国证券研究所有限公司,申万综合Ⅱ,XSHG,2002-01-11,1058.45,1053.58,1024.12,1058.74,1031.05,12000000.0,115000000.0,-27.4,-0.025887
102436,801231.ZICN,801231,上海申银万国证券研究所有限公司,申万综合Ⅱ,XSHG,2002-01-14,1031.05,1017.87,978.53,1023.86,985.15,22000000.0,191000000.0,-45.9,-0.044518
102650,801231.ZICN,801231,上海申银万国证券研究所有限公司,申万综合Ⅱ,XSHG,2002-01-15,985.15,977.54,952.15,994.25,963.3,19000000.0,167000000.0,-21.85,-0.022179
102864,801231.ZICN,801231,上海申银万国证券研究所有限公司,申万综合Ⅱ,XSHG,2002-01-16,963.3,958.03,938.32,982.81,970.88,19000000.0,171000000.0,7.58,0.007869
103078,801231.ZICN,801231,上海申银万国证券研究所有限公司,申万综合Ⅱ,XSHG,2002-01-17,970.88,967.1,910.22,971.43,921.82,20000000.0,165000000.0,-49.06,-0.050531
103292,801231.ZICN,801231,上海申银万国证券研究所有限公司,申万综合Ⅱ,XSHG,2002-01-18,921.82,900.77,875.89,936.86,913.05,32000000.0,260000000.0,-8.77,-0.009514
103506,801231.ZICN,801231,上海申银万国证券研究所有限公司,申万综合Ⅱ,XSHG,2002-01-21,913.05,900.9,853.22,910.94,867.62,22000000.0,163000000.0,-45.43,-0.049756
103720,801231.ZICN,801231,上海申银万国证券研究所有限公司,申万综合Ⅱ,XSHG,2002-01-22,867.62,856.82,839.95,897.27,863.69,29000000.0,216000000.0,-3.93,-0.004529999999999999
103934,801231.ZICN,801231,上海申银万国证券研究所有限公司,申万综合Ⅱ,XSHG,2002-01-23,863.69,857.36,844.74,927.28,924.15,35000000.0,265000000.0,60.46,0.070002
104148,801231.ZICN,801231,上海申银万国证券研究所有限公司,申万综合Ⅱ,XSHG,2002-01-24,924.15,913.1,886.81,957.28,934.29,53000000.0,416000000.0,10.14,0.010971999999999999
104362,801231.ZICN,801231,上海申银万国证券研究所有限公司,申万综合Ⅱ,XSHG,2002-01-25,934.29,925.88,911.71,951.45,932.51,33000000.0,261000000.0,-1.78,-0.001905
104576,801231.ZICN,801231,上海申银万国证券研究所有限公司,申万综合Ⅱ,XSHG,2002-01-28,932.51,925.55,864.01,941.22,875.05,44000000.0,334000000.0,-57.46,-0.06161900000000001
104790,801231.ZICN,801231,上海申银万国证券研究所有限公司,申万综合Ⅱ,XSHG,2002-01-29,875.05,861.9,850.87,910.77,899.22,29000000.0,214000000.0,24.17,0.027620999999999996
105004,801231.ZICN,801231,上海申银万国证券研究所有限公司,申万综合Ⅱ,XSHG,2002-01-30,899.22,898.91,887.9,921.63,908.52,26000000.0,188000000.0,9.3,0.010342
105218,801231.ZICN,801231,上海申银万国证券研究所有限公司,申万综合Ⅱ,XSHG,2002-01-31,908.52,921.86,916.79,982.36,971.31,61000000.0,495000000.0,62.79,0.069112
105432,801231.ZICN,801231,上海申银万国证券研究所有限公司,申万综合Ⅱ,XSHG,2002-02-01,971.31,970.36,953.3,995.05,970.88,45000000.0,384000000.0,-0.43,-0.000443
105646,801231.ZICN,801231,上海申银万国证券研究所有限公司,申万综合Ⅱ,XSHG,2002-02-04,970.88,969.95,955.58,996.93,991.05,32000000.0,269000000.0,20.17,0.020775
105860,801231.ZICN,801231,上海申银万国证券研究所有限公司,申万综合Ⅱ,XSHG,2002-02-05,991.05,989.24,977.41,1014.37,1000.35,43000000.0,360000000.0,9.3,0.009384
106074,801231.ZICN,801231,上海申银万国证券研究所有限公司,申万综合Ⅱ,XSHG,2002-02-06,1000.35,998.79,963.34,1006.7,970.29,33000000.0,279000000.0,-30.06,-0.030049
106288,801231.ZICN,801231,上海申银万国证券研究所有限公司,申万综合Ⅱ,XSHG,2002-02-07,970.29,967.72,962.21,1010.02,993.18,34000000.0,311000000.0,22.89,0.023591
106502,801231.ZICN,801231,上海申银万国证券研究所有限公司,申万综合Ⅱ,XSHG,2002-02-08,993.18,996.02,979.57,1007.78,985.85,24000000.0,212000000.0,-7.33,-0.007379999999999999
106716,801231.ZICN,801231,上海申银万国证券研究所有限公司,申万综合Ⅱ,XSHG,2002-02-25,985.85,1007.78,988.55,1024.85,1007.52,31000000.0,277000000.0,21.67,0.021981
106930,801231.ZICN,801231,上海申银万国证券研究所有限公司,申万综合Ⅱ,XSHG,2002-02-26,1007.52,1002.54,980.49,1017.93,1007.87,29000000.0,258000000.0,0.35,0.00034700000000000003
107144,801231.ZICN,801231,上海申银万国证券研究所有限公司,申万综合Ⅱ,XSHG,2002-02-27,1007.87,1006.73,995.92,1024.19,1012.12,26000000.0,241000000.0,4.25,0.004217
107358,801231.ZICN,801231,上海申银万国证券研究所有限公司,申万综合Ⅱ,XSHG,2002-02-28,1012.12,1009.98,994.19,1026.59,1003.93,35000000.0,306000000.0,-8.19,-0.008092
107572,801231.ZICN,801231,上海申银万国证券研究所有限公司,申万综合Ⅱ,XSHG,2002-03-01,1003.93,1001.98,979.25,1010.46,987.66,27000000.0,234000000.0,-16.27,-0.016206
107786,801231.ZICN,801231,上海申银万国证券研究所有限公司,申万综合Ⅱ,XSHG,2002-03-04,987.66,977.24,970.39,1008.05,1004.92,24000000.0,196000000.0,17.26,0.017476
108000,801231.ZICN,801231,上海申银万国证券研究所有限公司,申万综合Ⅱ,XSHG,2002-03-05,1004.92,1004.54,1000.83,1041.52,1030.86,49000000.0,435000000.0,25.94,0.025813
108214,801231.ZICN,801231,上海申银万国证券研究所有限公司,申万综合Ⅱ,XSHG,2002-03-06,1030.86,1034.22,1026.02,1069.28,1044.39,71000000.0,651000000.0,13.53,0.013125
108428,801231.ZICN,801231,上海申银万国证券研究所有限公司,申万综合Ⅱ,XSHG,2002-03-07,1044.39,1046.21,1039.11,1085.65,1082.81,83000000.0,728000000.0,38.42,0.036787
108642,801231.ZICN,801231,上海申银万国证券研究所有限公司,申万综合Ⅱ,XSHG,2002-03-08,1082.81,1090.47,1070.53,1125.43,1108.13,112000000.0,1032000000.0,25.32,0.023384000000000002
108856,801231.ZICN,801231,上海申银万国证券研究所有限公司,申万综合Ⅱ,XSHG,2002-03-11,1108.13,1108.75,1093.71,1144.69,1137.24,100000000.0,943000000.0,29.11,0.026269
109070,801231.ZICN,801231,上海申银万国证券研究所有限公司,申万综合Ⅱ,XSHG,2002-03-12,1137.24,1143.74,1114.85,1168.03,1131.83,136000000.0,1387000000.0,-5.41,-0.004757
109284,801231.ZICN,801231,上海申银万国证券研究所有限公司,申万综合Ⅱ,XSHG,2002-03-13,1131.83,1127.26,1094.35,1151.92,1105.11,90000000.0,896000000.0,-26.72,-0.023608
109498,801231.ZICN,801231,上海申银万国证券研究所有限公司,申万综合Ⅱ,XSHG,2002-03-14,1105.11,1102.25,1095.04,1152.47,1141.9,67000000.0,671000000.0,36.79,0.033291
109712,801231.ZICN,801231,上海申银万国证券研究所有限公司,申万综合Ⅱ,XSHG,2002-03-15,1141.9,1141.02,1101.8,1165.11,1109.57,81000000.0,832000000.0,-32.33,-0.028312
109926,801231.ZICN,801231,上海申银万国证券研究所有限公司,申万综合Ⅱ,XSHG,2002-03-18,1109.57,1124.65,1096.04,1144.73,1112.48,40000000.0,390000000.0,2.91,0.002623
110140,801231.ZICN,801231,上海申银万国证券研究所有限公司,申万综合Ⅱ,XSHG,2002-03-19,1112.48,1114.45,1104.49,1146.99,1136.74,58000000.0,610000000.0,24.26,0.021807
110354,801231.ZICN,801231,上海申银万国证券研究所有限公司,申万综合Ⅱ,XSHG,2002-03-20,1136.74,1139.91,1124.91,1166.76,1152.86,73000000.0,794000000.0,16.12,0.014181000000000001
110568,801231.ZICN,801231,上海申银万国证券研究所有限公司,申万综合Ⅱ,XSHG,2002-03-21,1152.86,1154.56,1138.35,1182.55,1157.93,79000000.0,841000000.0,5.07,0.004398
110782,801231.ZICN,801231,上海申银万国证券研究所有限公司,申万综合Ⅱ,XSHG,2002-03-22,1157.93,1155.31,1130.74,1171.08,1147.4,57000000.0,640000000.0,-10.53,-0.009094
110996,801231.ZICN,801231,上海申银万国证券研究所有限公司,申万综合Ⅱ,XSHG,2002-03-25,1147.4,1143.62,1127.05,1160.46,1148.8,43000000.0,458000000.0,1.4,0.00122
111210,801231.ZICN,801231,上海申银万国证券研究所有限公司,申万综合Ⅱ,XSHG,2002-03-26,1148.8,1145.81,1115.93,1153.43,1128.04,34000000.0,365000000.0,-20.76,-0.018071
111424,801231.ZICN,801231,上海申银万国证券研究所有限公司,申万综合Ⅱ,XSHG,2002-03-27,1128.04,1121.27,1110.1,1138.98,1130.73,27000000.0,282000000.0,2.69,0.002385
111638,801231.ZICN,801231,上海申银万国证券研究所有限公司,申万综合Ⅱ,XSHG,2002-03-28,1130.73,1125.37,1117.28,1148.72,1131.93,41000000.0,417000000.0,1.2,0.0010609999999999999
111852,801231.ZICN,801231,上海申银万国证券研究所有限公司,申万综合Ⅱ,XSHG,2002-03-29,1131.93,1127.98,1080.68,1138.33,1098.61,45000000.0,469000000.0,-33.32,-0.029436
112066,801231.ZICN,801231,上海申银万国证券研究所有限公司,申万综合Ⅱ,XSHG,2002-04-01,1098.61,1092.1,1077.8,1112.35,1102.8,27000000.0,288000000.0,4.19,0.003814
112280,801231.ZICN,801231,上海申银万国证券研究所有限公司,申万综合Ⅱ,XSHG,2002-04-02,1102.8,1101.53,1068.42,1110.5,1080.03,31000000.0,323000000.0,-22.77,-0.020647
112494,801231.ZICN,801231,上海申银万国证券研究所有限公司,申万综合Ⅱ,XSHG,2002-04-03,1080.03,1081.24,1070.92,1099.18,1082.77,23000000.0,235000000.0,2.74,0.002537
112708,801231.ZICN,801231,上海申银万国证券研究所有限公司,申万综合Ⅱ,XSHG,2002-04-04,1082.77,1081.24,1069.44,1122.14,1115.3,33000000.0,343000000.0,32.53,0.030043
112922,801231.ZICN,801231,上海申银万国证券研究所有限公司,申万综合Ⅱ,XSHG,2002-04-05,1115.3,1118.55,1099.73,1135.14,1113.57,35000000.0,380000000.0,-1.73,-0.001551
113136,801231.ZICN,801231,上海申银万国证券研究所有限公司,申万综合Ⅱ,XSHG,2002-04-08,1113.57,1111.8,1098.07,1128.73,1114.26,28000000.0,296000000.0,0.69,0.00062
113350,801231.ZICN,801231,上海申银万国证券研究所有限公司,申万综合Ⅱ,XSHG,2002-04-09,1114.26,1113.38,1106.04,1148.33,1138.89,55000000.0,577000000.0,24.63,0.022104
113564,801231.ZICN,801231,上海申银万国证券研究所有限公司,申万综合Ⅱ,XSHG,2002-04-10,1138.89,1138.93,1127.96,1169.11,1152.56,58000000.0,631000000.0,13.67,0.012003
113778,801231.ZICN,801231,上海申银万国证券研究所有限公司,申万综合Ⅱ,XSHG,2002-04-11,1152.56,1152.6,1126.15,1164.74,1132.64,55000000.0,573000000.0,-19.92,-0.017283
113992,801231.ZICN,801231,上海申银万国证券研究所有限公司,申万综合Ⅱ,XSHG,2002-04-12,1132.64,1129.0,1119.77,1149.84,1134.18,34000000.0,362000000.0,1.54,0.0013599999999999999
114206,801231.ZICN,801231,上海申银万国证券研究所有限公司,申万综合Ⅱ,XSHG,2002-04-15,1134.18,1133.47,1112.96,1143.4,1126.89,24000000.0,245000000.0,-7.29,-0.006428
114420,801231.ZICN,801231,上海申银万国证券研究所有限公司,申万综合Ⅱ,XSHG,2002-04-16,1126.89,1122.63,1109.6,1142.92,1123.32,24000000.0,255000000.0,-3.57,-0.003168
114634,801231.ZICN,801231,上海申银万国证券研究所有限公司,申万综合Ⅱ,XSHG,2002-04-17,1123.32,1121.47,1106.42,1134.18,1121.36,30000000.0,301000000.0,-1.96,-0.001745
114848,801231.ZICN,801231,上海申银万国证券研究所有限公司,申万综合Ⅱ,XSHG,2002-04-18,1121.36,1120.22,1100.05,1129.74,1107.46,25000000.0,246000000.0,-13.9,-0.012395999999999999
115062,801231.ZICN,801231,上海申银万国证券研究所有限公司,申万综合Ⅱ,XSHG,2002-04-19,1107.46,1103.15,1072.95,1119.38,1108.01,41000000.0,403000000.0,0.55,0.0004969999999999999
115276,801231.ZICN,801231,上海申银万国证券研究所有限公司,申万综合Ⅱ,XSHG,2002-04-22,1108.01,1101.98,1085.52,1116.87,1100.09,25000000.0,258000000.0,-7.92,-0.007148000000000001
115490,801231.ZICN,801231,上海申银万国证券研究所有限公司,申万综合Ⅱ,XSHG,2002-04-23,1100.09,1096.93,1087.68,1112.07,1095.76,16000000.0,164000000.0,-4.33,-0.003936
115704,801231.ZICN,801231,上海申银万国证券研究所有限公司,申万综合Ⅱ,XSHG,2002-04-24,1095.76,1094.64,1078.94,1104.68,1087.11,16000000.0,170000000.0,-8.65,-0.007894
115918,801231.ZICN,801231,上海申银万国证券研究所有限公司,申万综合Ⅱ,XSHG,2002-04-25,1087.11,1084.8,1073.69,1100.05,1089.96,18000000.0,191000000.0,2.85,0.0026219999999999998
116132,801231.ZICN,801231,上海申银万国证券研究所有限公司,申万综合Ⅱ,XSHG,2002-04-26,1089.96,1092.05,1085.55,1121.51,1112.33,25000000.0,286000000.0,22.37,0.020524
116346,801231.ZICN,801231,上海申银万国证券研究所有限公司,申万综合Ⅱ,XSHG,2002-04-29,1112.33,1113.36,1105.2,1142.15,1131.84,38000000.0,414000000.0,19.51,0.01754
116560,801231.ZICN,801231,上海申银万国证券研究所有限公司,申万综合Ⅱ,XSHG,2002-04-30,1131.84,1133.42,1117.75,1152.75,1130.8,32000000.0,352000000.0,-1.04,-0.000919
116774,801231.ZICN,801231,上海申银万国证券研究所有限公司,申万综合Ⅱ,XSHG,2002-05-08,1130.8,1131.25,1111.52,1142.1,1120.21,24000000.0,232000000.0,-10.59,-0.009365
116988,801231.ZICN,801231,上海申银万国证券研究所有限公司,申万综合Ⅱ,XSHG,2002-05-09,1120.21,1116.87,1109.31,1136.4,1122.94,20000000.0,206000000.0,2.73,0.002437
117202,801231.ZICN,801231,上海申银万国证券研究所有限公司,申万综合Ⅱ,XSHG,2002-05-10,1122.94,1123.7,1106.92,1139.02,1117.36,24000000.0,249000000.0,-5.58,-0.0049689999999999995
117416,801231.ZICN,801231,上海申银万国证券研究所有限公司,申万综合Ⅱ,XSHG,2002-05-13,1117.36,1113.79,1095.53,1121.38,1107.53,23000000.0,258000000.0,-9.83,-0.008798
117630,801231.ZICN,801231,上海申银万国证券研究所有限公司,申万综合Ⅱ,XSHG,2002-05-14,1107.53,1107.38,1095.09,1125.64,1105.3,25000000.0,364000000.0,-2.23,-0.002013
117844,801231.ZICN,801231,上海申银万国证券研究所有限公司,申万综合Ⅱ,XSHG,2002-05-15,1105.3,1101.89,1085.68,1115.47,1094.66,23000000.0,288000000.0,-10.64,-0.009626000000000001
118058,801231.ZICN,801231,上海申银万国证券研究所有限公司,申万综合Ⅱ,XSHG,2002-05-16,1094.66,1087.66,1049.53,1094.23,1056.8,30000000.0,330000000.0,-37.86,-0.034586
118272,801231.ZICN,801231,上海申银万国证券研究所有限公司,申万综合Ⅱ,XSHG,2002-05-17,1056.8,1053.03,1042.59,1081.95,1071.78,26000000.0,287000000.0,14.98,0.014175
118486,801231.ZICN,801231,上海申银万国证券研究所有限公司,申万综合Ⅱ,XSHG,2002-05-20,1071.78,1069.12,1038.71,1075.71,1056.5,19000000.0,191000000.0,-15.28,-0.014256999999999999
118700,801231.ZICN,801231,上海申银万国证券研究所有限公司,申万综合Ⅱ,XSHG,2002-05-21,1056.5,1078.52,1067.23,1116.07,1099.84,46000000.0,473000000.0,43.34,0.041022
118914,801231.ZICN,801231,上海申银万国证券研究所有限公司,申万综合Ⅱ,XSHG,2002-05-22,1099.84,1099.22,1072.95,1105.63,1079.55,27000000.0,290000000.0,-20.29,-0.018448
119129,801231.ZICN,801231,上海申银万国证券研究所有限公司,申万综合Ⅱ,XSHG,2002-05-23,1079.55,1084.18,1075.53,1105.49,1086.75,23000000.0,252000000.0,7.2,0.006669
119344,801231.ZICN,801231,上海申银万国证券研究所有限公司,申万综合Ⅱ,XSHG,2002-05-24,1086.75,1087.14,1062.77,1097.89,1074.19,28000000.0,320000000.0,-12.56,-0.011557
119559,801231.ZICN,801231,上海申银万国证券研究所有限公司,申万综合Ⅱ,XSHG,2002-05-27,1074.19,1079.51,1062.1,1091.82,1078.33,14000000.0,153000000.0,4.14,0.003854
119774,801231.ZICN,801231,上海申银万国证券研究所有限公司,申万综合Ⅱ,XSHG,2002-05-28,1078.33,1083.06,1071.88,1099.94,1083.54,15000000.0,164000000.0,5.21,0.004832
119989,801231.ZICN,801231,上海申银万国证券研究所有限公司,申万综合Ⅱ,XSHG,2002-05-29,1083.54,1081.47,1048.69,1085.34,1055.85,18000000.0,188000000.0,-27.69,-0.025555
120204,801231.ZICN,801231,上海申银万国证券研究所有限公司,申万综合Ⅱ,XSHG,2002-05-30,1055.85,1055.6,1037.36,1069.97,1056.29,17000000.0,183000000.0,0.44,0.000417
120419,801231.ZICN,801231,上海申银万国证券研究所有限公司,申万综合Ⅱ,XSHG,2002-05-31,1056.29,1057.6,1041.79,1069.23,1051.65,15000000.0,162000000.0,-4.64,-0.004393
120634,801231.ZICN,801231,上海申银万国证券研究所有限公司,申万综合Ⅱ,XSHG,2002-06-03,1051.65,1042.72,1016.93,1049.23,1026.61,23000000.0,232000000.0,-25.04,-0.023809999999999998
120849,801231.ZICN,801231,上海申银万国证券研究所有限公司,申万综合Ⅱ,XSHG,2002-06-04,1026.61,1027.31,1014.73,1047.86,1032.89,16000000.0,164000000.0,6.28,0.006117
121064,801231.ZICN,801231,上海申银万国证券研究所有限公司,申万综合Ⅱ,XSHG,2002-06-05,1032.89,1028.74,996.4,1034.6,1002.03,18000000.0,181000000.0,-30.86,-0.029876999999999997
121277,801231.ZICN,801231,上海申银万国证券研究所有限公司,申万综合Ⅱ,XSHG,2002-06-06,1002.03,997.11,988.01,1063.4,1047.32,27000000.0,252000000.0,45.29,0.045198
121490,801231.ZICN,801231,上海申银万国证券研究所有限公司,申万综合Ⅱ,XSHG,2002-06-07,1047.32,1044.58,1029.37,1071.29,1055.48,32000000.0,325000000.0,8.16,0.007790999999999999
121703,801231.ZICN,801231,上海申银万国证券研究所有限公司,申万综合Ⅱ,XSHG,2002-06-10,1055.48,1050.59,1035.19,1064.46,1051.72,21000000.0,204000000.0,-3.76,-0.0035619999999999996
121916,801231.ZICN,801231,上海申银万国证券研究所有限公司,申万综合Ⅱ,XSHG,2002-06-11,1051.72,1048.71,1042.96,1067.38,1058.59,18000000.0,192000000.0,6.87,0.006532
122129,801231.ZICN,801231,上海申银万国证券研究所有限公司,申万综合Ⅱ,XSHG,2002-06-12,1058.59,1053.88,1037.68,1061.99,1051.36,11000000.0,118000000.0,-7.23,-0.00683
122342,801231.ZICN,801231,上海申银万国证券研究所有限公司,申万综合Ⅱ,XSHG,2002-06-13,1051.36,1047.82,1033.03,1061.43,1041.29,17000000.0,155000000.0,-10.07,-0.009578
122555,801231.ZICN,801231,上海申银万国证券研究所有限公司,申万综合Ⅱ,XSHG,2002-06-14,1041.29,1035.12,1020.67,1046.28,1027.49,19000000.0,167000000.0,-13.8,-0.013253000000000001
122768,801231.ZICN,801231,上海申银万国证券研究所有限公司,申万综合Ⅱ,XSHG,2002-06-17,1027.49,1019.6,1010.56,1036.39,1030.43,11000000.0,105000000.0,2.94,0.002861
122981,801231.ZICN,801231,上海申银万国证券研究所有限公司,申万综合Ⅱ,XSHG,2002-06-18,1030.43,1033.07,1030.01,1062.6,1054.36,22000000.0,200000000.0,23.93,0.023223
123196,801231.ZICN,801231,上海申银万国证券研究所有限公司,申万综合Ⅱ,XSHG,2002-06-19,1054.36,1052.24,1034.84,1058.19,1040.36,11000000.0,103000000.0,-14.0,-0.013278
123411,801231.ZICN,801231,上海申银万国证券研究所有限公司,申万综合Ⅱ,XSHG,2002-06-20,1040.36,1045.43,1036.64,1068.71,1050.72,25000000.0,215000000.0,10.36,0.009958
123626,801231.ZICN,801231,上海申银万国证券研究所有限公司,申万综合Ⅱ,XSHG,2002-06-21,1050.72,1052.38,1049.77,1097.74,1090.52,73000000.0,676000000.0,39.8,0.037879
123841,801231.ZICN,801231,上海申银万国证券研究所有限公司,申万综合Ⅱ,XSHG,2002-06-24,1090.52,1181.44,1133.36,1189.46,1184.03,176000000.0,2027000000.0,93.51,0.085748
124056,801231.ZICN,801231,上海申银万国证券研究所有限公司,申万综合Ⅱ,XSHG,2002-06-25,1184.03,1195.74,1156.55,1221.07,1177.82,164000000.0,1711000000.0,-6.21,-0.0052450000000000005
124271,801231.ZICN,801231,上海申银万国证券研究所有限公司,申万综合Ⅱ,XSHG,2002-06-26,1177.82,1171.48,1148.08,1211.51,1183.34,129000000.0,1320000000.0,5.52,0.004686999999999999
124486,801231.ZICN,801231,上海申银万国证券研究所有限公司,申万综合Ⅱ,XSHG,2002-06-27,1183.34,1181.31,1158.51,1202.7,1180.38,88000000.0,916000000.0,-2.96,-0.002501
124701,801231.ZICN,801231,上海申银万国证券研究所有限公司,申万综合Ⅱ,XSHG,2002-06-28,1180.38,1182.28,1153.77,1203.42,1174.92,87000000.0,855000000.0,-5.46,-0.004626
124916,801231.ZICN,801231,上海申银万国证券研究所有限公司,申万综合Ⅱ,XSHG,2002-07-01,1174.92,1175.42,1152.56,1191.54,1162.85,47000000.0,478000000.0,-12.07,-0.010273000000000001
125131,801231.ZICN,801231,上海申银万国证券研究所有限公司,申万综合Ⅱ,XSHG,2002-07-02,1162.85,1157.79,1145.99,1182.82,1177.07,58000000.0,578000000.0,14.22,0.012229
125346,801231.ZICN,801231,上海申银万国证券研究所有限公司,申万综合Ⅱ,XSHG,2002-07-03,1177.07,1178.29,1161.38,1189.16,1173.34,40000000.0,411000000.0,-3.73,-0.003169
125561,801231.ZICN,801231,上海申银万国证券研究所有限公司,申万综合Ⅱ,XSHG,2002-07-04,1173.34,1172.97,1153.21,1183.56,1161.11,38000000.0,400000000.0,-12.23,-0.010423
125776,801231.ZICN,801231,上海申银万国证券研究所有限公司,申万综合Ⅱ,XSHG,2002-07-05,1161.11,1157.89,1147.09,1174.14,1165.25,28000000.0,291000000.0,4.14,0.0035659999999999997
125991,801231.ZICN,801231,上海申银万国证券研究所有限公司,申万综合Ⅱ,XSHG,2002-07-08,1165.25,1164.59,1158.44,1185.02,1176.92,34000000.0,372000000.0,11.67,0.010015000000000001
126206,801231.ZICN,801231,上海申银万国证券研究所有限公司,申万综合Ⅱ,XSHG,2002-07-09,1176.92,1177.59,1163.5,1186.24,1170.12,33000000.0,352000000.0,-6.8,-0.005778
126421,801231.ZICN,801231,上海申银万国证券研究所有限公司,申万综合Ⅱ,XSHG,2002-07-10,1170.12,1167.2,1146.14,1175.33,1152.1,33000000.0,357000000.0,-18.02,-0.0154
126636,801231.ZICN,801231,上海申银万国证券研究所有限公司,申万综合Ⅱ,XSHG,2002-07-11,1152.1,1153.4,1141.53,1172.1,1157.26,28000000.0,296000000.0,5.16,0.004479
126851,801231.ZICN,801231,上海申银万国证券研究所有限公司,申万综合Ⅱ,XSHG,2002-07-12,1157.26,1156.6,1149.26,1170.52,1160.55,26000000.0,266000000.0,3.29,0.002843
127066,801231.ZICN,801231,上海申银万国证券研究所有限公司,申万综合Ⅱ,XSHG,2002-07-15,1160.55,1156.48,1137.22,1169.36,1150.55,48000000.0,510000000.0,-10.0,-0.008617
127281,801231.ZICN,801231,上海申银万国证券研究所有限公司,申万综合Ⅱ,XSHG,2002-07-16,1150.55,1150.03,1140.95,1165.99,1150.53,31000000.0,313000000.0,-0.02,-1.7e-05
127496,801231.ZICN,801231,上海申银万国证券研究所有限公司,申万综合Ⅱ,XSHG,2002-07-17,1150.53,1149.66,1138.91,1166.08,1160.37,28000000.0,281000000.0,9.84,0.008553
127711,801231.ZICN,801231,上海申银万国证券研究所有限公司,申万综合Ⅱ,XSHG,2002-07-18,1160.37,1163.88,1149.28,1173.2,1160.89,29000000.0,316000000.0,0.52,0.00044800000000000005
127927,801231.ZICN,801231,上海申银万国证券研究所有限公司,申万综合Ⅱ,XSHG,2002-07-19,1160.89,1161.0,1151.0,1173.75,1163.94,28000000.0,283000000.0,3.05,0.002627
128143,801231.ZICN,801231,上海申银万国证券研究所有限公司,申万综合Ⅱ,XSHG,2002-07-22,1163.94,1162.73,1138.45,1169.75,1145.36,27000000.0,273000000.0,-18.58,-0.015962999999999998
128359,801231.ZICN,801231,上海申银万国证券研究所有限公司,申万综合Ⅱ,XSHG,2002-07-23,1145.36,1139.62,1132.43,1154.68,1141.15,19000000.0,195000000.0,-4.21,-0.003676
128575,801231.ZICN,801231,上海申银万国证券研究所有限公司,申万综合Ⅱ,XSHG,2002-07-24,1141.15,1139.61,1130.98,1152.12,1139.6,19000000.0,199000000.0,-1.55,-0.001358
128791,801231.ZICN,801231,上海申银万国证券研究所有限公司,申万综合Ⅱ,XSHG,2002-07-25,1139.6,1142.7,1125.98,1153.22,1136.13,19000000.0,188000000.0,-3.47,-0.003045
129007,801231.ZICN,801231,上海申银万国证券研究所有限公司,申万综合Ⅱ,XSHG,2002-07-26,1136.13,1135.8,1124.56,1143.29,1132.33,13000000.0,128000000.0,-3.8,-0.0033450000000000003
129223,801231.ZICN,801231,上海申银万国证券研究所有限公司,申万综合Ⅱ,XSHG,2002-07-29,1132.33,1132.97,1116.74,1146.05,1137.67,20000000.0,199000000.0,5.34,0.004716
129439,801231.ZICN,801231,上海申银万国证券研究所有限公司,申万综合Ⅱ,XSHG,2002-07-30,1137.67,1136.2,1121.8,1145.54,1137.32,18000000.0,169000000.0,-0.35,-0.000308
129655,801231.ZICN,801231,上海申银万国证券研究所有限公司,申万综合Ⅱ,XSHG,2002-07-31,1137.32,1137.89,1119.19,1146.03,1126.14,18000000.0,176000000.0,-11.18,-0.00983
129871,801231.ZICN,801231,上海申银万国证券研究所有限公司,申万综合Ⅱ,XSHG,2002-08-01,1126.14,1120.12,1110.11,1135.99,1127.17,15000000.0,144000000.0,1.03,0.000915
130087,801231.ZICN,801231,上海申银万国证券研究所有限公司,申万综合Ⅱ,XSHG,2002-08-02,1127.17,1126.04,1117.02,1136.15,1128.35,12000000.0,123000000.0,1.18,0.001047
130303,801231.ZICN,801231,上海申银万国证券研究所有限公司,申万综合Ⅱ,XSHG,2002-08-05,1128.35,1126.02,1116.36,1137.75,1127.49,17000000.0,170000000.0,-0.86,-0.000762
130519,801231.ZICN,801231,上海申银万国证券研究所有限公司,申万综合Ⅱ,XSHG,2002-08-06,1127.49,1125.87,1119.58,1154.34,1145.05,49000000.0,471000000.0,17.56,0.015574000000000001
130735,801231.ZICN,801231,上海申银万国证券研究所有限公司,申万综合Ⅱ,XSHG,2002-08-07,1145.05,1145.08,1133.24,1152.29,1141.32,34000000.0,314000000.0,-3.73,-0.003257
130951,801231.ZICN,801231,上海申银万国证券研究所有限公司,申万综合Ⅱ,XSHG,2002-08-08,1141.32,1141.42,1130.0,1152.74,1138.86,29000000.0,252000000.0,-2.46,-0.0021550000000000002
131167,801231.ZICN,801231,上海申银万国证券研究所有限公司,申万综合Ⅱ,XSHG,2002-08-09,1138.86,1134.69,1120.36,1144.87,1130.27,24000000.0,222000000.0,-8.59,-0.007543000000000001
131383,801231.ZICN,801231,上海申银万国证券研究所有限公司,申万综合Ⅱ,XSHG,2002-08-12,1130.27,1122.32,1111.64,1134.78,1122.42,19000000.0,181000000.0,-7.85,-0.006945000000000001
131599,801231.ZICN,801231,上海申银万国证券研究所有限公司,申万综合Ⅱ,XSHG,2002-08-13,1122.42,1122.47,1116.1,1135.93,1124.83,16000000.0,153000000.0,2.41,0.002147
131815,801231.ZICN,801231,上海申银万国证券研究所有限公司,申万综合Ⅱ,XSHG,2002-08-14,1124.83,1125.68,1116.96,1137.88,1131.94,14000000.0,142000000.0,7.11,0.006321
132031,801231.ZICN,801231,上海申银万国证券研究所有限公司,申万综合Ⅱ,XSHG,2002-08-15,1131.94,1130.98,1115.48,1136.9,1123.38,13000000.0,138000000.0,-8.56,-0.007562
132247,801231.ZICN,801231,上海申银万国证券研究所有限公司,申万综合Ⅱ,XSHG,2002-08-16,1123.38,1118.96,1106.21,1136.15,1126.64,16000000.0,158000000.0,3.26,0.002902
132463,801231.ZICN,801231,上海申银万国证券研究所有限公司,申万综合Ⅱ,XSHG,2002-08-19,1126.64,1121.99,1112.62,1133.2,1122.92,15000000.0,167000000.0,-3.72,-0.0033020000000000002
132679,801231.ZICN,801231,上海申银万国证券研究所有限公司,申万综合Ⅱ,XSHG,2002-08-20,1122.92,1120.52,1116.05,1146.89,1138.83,23000000.0,241000000.0,15.91,0.014168
132895,801231.ZICN,801231,上海申银万国证券研究所有限公司,申万综合Ⅱ,XSHG,2002-08-21,1138.83,1138.4,1128.79,1153.7,1143.22,37000000.0,386000000.0,4.39,0.003855
133111,801231.ZICN,801231,上海申银万国证券研究所有限公司,申万综合Ⅱ,XSHG,2002-08-22,1143.22,1142.89,1132.16,1163.03,1148.97,44000000.0,510000000.0,5.75,0.00503
133327,801231.ZICN,801231,上海申银万国证券研究所有限公司,申万综合Ⅱ,XSHG,2002-08-23,1148.97,1148.52,1137.41,1160.73,1149.08,37000000.0,400000000.0,0.11,9.6e-05
133543,801231.ZICN,801231,上海申银万国证券研究所有限公司,申万综合Ⅱ,XSHG,2002-08-26,1149.08,1147.7,1133.6,1159.07,1144.53,30000000.0,368000000.0,-4.55,-0.00396
133759,801231.ZICN,801231,上海申银万国证券研究所有限公司,申万综合Ⅱ,XSHG,2002-08-27,1144.53,1144.15,1136.22,1162.32,1150.18,32000000.0,404000000.0,5.65,0.0049369999999999995
133975,801231.ZICN,801231,上海申银万国证券研究所有限公司,申万综合Ⅱ,XSHG,2002-08-28,1150.18,1150.2,1140.01,1159.89,1146.6,25000000.0,305000000.0,-3.58,-0.003113
134191,801231.ZICN,801231,上海申银万国证券研究所有限公司,申万综合Ⅱ,XSHG,2002-08-29,1146.6,1145.6,1131.78,1155.02,1138.63,18000000.0,242000000.0,-7.97,-0.006951000000000001
134407,801231.ZICN,801231,上海申银万国证券研究所有限公司,申万综合Ⅱ,XSHG,2002-08-30,1138.63,1138.67,1129.5,1150.08,1137.5,16000000.0,179000000.0,-1.13,-0.000992
134624,801231.ZICN,801231,上海申银万国证券研究所有限公司,申万综合Ⅱ,XSHG,2002-09-02,1137.5,1137.69,1128.4,1145.99,1136.88,14000000.0,150000000.0,-0.62,-0.000545
134841,801231.ZICN,801231,上海申银万国证券研究所有限公司,申万综合Ⅱ,XSHG,2002-09-03,1136.88,1135.9,1130.43,1151.99,1140.3,18000000.0,217000000.0,3.42,0.003008
135058,801231.ZICN,801231,上海申银万国证券研究所有限公司,申万综合Ⅱ,XSHG,2002-09-04,1140.3,1138.73,1126.93,1148.19,1134.4,18000000.0,202000000.0,-5.9,-0.005174
135275,801231.ZICN,801231,上海申银万国证券研究所有限公司,申万综合Ⅱ,XSHG,2002-09-05,1134.4,1131.34,1113.8,1138.42,1120.73,21000000.0,219000000.0,-13.67,-0.01205
135492,801231.ZICN,801231,上海申银万国证券研究所有限公司,申万综合Ⅱ,XSHG,2002-09-06,1120.73,1117.73,1105.08,1127.54,1112.22,20000000.0,210000000.0,-8.51,-0.007593000000000001
135709,801231.ZICN,801231,上海申银万国证券研究所有限公司,申万综合Ⅱ,XSHG,2002-09-09,1112.22,1108.54,1096.09,1116.61,1105.73,15000000.0,148000000.0,-6.49,-0.005835
135926,801231.ZICN,801231,上海申银万国证券研究所有限公司,申万综合Ⅱ,XSHG,2002-09-10,1105.73,1104.07,1096.27,1118.22,1107.45,17000000.0,182000000.0,1.72,0.001556
136143,801231.ZICN,801231,上海申银万国证券研究所有限公司,申万综合Ⅱ,XSHG,2002-09-11,1107.45,1105.22,1088.97,1113.74,1103.9,13000000.0,134000000.0,-3.55,-0.003206
136360,801231.ZICN,801231,上海申银万国证券研究所有限公司,申万综合Ⅱ,XSHG,2002-09-12,1103.9,1101.32,1094.32,1114.67,1107.21,16000000.0,188000000.0,3.31,0.0029980000000000002
136577,801231.ZICN,801231,上海申银万国证券研究所有限公司,申万综合Ⅱ,XSHG,2002-09-13,1107.21,1105.57,1096.09,1112.99,1104.01,15000000.0,192000000.0,-3.2,-0.0028899999999999998
136794,801231.ZICN,801231,上海申银万国证券研究所有限公司,申万综合Ⅱ,XSHG,2002-09-16,1104.01,1101.1,1079.26,1106.39,1088.76,17000000.0,186000000.0,-15.25,-0.013812999999999999
137011,801231.ZICN,801231,上海申银万国证券研究所有限公司,申万综合Ⅱ,XSHG,2002-09-17,1088.76,1087.79,1072.23,1100.3,1085.58,17000000.0,190000000.0,-3.18,-0.002921
137228,801231.ZICN,801231,上海申银万国证券研究所有限公司,申万综合Ⅱ,XSHG,2002-09-18,1085.58,1084.31,1072.18,1094.59,1081.39,14000000.0,154000000.0,-4.19,-0.00386
137445,801231.ZICN,801231,上海申银万国证券研究所有限公司,申万综合Ⅱ,XSHG,2002-09-19,1081.39,1081.3,1068.36,1108.86,1100.62,23000000.0,228000000.0,19.23,0.017783
137662,801231.ZICN,801231,上海申银万国证券研究所有限公司,申万综合Ⅱ,XSHG,2002-09-20,1100.62,1100.34,1082.47,1107.54,1089.74,18000000.0,191000000.0,-10.88,-0.009885
137879,801231.ZICN,801231,上海申银万国证券研究所有限公司,申万综合Ⅱ,XSHG,2002-09-23,1089.74,1086.72,1077.53,1097.14,1086.35,9000000.0,101000000.0,-3.39,-0.003111
138096,801231.ZICN,801231,上海申银万国证券研究所有限公司,申万综合Ⅱ,XSHG,2002-09-24,1086.35,1085.74,1076.36,1097.13,1083.56,11000000.0,153000000.0,-2.79,-0.002568
138313,801231.ZICN,801231,上海申银万国证券研究所有限公司,申万综合Ⅱ,XSHG,2002-09-25,1083.56,1080.83,1068.17,1094.63,1077.92,20000000.0,228000000.0,-5.64,-0.0052049999999999996
138530,801231.ZICN,801231,上海申银万国证券研究所有限公司,申万综合Ⅱ,XSHG,2002-09-26,1077.92,1075.36,1062.04,1086.79,1071.46,20000000.0,221000000.0,-6.46,-0.005993
138747,801231.ZICN,801231,上海申银万国证券研究所有限公司,申万综合Ⅱ,XSHG,2002-09-27,1071.46,1070.88,1056.82,1083.13,1067.21,18000000.0,199000000.0,-4.25,-0.003967
138964,801231.ZICN,801231,上海申银万国证券研究所有限公司,申万综合Ⅱ,XSHG,2002-10-08,1067.21,1060.58,1045.25,1068.5,1056.51,11000000.0,122000000.0,-10.7,-0.010026
139181,801231.ZICN,801231,上海申银万国证券研究所有限公司,申万综合Ⅱ,XSHG,2002-10-09,1056.51,1054.12,1023.23,1060.14,1033.96,15000000.0,148000000.0,-22.55,-0.021344
139398,801231.ZICN,801231,上海申银万国证券研究所有限公司,申万综合Ⅱ,XSHG,2002-10-10,1033.96,1030.18,1021.07,1044.61,1029.74,11000000.0,111000000.0,-4.22,-0.004081
139615,801231.ZICN,801231,上海申银万国证券研究所有限公司,申万综合Ⅱ,XSHG,2002-10-11,1029.74,1030.22,1019.74,1041.23,1026.13,12000000.0,122000000.0,-3.61,-0.0035060000000000004
139832,801231.ZICN,801231,上海申银万国证券研究所有限公司,申万综合Ⅱ,XSHG,2002-10-14,1026.13,1022.63,1006.85,1039.39,1032.39,14000000.0,134000000.0,6.26,0.006101
140049,801231.ZICN,801231,上海申银万国证券研究所有限公司,申万综合Ⅱ,XSHG,2002-10-15,1032.39,1029.38,1019.54,1041.37,1028.88,12000000.0,119000000.0,-3.51,-0.0034
140266,801231.ZICN,801231,上海申银万国证券研究所有限公司,申万综合Ⅱ,XSHG,2002-10-16,1028.88,1028.23,1024.26,1053.93,1039.22,17000000.0,168000000.0,10.34,0.01005
140483,801231.ZICN,801231,上海申银万国证券研究所有限公司,申万综合Ⅱ,XSHG,2002-10-17,1039.22,1036.91,1011.06,1042.08,1018.98,15000000.0,130000000.0,-20.24,-0.019476
140700,801231.ZICN,801231,上海申银万国证券研究所有限公司,申万综合Ⅱ,XSHG,2002-10-18,1018.98,1013.91,1000.02,1031.87,1019.4,14000000.0,131000000.0,0.42,0.000412
140917,801231.ZICN,801231,上海申银万国证券研究所有限公司,申万综合Ⅱ,XSHG,2002-10-21,1019.4,1017.39,1006.07,1027.85,1022.25,14000000.0,126000000.0,2.85,0.002796
141134,801231.ZICN,801231,上海申银万国证券研究所有限公司,申万综合Ⅱ,XSHG,2002-10-22,1022.25,1023.74,1017.31,1046.7,1038.9,24000000.0,227000000.0,16.65,0.016288
141351,801231.ZICN,801231,上海申银万国证券研究所有限公司,申万综合Ⅱ,XSHG,2002-10-23,1038.9,1039.22,1027.4,1050.75,1042.18,26000000.0,270000000.0,3.28,0.003157
141568,801231.ZICN,801231,上海申银万国证券研究所有限公司,申万综合Ⅱ,XSHG,2002-10-24,1042.18,1040.89,1026.67,1049.83,1035.3,32000000.0,360000000.0,-6.88,-0.006601999999999999
141785,801231.ZICN,801231,上海申银万国证券研究所有限公司,申万综合Ⅱ,XSHG,2002-10-25,1035.3,1031.87,1012.28,1043.9,1019.71,27000000.0,285000000.0,-15.59,-0.015058000000000002
142002,801231.ZICN,801231,上海申银万国证券研究所有限公司,申万综合Ⅱ,XSHG,2002-10-28,1019.71,1014.66,998.57,1028.98,1008.0,23000000.0,227000000.0,-11.71,-0.011484000000000001
142219,801231.ZICN,801231,上海申银万国证券研究所有限公司,申万综合Ⅱ,XSHG,2002-10-29,1008.0,1005.07,990.61,1020.0,1013.43,24000000.0,252000000.0,5.43,0.005386999999999999
142436,801231.ZICN,801231,上海申银万国证券研究所有限公司,申万综合Ⅱ,XSHG,2002-10-30,1013.43,1013.93,995.89,1021.19,1008.09,19000000.0,197000000.0,-5.34,-0.005268999999999999
142653,801231.ZICN,801231,上海申银万国证券研究所有限公司,申万综合Ⅱ,XSHG,2002-10-31,1008.09,1008.79,997.08,1020.51,1003.7,17000000.0,172000000.0,-4.39,-0.0043549999999999995
142870,801231.ZICN,801231,上海申银万国证券研究所有限公司,申万综合Ⅱ,XSHG,2002-11-01,1003.7,1003.51,987.86,1013.94,1000.68,20000000.0,197000000.0,-3.02,-0.003009
143087,801231.ZICN,801231,上海申银万国证券研究所有限公司,申万综合Ⅱ,XSHG,2002-11-04,1000.68,1005.13,995.77,1021.91,1015.56,17000000.0,166000000.0,14.88,0.01487
143304,801231.ZICN,801231,上海申银万国证券研究所有限公司,申万综合Ⅱ,XSHG,2002-11-05,1015.56,1017.11,1010.74,1041.34,1033.06,33000000.0,322000000.0,17.5,0.017232
143521,801231.ZICN,801231,上海申银万国证券研究所有限公司,申万综合Ⅱ,XSHG,2002-11-06,1033.06,1033.1,1021.18,1039.69,1030.16,19000000.0,184000000.0,-2.9,-0.002807
143738,801231.ZICN,801231,上海申银万国证券研究所有限公司,申万综合Ⅱ,XSHG,2002-11-07,1030.16,1037.22,1019.04,1043.86,1027.45,25000000.0,256000000.0,-2.71,-0.0026309999999999997
143955,801231.ZICN,801231,上海申银万国证券研究所有限公司,申万综合Ⅱ,XSHG,2002-11-08,1027.45,1035.44,988.25,1044.81,996.14,24000000.0,237000000.0,-31.31,-0.030474
144172,801231.ZICN,801231,上海申银万国证券研究所有限公司,申万综合Ⅱ,XSHG,2002-11-11,996.14,994.45,977.02,1006.06,982.65,13000000.0,126000000.0,-13.49,-0.013541999999999998
144389,801231.ZICN,801231,上海申银万国证券研究所有限公司,申万综合Ⅱ,XSHG,2002-11-12,982.65,981.04,948.64,991.98,956.98,23000000.0,202000000.0,-25.67,-0.026123
144606,801231.ZICN,801231,上海申银万国证券研究所有限公司,申万综合Ⅱ,XSHG,2002-11-13,956.98,953.85,932.92,964.32,958.44,22000000.0,205000000.0,1.46,0.001526
144823,801231.ZICN,801231,上海申银万国证券研究所有限公司,申万综合Ⅱ,XSHG,2002-11-14,958.44,957.0,929.2,962.05,934.7,21000000.0,226000000.0,-23.74,-0.024769
145040,801231.ZICN,801231,上海申银万国证券研究所有限公司,申万综合Ⅱ,XSHG,2002-11-15,934.7,929.38,921.74,952.35,937.05,17000000.0,166000000.0,2.35,0.002514
145257,801231.ZICN,801231,上海申银万国证券研究所有限公司,申万综合Ⅱ,XSHG,2002-11-18,937.05,938.13,918.89,945.6,927.74,13000000.0,117000000.0,-9.31,-0.009935
145474,801231.ZICN,801231,上海申银万国证券研究所有限公司,申万综合Ⅱ,XSHG,2002-11-19,927.74,928.28,915.78,944.7,935.8,14000000.0,130000000.0,8.06,0.008688
145691,801231.ZICN,801231,上海申银万国证券研究所有限公司,申万综合Ⅱ,XSHG,2002-11-20,935.8,932.12,899.43,936.08,906.1,17000000.0,154000000.0,-29.7,-0.031738
145908,801231.ZICN,801231,上海申银万国证券研究所有限公司,申万综合Ⅱ,XSHG,2002-11-21,906.1,899.55,867.7,908.02,873.8,22000000.0,183000000.0,-32.3,-0.035647000000000005
146125,801231.ZICN,801231,上海申银万国证券研究所有限公司,申万综合Ⅱ,XSHG,2002-11-22,873.8,876.84,856.25,898.67,880.31,22000000.0,202000000.0,6.51,0.00745
146342,801231.ZICN,801231,上海申银万国证券研究所有限公司,申万综合Ⅱ,XSHG,2002-11-25,880.31,874.2,866.02,898.87,888.63,17000000.0,154000000.0,8.32,0.009451000000000001
146559,801231.ZICN,801231,上海申银万国证券研究所有限公司,申万综合Ⅱ,XSHG,2002-11-26,888.63,886.17,863.03,898.89,867.7,16000000.0,149000000.0,-20.93,-0.023553
146776,801231.ZICN,801231,上海申银万国证券研究所有限公司,申万综合Ⅱ,XSHG,2002-11-27,867.7,861.28,847.35,884.09,875.61,19000000.0,163000000.0,7.91,0.009115999999999999
146993,801231.ZICN,801231,上海申银万国证券研究所有限公司,申万综合Ⅱ,XSHG,2002-11-28,875.61,873.94,864.32,906.32,903.44,27000000.0,236000000.0,27.83,0.031784
147210,801231.ZICN,801231,上海申银万国证券研究所有限公司,申万综合Ⅱ,XSHG,2002-11-29,903.44,905.55,894.93,939.42,920.74,66000000.0,559000000.0,17.3,0.019149
147427,801231.ZICN,801231,上海申银万国证券研究所有限公司,申万综合Ⅱ,XSHG,2002-12-02,920.74,916.99,884.71,923.03,890.69,30000000.0,241000000.0,-30.05,-0.032637
147644,801231.ZICN,801231,上海申银万国证券研究所有限公司,申万综合Ⅱ,XSHG,2002-12-03,890.69,885.66,880.49,911.81,904.38,26000000.0,219000000.0,13.69,0.015369999999999998
147861,801231.ZICN,801231,上海申银万国证券研究所有限公司,申万综合Ⅱ,XSHG,2002-12-04,904.38,909.04,896.15,923.73,907.62,32000000.0,260000000.0,3.24,0.003583
148078,801231.ZICN,801231,上海申银万国证券研究所有限公司,申万综合Ⅱ,XSHG,2002-12-05,907.62,905.26,888.39,911.76,901.16,22000000.0,197000000.0,-6.46,-0.007118000000000001
148295,801231.ZICN,801231,上海申银万国证券研究所有限公司,申万综合Ⅱ,XSHG,2002-12-06,901.16,900.38,890.27,913.39,900.05,19000000.0,162000000.0,-1.11,-0.001232
148512,801231.ZICN,801231,上海申银万国证券研究所有限公司,申万综合Ⅱ,XSHG,2002-12-09,900.05,896.79,886.45,907.99,894.41,14000000.0,122000000.0,-5.64,-0.006266
148729,801231.ZICN,801231,上海申银万国证券研究所有限公司,申万综合Ⅱ,XSHG,2002-12-10,894.41,892.02,872.36,900.29,877.6,21000000.0,178000000.0,-16.81,-0.018795
148946,801231.ZICN,801231,上海申银万国证券研究所有限公司,申万综合Ⅱ,XSHG,2002-12-11,877.6,871.93,859.11,883.27,875.45,22000000.0,182000000.0,-2.15,-0.00245
149163,801231.ZICN,801231,上海申银万国证券研究所有限公司,申万综合Ⅱ,XSHG,2002-12-12,875.45,874.24,867.71,895.58,880.51,19000000.0,149000000.0,5.06,0.0057799999999999995
149380,801231.ZICN,801231,上海申银万国证券研究所有限公司,申万综合Ⅱ,XSHG,2002-12-13,880.51,872.24,860.35,902.46,895.39,26000000.0,212000000.0,14.88,0.016899
149597,801231.ZICN,801231,上海申银万国证券研究所有限公司,申万综合Ⅱ,XSHG,2002-12-16,895.39,894.46,884.76,912.66,904.82,33000000.0,279000000.0,9.43,0.010532
149814,801231.ZICN,801231,上海申银万国证券研究所有限公司,申万综合Ⅱ,XSHG,2002-12-17,904.82,902.23,892.96,917.08,910.63,23000000.0,191000000.0,5.81,0.006421
150031,801231.ZICN,801231,上海申银万国证券研究所有限公司,申万综合Ⅱ,XSHG,2002-12-18,910.63,907.11,893.67,923.23,904.29,27000000.0,231000000.0,-6.34,-0.006962
150248,801231.ZICN,801231,上海申银万国证券研究所有限公司,申万综合Ⅱ,XSHG,2002-12-19,904.29,900.53,889.93,913.18,904.41,21000000.0,181000000.0,0.12,0.000133
150465,801231.ZICN,801231,上海申银万国证券研究所有限公司,申万综合Ⅱ,XSHG,2002-12-20,904.41,905.23,897.64,927.93,918.42,36000000.0,288000000.0,14.01,0.015491
150682,801231.ZICN,801231,上海申银万国证券研究所有限公司,申万综合Ⅱ,XSHG,2002-12-23,918.42,917.69,909.66,935.81,920.45,32000000.0,247000000.0,2.03,0.00221
150899,801231.ZICN,801231,上海申银万国证券研究所有限公司,申万综合Ⅱ,XSHG,2002-12-24,920.45,917.76,909.51,931.51,924.87,32000000.0,295000000.0,4.42,0.004802000000000001
151116,801231.ZICN,801231,上海申银万国证券研究所有限公司,申万综合Ⅱ,XSHG,2002-12-25,924.87,925.92,908.78,934.23,914.15,22000000.0,186000000.0,-10.72,-0.011590999999999999
151333,801231.ZICN,801231,上海申银万国证券研究所有限公司,申万综合Ⅱ,XSHG,2002-12-26,914.15,910.16,878.03,915.35,884.18,30000000.0,242000000.0,-29.97,-0.032785
151550,801231.ZICN,801231,上海申银万国证券研究所有限公司,申万综合Ⅱ,XSHG,2002-12-27,884.18,878.12,863.91,899.14,884.92,28000000.0,217000000.0,0.74,0.000837
151767,801231.ZICN,801231,上海申银万国证券研究所有限公司,申万综合Ⅱ,XSHG,2002-12-30,884.92,878.83,862.86,888.86,874.58,20000000.0,152000000.0,-10.34,-0.011685
151984,801231.ZICN,801231,上海申银万国证券研究所有限公司,申万综合Ⅱ,XSHG,2002-12-31,874.58,872.78,856.76,887.62,868.74,23000000.0,188000000.0,-5.84,-0.006677
152201,801231.ZICN,801231,上海申银万国证券研究所有限公司,申万综合Ⅱ,XSHG,2003-01-02,868.74,860.89,844.78,874.15,853.82,16000000.0,123000000.0,-14.92,-0.017174000000000002
152418,801231.ZICN,801231,上海申银万国证券研究所有限公司,申万综合Ⅱ,XSHG,2003-01-03,853.82,849.31,843.49,864.61,857.0,15000000.0,117000000.0,3.18,0.0037240000000000003
152635,801231.ZICN,801231,上海申银万国证券研究所有限公司,申万综合Ⅱ,XSHG,2003-01-06,857.0,854.86,845.74,873.2,869.16,15000000.0,118000000.0,12.16,0.014188999999999998
152852,801231.ZICN,801231,上海申银万国证券研究所有限公司,申万综合Ⅱ,XSHG,2003-01-07,869.16,867.99,857.93,882.98,865.78,16000000.0,127000000.0,-3.38,-0.003889
153069,801231.ZICN,801231,上海申银万国证券研究所有限公司,申万综合Ⅱ,XSHG,2003-01-08,865.78,865.03,858.69,896.22,891.02,23000000.0,196000000.0,25.24,0.029153
153286,801231.ZICN,801231,上海申银万国证券研究所有限公司,申万综合Ⅱ,XSHG,2003-01-09,891.02,892.21,881.37,917.34,908.08,47000000.0,398000000.0,17.06,0.019147
153503,801231.ZICN,801231,上海申银万国证券研究所有限公司,申万综合Ⅱ,XSHG,2003-01-10,908.08,905.86,889.41,922.0,897.97,41000000.0,333000000.0,-10.11,-0.011133
153720,801231.ZICN,801231,上海申银万国证券研究所有限公司,申万综合Ⅱ,XSHG,2003-01-13,897.97,895.42,887.33,915.83,906.79,28000000.0,222000000.0,8.82,0.009822
153937,801231.ZICN,801231,上海申银万国证券研究所有限公司,申万综合Ⅱ,XSHG,2003-01-14,906.79,905.74,900.21,959.49,944.78,82000000.0,652000000.0,37.99,0.041895
154154,801231.ZICN,801231,上海申银万国证券研究所有限公司,申万综合Ⅱ,XSHG,2003-01-15,944.78,948.25,927.96,973.9,943.39,76000000.0,649000000.0,-1.39,-0.001471
154371,801231.ZICN,801231,上海申银万国证券研究所有限公司,申万综合Ⅱ,XSHG,2003-01-16,943.39,941.67,934.82,971.55,967.15,73000000.0,668000000.0,23.76,0.025186
154588,801231.ZICN,801231,上海申银万国证券研究所有限公司,申万综合Ⅱ,XSHG,2003-01-17,967.15,970.52,951.99,986.33,964.01,73000000.0,678000000.0,-3.14,-0.003247
154805,801231.ZICN,801231,上海申银万国证券研究所有限公司,申万综合Ⅱ,XSHG,2003-01-20,964.01,959.92,941.49,977.48,965.26,57000000.0,525000000.0,1.25,0.001297
155022,801231.ZICN,801231,上海申银万国证券研究所有限公司,申万综合Ⅱ,XSHG,2003-01-21,965.26,967.33,938.19,982.89,944.74,53000000.0,478000000.0,-20.52,-0.021259
155239,801231.ZICN,801231,上海申银万国证券研究所有限公司,申万综合Ⅱ,XSHG,2003-01-22,944.74,937.69,929.62,956.18,948.28,38000000.0,343000000.0,3.54,0.003747
155456,801231.ZICN,801231,上海申银万国证券研究所有限公司,申万综合Ⅱ,XSHG,2003-01-23,948.28,946.45,928.13,959.47,936.4,31000000.0,261000000.0,-11.88,-0.012528000000000001
155673,801231.ZICN,801231,上海申银万国证券研究所有限公司,申万综合Ⅱ,XSHG,2003-01-24,936.4,935.24,927.73,956.17,950.36,31000000.0,255000000.0,13.96,0.014908000000000001
155890,801231.ZICN,801231,上海申银万国证券研究所有限公司,申万综合Ⅱ,XSHG,2003-01-27,950.36,950.71,944.95,967.87,959.8,29000000.0,243000000.0,9.44,0.009932999999999999
156107,801231.ZICN,801231,上海申银万国证券研究所有限公司,申万综合Ⅱ,XSHG,2003-01-28,959.8,960.34,950.14,970.15,963.52,24000000.0,216000000.0,3.72,0.0038759999999999997
156324,801231.ZICN,801231,上海申银万国证券研究所有限公司,申万综合Ⅱ,XSHG,2003-01-29,963.52,963.38,956.07,973.7,962.32,29000000.0,251000000.0,-1.2,-0.001245
156541,801231.ZICN,801231,上海申银万国证券研究所有限公司,申万综合Ⅱ,XSHG,2003-02-10,962.32,960.9,940.8,970.26,951.76,20000000.0,178000000.0,-10.56,-0.010973
156758,801231.ZICN,801231,上海申银万国证券研究所有限公司,申万综合Ⅱ,XSHG,2003-02-11,951.76,948.86,943.56,966.07,962.77,22000000.0,182000000.0,11.01,0.011568
156975,801231.ZICN,801231,上海申银万国证券研究所有限公司,申万综合Ⅱ,XSHG,2003-02-12,962.77,960.85,953.01,982.97,979.3,39000000.0,337000000.0,16.53,0.017169
157192,801231.ZICN,801231,上海申银万国证券研究所有限公司,申万综合Ⅱ,XSHG,2003-02-13,979.3,980.34,966.89,993.21,974.8,42000000.0,394000000.0,-4.5,-0.004595
157409,801231.ZICN,801231,上海申银万国证券研究所有限公司,申万综合Ⅱ,XSHG,2003-02-14,974.8,971.57,965.96,986.7,978.39,29000000.0,252000000.0,3.59,0.0036829999999999996
157626,801231.ZICN,801231,上海申银万国证券研究所有限公司,申万综合Ⅱ,XSHG,2003-02-17,978.39,977.9,962.06,989.32,971.03,33000000.0,291000000.0,-7.36,-0.007523
157843,801231.ZICN,801231,上海申银万国证券研究所有限公司,申万综合Ⅱ,XSHG,2003-02-18,971.03,969.51,961.41,981.59,973.05,25000000.0,224000000.0,2.02,0.0020800000000000003
158060,801231.ZICN,801231,上海申银万国证券研究所有限公司,申万综合Ⅱ,XSHG,2003-02-19,973.05,973.84,965.14,989.11,985.91,25000000.0,225000000.0,12.86,0.013216
158277,801231.ZICN,801231,上海申银万国证券研究所有限公司,申万综合Ⅱ,XSHG,2003-02-20,985.91,985.76,975.11,994.8,981.98,30000000.0,258000000.0,-3.93,-0.003986
158494,801231.ZICN,801231,上海申银万国证券研究所有限公司,申万综合Ⅱ,XSHG,2003-02-21,981.98,980.5,956.17,986.67,963.61,42000000.0,370000000.0,-18.37,-0.018706999999999998
158711,801231.ZICN,801231,上海申银万国证券研究所有限公司,申万综合Ⅱ,XSHG,2003-02-24,963.61,960.39,955.19,973.41,963.17,25000000.0,230000000.0,-0.44,-0.00045700000000000005
158928,801231.ZICN,801231,上海申银万国证券研究所有限公司,申万综合Ⅱ,XSHG,2003-02-25,963.17,963.44,960.13,989.59,984.42,38000000.0,354000000.0,21.25,0.022063
159145,801231.ZICN,801231,上海申银万国证券研究所有限公司,申万综合Ⅱ,XSHG,2003-02-26,984.42,983.01,971.66,991.08,980.45,22000000.0,225000000.0,-3.97,-0.004033
159362,801231.ZICN,801231,上海申银万国证券研究所有限公司,申万综合Ⅱ,XSHG,2003-02-27,980.45,979.8,971.31,993.57,979.66,26000000.0,255000000.0,-0.79,-0.0008060000000000001
159579,801231.ZICN,801231,上海申银万国证券研究所有限公司,申万综合Ⅱ,XSHG,2003-02-28,979.66,978.06,965.28,984.6,974.51,20000000.0,190000000.0,-5.15,-0.005257
159796,801231.ZICN,801231,上海申银万国证券研究所有限公司,申万综合Ⅱ,XSHG,2003-03-03,974.51,972.0,961.85,983.75,978.64,28000000.0,242000000.0,4.13,0.0042380000000000004
160013,801231.ZICN,801231,上海申银万国证券研究所有限公司,申万综合Ⅱ,XSHG,2003-03-04,978.64,978.86,969.38,987.03,977.9,21000000.0,189000000.0,-0.74,-0.0007559999999999999
160230,801231.ZICN,801231,上海申银万国证券研究所有限公司,申万综合Ⅱ,XSHG,2003-03-05,977.9,976.49,962.2,982.3,972.57,23000000.0,204000000.0,-5.33,-0.00545
160447,801231.ZICN,801231,上海申银万国证券研究所有限公司,申万综合Ⅱ,XSHG,2003-03-06,972.57,971.67,953.56,977.9,959.67,26000000.0,224000000.0,-12.9,-0.013263999999999998
160664,801231.ZICN,801231,上海申银万国证券研究所有限公司,申万综合Ⅱ,XSHG,2003-03-07,959.67,958.53,948.76,968.41,955.0,20000000.0,176000000.0,-4.67,-0.004866
160881,801231.ZICN,801231,上海申银万国证券研究所有限公司,申万综合Ⅱ,XSHG,2003-03-10,955.0,953.59,927.97,961.03,935.94,25000000.0,220000000.0,-19.06,-0.019958
161098,801231.ZICN,801231,上海申银万国证券研究所有限公司,申万综合Ⅱ,XSHG,2003-03-11,935.94,934.35,927.49,947.79,938.06,22000000.0,186000000.0,2.12,0.0022649999999999997
161315,801231.ZICN,801231,上海申银万国证券研究所有限公司,申万综合Ⅱ,XSHG,2003-03-12,938.06,936.56,924.75,944.53,938.68,14000000.0,123000000.0,0.62,0.000661
161532,801231.ZICN,801231,上海申银万国证券研究所有限公司,申万综合Ⅱ,XSHG,2003-03-13,938.68,939.1,925.5,948.02,931.43,17000000.0,152000000.0,-7.25,-0.007723999999999999
161749,801231.ZICN,801231,上海申银万国证券研究所有限公司,申万综合Ⅱ,XSHG,2003-03-14,931.43,931.69,921.24,940.8,930.19,16000000.0,136000000.0,-1.24,-0.0013310000000000002
161966,801231.ZICN,801231,上海申银万国证券研究所有限公司,申万综合Ⅱ,XSHG,2003-03-17,930.19,929.26,913.33,937.33,930.58,20000000.0,187000000.0,0.39,0.00041900000000000005
162183,801231.ZICN,801231,上海申银万国证券研究所有限公司,申万综合Ⅱ,XSHG,2003-03-18,930.58,929.48,919.02,944.06,923.35,23000000.0,196000000.0,-7.23,-0.007769
162400,801231.ZICN,801231,上海申银万国证券研究所有限公司,申万综合Ⅱ,XSHG,2003-03-19,923.35,922.52,909.01,933.43,922.07,22000000.0,183000000.0,-1.28,-0.0013859999999999999
162617,801231.ZICN,801231,上海申银万国证券研究所有限公司,申万综合Ⅱ,XSHG,2003-03-20,922.07,921.6,909.98,935.37,920.02,33000000.0,268000000.0,-2.05,-0.002223
162834,801231.ZICN,801231,上海申银万国证券研究所有限公司,申万综合Ⅱ,XSHG,2003-03-21,920.02,917.97,912.5,934.29,929.33,22000000.0,199000000.0,9.31,0.010119
163051,801231.ZICN,801231,上海申银万国证券研究所有限公司,申万综合Ⅱ,XSHG,2003-03-24,929.33,928.8,921.46,938.55,931.71,14000000.0,131000000.0,2.38,0.002561
163268,801231.ZICN,801231,上海申银万国证券研究所有限公司,申万综合Ⅱ,XSHG,2003-03-25,931.71,929.88,914.06,937.31,921.22,20000000.0,170000000.0,-10.49,-0.011259
163485,801231.ZICN,801231,上海申银万国证券研究所有限公司,申万综合Ⅱ,XSHG,2003-03-26,921.22,918.64,906.12,926.41,914.59,22000000.0,177000000.0,-6.63,-0.007197
163702,801231.ZICN,801231,上海申银万国证券研究所有限公司,申万综合Ⅱ,XSHG,2003-03-27,914.59,913.02,901.86,944.62,936.7,36000000.0,278000000.0,22.11,0.024175
163919,801231.ZICN,801231,上海申银万国证券研究所有限公司,申万综合Ⅱ,XSHG,2003-03-28,936.7,936.26,923.21,946.01,930.09,29000000.0,229000000.0,-6.61,-0.007056999999999999
164136,801231.ZICN,801231,上海申银万国证券研究所有限公司,申万综合Ⅱ,XSHG,2003-03-31,930.09,929.37,922.08,940.65,934.34,25000000.0,197000000.0,4.25,0.004569
164353,801231.ZICN,801231,上海申银万国证券研究所有限公司,申万综合Ⅱ,XSHG,2003-04-01,934.34,934.93,928.21,956.99,949.3,43000000.0,354000000.0,14.96,0.016011
164570,801231.ZICN,801231,上海申银万国证券研究所有限公司,申万综合Ⅱ,XSHG,2003-04-02,949.3,949.13,938.03,957.94,946.74,32000000.0,259000000.0,-2.56,-0.0026969999999999997
164787,801231.ZICN,801231,上海申银万国证券研究所有限公司,申万综合Ⅱ,XSHG,2003-04-03,946.74,945.96,935.68,954.64,943.73,24000000.0,204000000.0,-3.01,-0.003179
165004,801231.ZICN,801231,上海申银万国证券研究所有限公司,申万综合Ⅱ,XSHG,2003-04-04,943.73,941.97,934.14,956.55,948.15,33000000.0,239000000.0,4.42,0.004684000000000001
165221,801231.ZICN,801231,上海申银万国证券研究所有限公司,申万综合Ⅱ,XSHG,2003-04-07,948.15,948.62,931.53,961.0,943.2,43000000.0,308000000.0,-4.95,-0.005221
165436,801231.ZICN,801231,上海申银万国证券研究所有限公司,申万综合Ⅱ,XSHG,2003-04-08,943.2,941.3,927.24,951.85,936.18,36000000.0,274000000.0,-7.02,-0.007443000000000001
165653,801231.ZICN,801231,上海申银万国证券研究所有限公司,申万综合Ⅱ,XSHG,2003-04-09,936.18,931.19,913.95,950.02,939.59,48000000.0,364000000.0,3.41,0.0036420000000000003
165870,801231.ZICN,801231,上海申银万国证券研究所有限公司,申万综合Ⅱ,XSHG,2003-04-10,939.59,939.63,920.07,956.82,941.54,60000000.0,458000000.0,1.95,0.002075
166087,801231.ZICN,801231,上海申银万国证券研究所有限公司,申万综合Ⅱ,XSHG,2003-04-11,941.54,942.91,928.72,958.36,948.48,52000000.0,413000000.0,6.94,0.007370999999999999
166304,801231.ZICN,801231,上海申银万国证券研究所有限公司,申万综合Ⅱ,XSHG,2003-04-14,948.48,948.68,940.24,981.37,971.34,76000000.0,609000000.0,22.86,0.024102000000000002
166521,801231.ZICN,801231,上海申银万国证券研究所有限公司,申万综合Ⅱ,XSHG,2003-04-15,971.34,973.63,958.33,991.91,978.66,68000000.0,569000000.0,7.32,0.007536
166738,801231.ZICN,801231,上海申银万国证券研究所有限公司,申万综合Ⅱ,XSHG,2003-04-16,978.66,980.91,955.11,1004.2,969.74,93000000.0,739000000.0,-8.92,-0.009115
166955,801231.ZICN,801231,上海申银万国证券研究所有限公司,申万综合Ⅱ,XSHG,2003-04-17,969.74,967.68,952.81,996.57,981.54,89000000.0,702000000.0,11.8,0.012168
167172,801231.ZICN,801231,上海申银万国证券研究所有限公司,申万综合Ⅱ,XSHG,2003-04-18,981.54,981.39,965.05,999.72,980.02,76000000.0,635000000.0,-1.52,-0.001549
167389,801231.ZICN,801231,上海申银万国证券研究所有限公司,申万综合Ⅱ,XSHG,2003-04-21,980.02,973.21,942.85,983.31,960.36,59000000.0,493000000.0,-19.66,-0.020061000000000002
167606,801231.ZICN,801231,上海申银万国证券研究所有限公司,申万综合Ⅱ,XSHG,2003-04-22,960.36,956.71,942.92,971.94,955.16,49000000.0,374000000.0,-5.2,-0.005415
167823,801231.ZICN,801231,上海申银万国证券研究所有限公司,申万综合Ⅱ,XSHG,2003-04-23,955.16,953.22,929.97,966.2,939.84,54000000.0,402000000.0,-15.32,-0.016038999999999998
168040,801231.ZICN,801231,上海申银万国证券研究所有限公司,申万综合Ⅱ,XSHG,2003-04-24,939.84,938.44,898.89,947.26,911.08,58000000.0,427000000.0,-28.76,-0.030601
168257,801231.ZICN,801231,上海申银万国证券研究所有限公司,申万综合Ⅱ,XSHG,2003-04-25,911.08,906.24,884.3,922.44,894.12,42000000.0,296000000.0,-16.96,-0.018615
168474,801231.ZICN,801231,上海申银万国证券研究所有限公司,申万综合Ⅱ,XSHG,2003-04-28,894.12,890.14,869.18,919.16,909.52,53000000.0,370000000.0,15.4,0.017224
168691,801231.ZICN,801231,上海申银万国证券研究所有限公司,申万综合Ⅱ,XSHG,2003-04-29,909.52,909.45,884.28,924.37,901.13,56000000.0,416000000.0,-8.39,-0.009225
168907,801231.ZICN,801231,上海申银万国证券研究所有限公司,申万综合Ⅱ,XSHG,2003-04-30,901.13,902.12,878.74,918.88,894.42,51000000.0,372000000.0,-6.71,-0.0074459999999999995
169124,801231.ZICN,801231,上海申银万国证券研究所有限公司,申万综合Ⅱ,XSHG,2003-05-12,894.42,890.66,866.58,906.53,881.12,47000000.0,319000000.0,-13.3,-0.01487
169341,801231.ZICN,801231,上海申银万国证券研究所有限公司,申万综合Ⅱ,XSHG,2003-05-13,881.12,875.15,837.52,893.21,861.6,84000000.0,563000000.0,-19.52,-0.022154
169558,801231.ZICN,801231,上海申银万国证券研究所有限公司,申万综合Ⅱ,XSHG,2003-05-14,861.6,858.04,848.93,886.33,878.63,59000000.0,396000000.0,17.03,0.019766
169775,801231.ZICN,801231,上海申银万国证券研究所有限公司,申万综合Ⅱ,XSHG,2003-05-15,878.63,875.59,862.2,912.31,898.16,65000000.0,455000000.0,19.53,0.022228
169992,801231.ZICN,801231,上海申银万国证券研究所有限公司,申万综合Ⅱ,XSHG,2003-05-16,898.16,897.98,882.25,913.73,896.59,49000000.0,342000000.0,-1.57,-0.001748
170209,801231.ZICN,801231,上海申银万国证券研究所有限公司,申万综合Ⅱ,XSHG,2003-05-19,896.59,896.22,884.41,914.95,903.76,47000000.0,318000000.0,7.17,0.007997
170426,801231.ZICN,801231,上海申银万国证券研究所有限公司,申万综合Ⅱ,XSHG,2003-05-20,903.76,901.81,882.39,908.95,893.88,48000000.0,316000000.0,-9.88,-0.010931999999999999
170643,801231.ZICN,801231,上海申银万国证券研究所有限公司,申万综合Ⅱ,XSHG,2003-05-21,893.88,890.85,883.72,907.62,894.67,39000000.0,275000000.0,0.79,0.000884
170860,801231.ZICN,801231,上海申银万国证券研究所有限公司,申万综合Ⅱ,XSHG,2003-05-22,894.67,892.07,881.86,909.26,901.69,55000000.0,396000000.0,7.02,0.007845999999999999
171077,801231.ZICN,801231,上海申银万国证券研究所有限公司,申万综合Ⅱ,XSHG,2003-05-23,901.69,903.16,893.03,924.01,911.57,84000000.0,630000000.0,9.88,0.010957
171294,801231.ZICN,801231,上海申银万国证券研究所有限公司,申万综合Ⅱ,XSHG,2003-05-26,911.57,911.34,902.78,929.34,921.44,63000000.0,501000000.0,9.87,0.010827
171511,801231.ZICN,801231,上海申银万国证券研究所有限公司,申万综合Ⅱ,XSHG,2003-05-27,921.44,921.21,909.99,938.39,928.99,63000000.0,492000000.0,7.55,0.008194
171728,801231.ZICN,801231,上海申银万国证券研究所有限公司,申万综合Ⅱ,XSHG,2003-05-28,928.99,925.41,910.24,945.17,923.28,71000000.0,545000000.0,-5.71,-0.006146
171945,801231.ZICN,801231,上海申银万国证券研究所有限公司,申万综合Ⅱ,XSHG,2003-05-29,923.28,917.72,907.17,939.63,932.71,61000000.0,467000000.0,9.43,0.010214
172162,801231.ZICN,801231,上海申银万国证券研究所有限公司,申万综合Ⅱ,XSHG,2003-05-30,932.71,934.62,921.67,952.9,938.05,64000000.0,517000000.0,5.34,0.005725
172379,801231.ZICN,801231,上海申银万国证券研究所有限公司,申万综合Ⅱ,XSHG,2003-06-02,938.05,939.91,921.07,952.71,940.19,59000000.0,469000000.0,2.14,0.002281
172596,801231.ZICN,801231,上海申银万国证券研究所有限公司,申万综合Ⅱ,XSHG,2003-06-03,940.19,938.02,922.74,953.46,934.1,43000000.0,357000000.0,-6.09,-0.006476999999999999
172813,801231.ZICN,801231,上海申银万国证券研究所有限公司,申万综合Ⅱ,XSHG,2003-06-04,934.1,929.59,910.35,943.42,928.62,57000000.0,460000000.0,-5.48,-0.005867
173030,801231.ZICN,801231,上海申银万国证券研究所有限公司,申万综合Ⅱ,XSHG,2003-06-05,928.62,926.62,910.99,938.62,919.88,49000000.0,410000000.0,-8.74,-0.009412
173247,801231.ZICN,801231,上海申银万国证券研究所有限公司,申万综合Ⅱ,XSHG,2003-06-06,919.88,915.95,897.28,926.37,904.26,50000000.0,419000000.0,-15.62,-0.016980000000000002
173464,801231.ZICN,801231,上海申银万国证券研究所有限公司,申万综合Ⅱ,XSHG,2003-06-09,904.26,896.62,884.81,910.73,893.87,40000000.0,331000000.0,-10.39,-0.01149
173681,801231.ZICN,801231,上海申银万国证券研究所有限公司,申万综合Ⅱ,XSHG,2003-06-10,893.87,891.49,884.33,909.55,898.75,29000000.0,228000000.0,4.88,0.005459
173898,801231.ZICN,801231,上海申银万国证券研究所有限公司,申万综合Ⅱ,XSHG,2003-06-11,898.75,897.94,893.8,918.72,914.05,30000000.0,225000000.0,15.3,0.017024
174115,801231.ZICN,801231,上海申银万国证券研究所有限公司,申万综合Ⅱ,XSHG,2003-06-12,914.05,913.36,900.2,925.2,911.74,28000000.0,224000000.0,-2.31,-0.002527
174332,801231.ZICN,801231,上海申银万国证券研究所有限公司,申万综合Ⅱ,XSHG,2003-06-13,911.74,908.59,900.87,925.48,915.0,40000000.0,309000000.0,3.26,0.0035759999999999998
174549,801231.ZICN,801231,上海申银万国证券研究所有限公司,申万综合Ⅱ,XSHG,2003-06-16,915.0,915.32,901.07,928.3,914.43,40000000.0,309000000.0,-0.57,-0.0006230000000000001
174766,801231.ZICN,801231,上海申银万国证券研究所有限公司,申万综合Ⅱ,XSHG,2003-06-17,914.43,911.9,895.57,920.09,905.45,28000000.0,216000000.0,-8.98,-0.00982
174983,801231.ZICN,801231,上海申银万国证券研究所有限公司,申万综合Ⅱ,XSHG,2003-06-18,905.45,904.28,894.91,917.13,905.19,39000000.0,320000000.0,-0.26,-0.00028700000000000004
175200,801231.ZICN,801231,上海申银万国证券研究所有限公司,申万综合Ⅱ,XSHG,2003-06-19,905.19,901.96,885.48,911.44,896.2,33000000.0,252000000.0,-8.99,-0.009932
175417,801231.ZICN,801231,上海申银万国证券研究所有限公司,申万综合Ⅱ,XSHG,2003-06-20,896.2,895.52,876.38,904.42,883.42,43000000.0,331000000.0,-12.78,-0.01426
175634,801231.ZICN,801231,上海申银万国证券研究所有限公司,申万综合Ⅱ,XSHG,2003-06-23,883.42,878.41,862.94,891.51,875.28,68000000.0,481000000.0,-8.14,-0.009214
175851,801231.ZICN,801231,上海申银万国证券研究所有限公司,申万综合Ⅱ,XSHG,2003-06-24,875.28,871.57,860.14,887.31,877.56,57000000.0,413000000.0,2.28,0.002605
176068,801231.ZICN,801231,上海申银万国证券研究所有限公司,申万综合Ⅱ,XSHG,2003-06-25,877.56,874.91,863.91,887.86,874.28,41000000.0,300000000.0,-3.28,-0.0037380000000000004
176285,801231.ZICN,801231,上海申银万国证券研究所有限公司,申万综合Ⅱ,XSHG,2003-06-26,874.28,872.18,857.11,889.95,880.17,54000000.0,406000000.0,5.89,0.006737000000000001
176502,801231.ZICN,801231,上海申银万国证券研究所有限公司,申万综合Ⅱ,XSHG,2003-06-27,880.17,877.85,860.7,892.18,871.92,51000000.0,382000000.0,-8.25,-0.009373000000000001
176719,801231.ZICN,801231,上海申银万国证券研究所有限公司,申万综合Ⅱ,XSHG,2003-06-30,871.92,868.11,854.0,881.05,862.56,28000000.0,218000000.0,-9.36,-0.010735
176936,801231.ZICN,801231,上海申银万国证券研究所有限公司,申万综合Ⅱ,XSHG,2003-07-01,862.56,858.31,849.85,875.85,859.86,36000000.0,274000000.0,-2.7,-0.00313
177153,801231.ZICN,801231,上海申银万国证券研究所有限公司,申万综合Ⅱ,XSHG,2003-07-02,859.86,857.47,842.35,870.19,863.4,33000000.0,245000000.0,3.54,0.004117
177370,801231.ZICN,801231,上海申银万国证券研究所有限公司,申万综合Ⅱ,XSHG,2003-07-03,863.4,861.67,853.03,872.75,865.52,27000000.0,199000000.0,2.12,0.002455
177587,801231.ZICN,801231,上海申银万国证券研究所有限公司,申万综合Ⅱ,XSHG,2003-07-04,865.52,863.45,854.1,876.32,866.88,27000000.0,207000000.0,1.36,0.0015710000000000001
177804,801231.ZICN,801231,上海申银万国证券研究所有限公司,申万综合Ⅱ,XSHG,2003-07-07,866.88,861.88,848.14,872.25,862.27,29000000.0,240000000.0,-4.61,-0.005318
178021,801231.ZICN,801231,上海申银万国证券研究所有限公司,申万综合Ⅱ,XSHG,2003-07-08,862.27,860.65,855.82,880.05,873.25,30000000.0,242000000.0,10.98,0.012734
178238,801231.ZICN,801231,上海申银万国证券研究所有限公司,申万综合Ⅱ,XSHG,2003-07-09,873.25,871.59,860.39,882.19,869.7,29000000.0,231000000.0,-3.55,-0.004065
178455,801231.ZICN,801231,上海申银万国证券研究所有限公司,申万综合Ⅱ,XSHG,2003-07-10,869.7,865.45,857.6,888.35,882.32,45000000.0,383000000.0,12.62,0.014511000000000001
178672,801231.ZICN,801231,上海申银万国证券研究所有限公司,申万综合Ⅱ,XSHG,2003-07-11,882.32,878.96,868.82,890.71,879.28,29000000.0,224000000.0,-3.04,-0.003445
178889,801231.ZICN,801231,上海申银万国证券研究所有限公司,申万综合Ⅱ,XSHG,2003-07-14,879.28,876.14,864.85,886.23,874.89,23000000.0,190000000.0,-4.39,-0.004993
179106,801231.ZICN,801231,上海申银万国证券研究所有限公司,申万综合Ⅱ,XSHG,2003-07-15,874.89,872.05,861.83,887.55,877.96,35000000.0,291000000.0,3.07,0.0035090000000000004
179323,801231.ZICN,801231,上海申银万国证券研究所有限公司,申万综合Ⅱ,XSHG,2003-07-16,877.96,876.84,868.33,890.41,883.67,29000000.0,251000000.0,5.71,0.006504
179540,801231.ZICN,801231,上海申银万国证券研究所有限公司,申万综合Ⅱ,XSHG,2003-07-17,883.67,881.51,872.88,896.36,885.85,41000000.0,315000000.0,2.18,0.002467
179757,801231.ZICN,801231,上海申银万国证券研究所有限公司,申万综合Ⅱ,XSHG,2003-07-18,885.85,898.35,871.9,911.02,878.83,48000000.0,411000000.0,-7.02,-0.007925
179974,801231.ZICN,801231,上海申银万国证券研究所有限公司,申万综合Ⅱ,XSHG,2003-07-21,878.83,872.68,851.04,881.7,864.91,43000000.0,319000000.0,-13.92,-0.015839
180191,801231.ZICN,801231,上海申银万国证券研究所有限公司,申万综合Ⅱ,XSHG,2003-07-22,864.91,866.42,853.74,882.23,868.72,35000000.0,268000000.0,3.81,0.004405
180408,801231.ZICN,801231,上海申银万国证券研究所有限公司,申万综合Ⅱ,XSHG,2003-07-23,868.72,868.49,858.62,881.52,873.26,34000000.0,265000000.0,4.54,0.005226
180625,801231.ZICN,801231,上海申银万国证券研究所有限公司,申万综合Ⅱ,XSHG,2003-07-24,873.26,872.36,856.04,877.19,863.95,21000000.0,171000000.0,-9.31,-0.010661
180842,801231.ZICN,801231,上海申银万国证券研究所有限公司,申万综合Ⅱ,XSHG,2003-07-25,863.95,860.72,843.98,874.0,855.4,32000000.0,224000000.0,-8.55,-0.009895999999999999
181060,801231.ZICN,801231,上海申银万国证券研究所有限公司,申万综合Ⅱ,XSHG,2003-07-28,855.4,852.29,840.15,863.44,851.63,23000000.0,162000000.0,-3.77,-0.004407
181278,801231.ZICN,801231,上海申银万国证券研究所有限公司,申万综合Ⅱ,XSHG,2003-07-29,851.63,850.2,841.21,862.69,854.65,22000000.0,157000000.0,3.02,0.003546
181496,801231.ZICN,801231,上海申银万国证券研究所有限公司,申万综合Ⅱ,XSHG,2003-07-30,854.65,854.43,842.2,865.23,852.86,22000000.0,160000000.0,-1.79,-0.002094
181714,801231.ZICN,801231,上海申银万国证券研究所有限公司,申万综合Ⅱ,XSHG,2003-07-31,852.86,852.2,842.17,862.56,851.88,21000000.0,151000000.0,-0.98,-0.001149
181932,801231.ZICN,801231,上海申银万国证券研究所有限公司,申万综合Ⅱ,XSHG,2003-08-01,851.88,849.61,835.87,862.84,857.88,25000000.0,172000000.0,6.0,0.007043000000000001
182150,801231.ZICN,801231,上海申银万国证券研究所有限公司,申万综合Ⅱ,XSHG,2003-08-04,857.88,853.34,843.42,874.26,869.67,41000000.0,283000000.0,11.79,0.013743
182368,801231.ZICN,801231,上海申银万国证券研究所有限公司,申万综合Ⅱ,XSHG,2003-08-05,869.67,868.15,858.92,883.36,874.4,50000000.0,343000000.0,4.73,0.005439
182586,801231.ZICN,801231,上海申银万国证券研究所有限公司,申万综合Ⅱ,XSHG,2003-08-06,874.4,873.76,862.39,887.11,873.77,46000000.0,339000000.0,-0.63,-0.00072
182804,801231.ZICN,801231,上海申银万国证券研究所有限公司,申万综合Ⅱ,XSHG,2003-08-07,873.77,870.83,863.36,886.11,874.59,35000000.0,254000000.0,0.82,0.000938
183022,801231.ZICN,801231,上海申银万国证券研究所有限公司,申万综合Ⅱ,XSHG,2003-08-08,874.59,873.16,858.68,887.2,871.18,52000000.0,397000000.0,-3.41,-0.003899
183240,801231.ZICN,801231,上海申银万国证券研究所有限公司,申万综合Ⅱ,XSHG,2003-08-11,871.18,868.88,857.69,880.03,873.27,25000000.0,196000000.0,2.09,0.0023989999999999997
183458,801231.ZICN,801231,上海申银万国证券研究所有限公司,申万综合Ⅱ,XSHG,2003-08-12,873.27,873.14,866.01,885.72,876.1,27000000.0,214000000.0,2.83,0.0032409999999999995
183676,801231.ZICN,801231,上海申银万国证券研究所有限公司,申万综合Ⅱ,XSHG,2003-08-13,876.1,873.72,857.3,883.19,864.58,30000000.0,235000000.0,-11.52,-0.013149000000000001
183894,801231.ZICN,801231,上海申银万国证券研究所有限公司,申万综合Ⅱ,XSHG,2003-08-14,864.58,862.21,852.21,880.44,862.7,32000000.0,246000000.0,-1.88,-0.0021739999999999997
184112,801231.ZICN,801231,上海申银万国证券研究所有限公司,申万综合Ⅱ,XSHG,2003-08-15,862.7,858.9,850.46,872.2,861.63,22000000.0,171000000.0,-1.07,-0.00124
184330,801231.ZICN,801231,上海申银万国证券研究所有限公司,申万综合Ⅱ,XSHG,2003-08-18,861.63,862.37,848.23,869.36,856.66,19000000.0,152000000.0,-4.97,-0.005768
184548,801231.ZICN,801231,上海申银万国证券研究所有限公司,申万综合Ⅱ,XSHG,2003-08-19,856.66,855.48,848.99,868.41,861.11,16000000.0,125000000.0,4.45,0.005195
184766,801231.ZICN,801231,上海申银万国证券研究所有限公司,申万综合Ⅱ,XSHG,2003-08-20,861.11,858.48,841.88,867.53,859.36,21000000.0,163000000.0,-1.75,-0.002032
184984,801231.ZICN,801231,上海申银万国证券研究所有限公司,申万综合Ⅱ,XSHG,2003-08-21,859.36,854.22,844.18,865.76,857.72,17000000.0,123000000.0,-1.64,-0.0019079999999999998
185202,801231.ZICN,801231,上海申银万国证券研究所有限公司,申万综合Ⅱ,XSHG,2003-08-22,857.72,854.33,848.01,868.39,858.83,27000000.0,202000000.0,1.11,0.001294
185420,801231.ZICN,801231,上海申银万国证券研究所有限公司,申万综合Ⅱ,XSHG,2003-08-25,858.83,853.35,835.4,863.12,848.23,32000000.0,255000000.0,-10.6,-0.012342
185638,801231.ZICN,801231,上海申银万国证券研究所有限公司,申万综合Ⅱ,XSHG,2003-08-26,848.23,843.91,836.79,864.9,857.16,42000000.0,328000000.0,8.93,0.010528000000000001
185856,801231.ZICN,801231,上海申银万国证券研究所有限公司,申万综合Ⅱ,XSHG,2003-08-27,857.16,856.55,844.01,866.89,854.05,31000000.0,253000000.0,-3.11,-0.003628
186074,801231.ZICN,801231,上海申银万国证券研究所有限公司,申万综合Ⅱ,XSHG,2003-08-28,854.05,850.16,835.64,860.56,842.23,28000000.0,221000000.0,-11.82,-0.01384
186292,801231.ZICN,801231,上海申银万国证券研究所有限公司,申万综合Ⅱ,XSHG,2003-08-29,842.23,837.23,825.64,856.06,849.8,34000000.0,254000000.0,7.57,0.008988
186510,801231.ZICN,801231,上海申银万国证券研究所有限公司,申万综合Ⅱ,XSHG,2003-09-01,849.8,849.07,840.87,870.21,864.61,44000000.0,359000000.0,14.81,0.017428
186728,801231.ZICN,801231,上海申银万国证券研究所有限公司,申万综合Ⅱ,XSHG,2003-09-02,864.61,863.28,850.05,876.64,861.41,38000000.0,306000000.0,-3.2,-0.003701
186946,801231.ZICN,801231,上海申银万国证券研究所有限公司,申万综合Ⅱ,XSHG,2003-09-03,861.41,856.47,847.57,881.21,872.42,57000000.0,442000000.0,11.01,0.012781
187164,801231.ZICN,801231,上海申银万国证券研究所有限公司,申万综合Ⅱ,XSHG,2003-09-04,872.42,869.75,861.89,888.91,873.71,53000000.0,407000000.0,1.29,0.0014789999999999998
187382,801231.ZICN,801231,上海申银万国证券研究所有限公司,申万综合Ⅱ,XSHG,2003-09-05,873.71,869.22,851.36,883.38,868.63,60000000.0,446000000.0,-5.08,-0.005814
187600,801231.ZICN,801231,上海申银万国证券研究所有限公司,申万综合Ⅱ,XSHG,2003-09-08,868.63,868.17,850.92,881.26,865.2,54000000.0,402000000.0,-3.43,-0.003949
187818,801231.ZICN,801231,上海申银万国证券研究所有限公司,申万综合Ⅱ,XSHG,2003-09-09,865.2,862.52,851.07,877.17,865.07,46000000.0,351000000.0,-0.13,-0.00015
188036,801231.ZICN,801231,上海申银万国证券研究所有限公司,申万综合Ⅱ,XSHG,2003-09-10,865.07,864.61,853.94,875.76,863.82,45000000.0,361000000.0,-1.25,-0.0014449999999999999
188254,801231.ZICN,801231,上海申银万国证券研究所有限公司,申万综合Ⅱ,XSHG,2003-09-11,863.82,862.45,851.36,874.15,860.16,42000000.0,325000000.0,-3.66,-0.0042369999999999994
188472,801231.ZICN,801231,上海申银万国证券研究所有限公司,申万综合Ⅱ,XSHG,2003-09-12,860.16,858.88,840.46,864.46,848.49,32000000.0,230000000.0,-11.67,-0.013567
188690,801231.ZICN,801231,上海申银万国证券研究所有限公司,申万综合Ⅱ,XSHG,2003-09-15,848.49,845.78,829.8,857.13,838.33,29000000.0,218000000.0,-10.16,-0.011974
188908,801231.ZICN,801231,上海申银万国证券研究所有限公司,申万综合Ⅱ,XSHG,2003-09-16,838.33,836.21,823.19,852.8,844.03,34000000.0,242000000.0,5.7,0.0067989999999999995
189126,801231.ZICN,801231,上海申银万国证券研究所有限公司,申万综合Ⅱ,XSHG,2003-09-17,844.03,842.3,827.9,854.6,839.1,33000000.0,229000000.0,-4.93,-0.005841
189344,801231.ZICN,801231,上海申银万国证券研究所有限公司,申万综合Ⅱ,XSHG,2003-09-18,839.1,835.37,825.94,848.65,836.56,21000000.0,159000000.0,-2.54,-0.0030269999999999997
189562,801231.ZICN,801231,上海申银万国证券研究所有限公司,申万综合Ⅱ,XSHG,2003-09-19,836.56,835.93,821.57,846.61,834.87,26000000.0,189000000.0,-1.69,-0.00202
189780,801231.ZICN,801231,上海申银万国证券研究所有限公司,申万综合Ⅱ,XSHG,2003-09-22,834.87,835.36,825.58,850.65,839.35,28000000.0,214000000.0,4.48,0.005365999999999999
189998,801231.ZICN,801231,上海申银万国证券研究所有限公司,申万综合Ⅱ,XSHG,2003-09-23,839.35,837.46,829.84,852.55,846.88,28000000.0,213000000.0,7.53,0.008971
190216,801231.ZICN,801231,上海申银万国证券研究所有限公司,申万综合Ⅱ,XSHG,2003-09-24,846.88,847.09,838.83,858.22,850.92,26000000.0,206000000.0,4.04,0.00477
190434,801231.ZICN,801231,上海申银万国证券研究所有限公司,申万综合Ⅱ,XSHG,2003-09-25,850.92,848.93,831.68,857.61,840.06,27000000.0,214000000.0,-10.86,-0.012763
190652,801231.ZICN,801231,上海申银万国证券研究所有限公司,申万综合Ⅱ,XSHG,2003-09-26,840.06,837.13,823.16,847.42,831.58,32000000.0,244000000.0,-8.48,-0.010095
190870,801231.ZICN,801231,上海申银万国证券研究所有限公司,申万综合Ⅱ,XSHG,2003-09-29,831.58,828.51,808.41,835.99,816.25,26000000.0,191000000.0,-15.33,-0.018435
191088,801231.ZICN,801231,上海申银万国证券研究所有限公司,申万综合Ⅱ,XSHG,2003-09-30,816.25,814.97,804.44,831.09,823.0,29000000.0,206000000.0,6.75,0.00827
191306,801231.ZICN,801231,上海申银万国证券研究所有限公司,申万综合Ⅱ,XSHG,2003-10-08,823.0,822.26,810.22,839.38,831.34,25000000.0,192000000.0,8.34,0.010134
191524,801231.ZICN,801231,上海申银万国证券研究所有限公司,申万综合Ⅱ,XSHG,2003-10-09,831.34,829.15,819.15,841.25,826.44,24000000.0,188000000.0,-4.9,-0.005894
191742,801231.ZICN,801231,上海申银万国证券研究所有限公司,申万综合Ⅱ,XSHG,2003-10-10,826.44,823.95,816.57,851.94,847.57,45000000.0,331000000.0,21.13,0.025567
191960,801231.ZICN,801231,上海申银万国证券研究所有限公司,申万综合Ⅱ,XSHG,2003-10-13,847.57,848.07,834.46,857.89,842.8,34000000.0,262000000.0,-4.77,-0.005628
192178,801231.ZICN,801231,上海申银万国证券研究所有限公司,申万综合Ⅱ,XSHG,2003-10-14,842.8,841.52,828.55,851.45,835.98,29000000.0,216000000.0,-6.82,-0.008092
192396,801231.ZICN,801231,上海申银万国证券研究所有限公司,申万综合Ⅱ,XSHG,2003-10-15,835.98,835.17,822.89,852.17,829.55,30000000.0,233000000.0,-6.43,-0.007692
192614,801231.ZICN,801231,上海申银万国证券研究所有限公司,申万综合Ⅱ,XSHG,2003-10-16,829.55,826.55,808.73,834.07,815.05,25000000.0,192000000.0,-14.5,-0.017478999999999998
192832,801231.ZICN,801231,上海申银万国证券研究所有限公司,申万综合Ⅱ,XSHG,2003-10-17,815.05,814.53,805.42,825.13,815.07,18000000.0,135000000.0,0.02,2.5e-05
193050,801231.ZICN,801231,上海申银万国证券研究所有限公司,申万综合Ⅱ,XSHG,2003-10-20,815.07,812.37,795.83,822.26,807.1,26000000.0,184000000.0,-7.97,-0.009778
193268,801231.ZICN,801231,上海申银万国证券研究所有限公司,申万综合Ⅱ,XSHG,2003-10-21,807.1,806.27,789.83,815.45,804.77,24000000.0,163000000.0,-2.33,-0.0028870000000000002
193486,801231.ZICN,801231,上海申银万国证券研究所有限公司,申万综合Ⅱ,XSHG,2003-10-22,804.77,803.76,792.89,826.43,818.35,49000000.0,320000000.0,13.58,0.016874
193704,801231.ZICN,801231,上海申银万国证券研究所有限公司,申万综合Ⅱ,XSHG,2003-10-23,818.35,817.79,802.22,828.53,807.51,36000000.0,244000000.0,-10.84,-0.013246
193922,801231.ZICN,801231,上海申银万国证券研究所有限公司,申万综合Ⅱ,XSHG,2003-10-24,807.51,804.59,784.57,811.41,790.16,40000000.0,239000000.0,-17.35,-0.021486
194140,801231.ZICN,801231,上海申银万国证券研究所有限公司,申万综合Ⅱ,XSHG,2003-10-27,790.16,787.29,762.23,792.53,771.46,34000000.0,209000000.0,-18.7,-0.023666
194358,801231.ZICN,801231,上海申银万国证券研究所有限公司,申万综合Ⅱ,XSHG,2003-10-28,771.46,766.77,748.11,781.65,761.35,33000000.0,239000000.0,-10.11,-0.013105
194576,801231.ZICN,801231,上海申银万国证券研究所有限公司,申万综合Ⅱ,XSHG,2003-10-29,761.35,762.45,728.77,773.1,746.8,58000000.0,377000000.0,-14.55,-0.019111000000000003
194794,801231.ZICN,801231,上海申银万国证券研究所有限公司,申万综合Ⅱ,XSHG,2003-10-30,746.8,741.7,718.73,750.47,732.8,39000000.0,241000000.0,-14.0,-0.018747
195012,801231.ZICN,801231,上海申银万国证券研究所有限公司,申万综合Ⅱ,XSHG,2003-10-31,732.8,731.49,720.05,755.75,740.45,41000000.0,253000000.0,7.65,0.010439
195230,801231.ZICN,801231,上海申银万国证券研究所有限公司,申万综合Ⅱ,XSHG,2003-11-03,740.45,737.15,728.6,754.74,747.58,37000000.0,228000000.0,7.13,0.009629
195448,801231.ZICN,801231,上海申银万国证券研究所有限公司,申万综合Ⅱ,XSHG,2003-11-04,747.58,748.5,740.84,769.71,757.54,61000000.0,367000000.0,9.96,0.013323
195666,801231.ZICN,801231,上海申银万国证券研究所有限公司,申万综合Ⅱ,XSHG,2003-11-05,757.54,757.14,735.48,763.26,741.95,41000000.0,251000000.0,-15.59,-0.02058
195884,801231.ZICN,801231,上海申银万国证券研究所有限公司,申万综合Ⅱ,XSHG,2003-11-06,741.95,740.02,695.8,743.12,706.95,46000000.0,279000000.0,-35.0,-0.047173
196102,801231.ZICN,801231,上海申银万国证券研究所有限公司,申万综合Ⅱ,XSHG,2003-11-07,706.95,699.61,685.25,719.48,705.55,49000000.0,279000000.0,-1.4,-0.00198
196320,801231.ZICN,801231,上海申银万国证券研究所有限公司,申万综合Ⅱ,XSHG,2003-11-10,705.55,700.47,684.42,711.62,702.03,26000000.0,151000000.0,-3.52,-0.004989
196538,801231.ZICN,801231,上海申银万国证券研究所有限公司,申万综合Ⅱ,XSHG,2003-11-11,702.03,702.69,691.62,712.86,703.44,27000000.0,153000000.0,1.41,0.002008
196756,801231.ZICN,801231,上海申银万国证券研究所有限公司,申万综合Ⅱ,XSHG,2003-11-12,703.44,700.35,683.33,711.33,690.68,28000000.0,157000000.0,-12.76,-0.018139
196974,801231.ZICN,801231,上海申银万国证券研究所有限公司,申万综合Ⅱ,XSHG,2003-11-13,690.68,686.14,676.75,705.29,694.74,34000000.0,197000000.0,4.06,0.005878
197192,801231.ZICN,801231,上海申银万国证券研究所有限公司,申万综合Ⅱ,XSHG,2003-11-14,694.74,694.67,683.45,709.0,702.95,31000000.0,187000000.0,8.21,0.011817
197410,801231.ZICN,801231,上海申银万国证券研究所有限公司,申万综合Ⅱ,XSHG,2003-11-17,702.95,701.86,689.93,707.87,697.88,23000000.0,138000000.0,-5.07,-0.0072120000000000005
197628,801231.ZICN,801231,上海申银万国证券研究所有限公司,申万综合Ⅱ,XSHG,2003-11-18,697.88,696.65,683.67,705.25,693.16,25000000.0,142000000.0,-4.72,-0.006763
197846,801231.ZICN,801231,上海申银万国证券研究所有限公司,申万综合Ⅱ,XSHG,2003-11-19,693.16,692.12,688.19,718.66,711.44,45000000.0,254000000.0,18.28,0.026372000000000003
198064,801231.ZICN,801231,上海申银万国证券研究所有限公司,申万综合Ⅱ,XSHG,2003-11-20,711.44,710.71,705.43,753.25,749.05,89000000.0,538000000.0,37.61,0.052864999999999995
198282,801231.ZICN,801231,上海申银万国证券研究所有限公司,申万综合Ⅱ,XSHG,2003-11-21,749.05,752.7,726.3,772.57,737.9,97000000.0,607000000.0,-11.15,-0.014886000000000002
198500,801231.ZICN,801231,上海申银万国证券研究所有限公司,申万综合Ⅱ,XSHG,2003-11-24,737.9,733.91,724.91,763.75,758.21,66000000.0,402000000.0,20.31,0.027524
198718,801231.ZICN,801231,上海申银万国证券研究所有限公司,申万综合Ⅱ,XSHG,2003-11-25,758.21,759.41,749.17,784.09,767.0,94000000.0,606000000.0,8.79,0.011593000000000001
198936,801231.ZICN,801231,上海申银万国证券研究所有限公司,申万综合Ⅱ,XSHG,2003-11-26,767.0,765.74,751.89,781.86,767.0,83000000.0,552000000.0,0.0,0.0
199154,801231.ZICN,801231,上海申银万国证券研究所有限公司,申万综合Ⅱ,XSHG,2003-11-27,767.0,764.73,740.93,778.98,750.0,69000000.0,461000000.0,-17.0,-0.022164
199372,801231.ZICN,801231,上海申银万国证券研究所有限公司,申万综合Ⅱ,XSHG,2003-11-28,750.0,746.43,737.96,767.15,753.95,52000000.0,334000000.0,3.95,0.005267
199590,801231.ZICN,801231,上海申银万国证券研究所有限公司,申万综合Ⅱ,XSHG,2003-12-01,753.95,752.11,747.32,776.94,770.76,75000000.0,470000000.0,16.81,0.022296
199808,801231.ZICN,801231,上海申银万国证券研究所有限公司,申万综合Ⅱ,XSHG,2003-12-02,770.76,770.76,758.44,787.98,770.66,94000000.0,572000000.0,-0.1,-0.00013000000000000002
200026,801231.ZICN,801231,上海申银万国证券研究所有限公司,申万综合Ⅱ,XSHG,2003-12-03,770.66,768.73,755.06,776.64,765.85,64000000.0,401000000.0,-4.81,-0.006241
200244,801231.ZICN,801231,上海申银万国证券研究所有限公司,申万综合Ⅱ,XSHG,2003-12-04,765.85,764.79,753.23,780.26,768.17,61000000.0,396000000.0,2.32,0.003029
200462,801231.ZICN,801231,上海申银万国证券研究所有限公司,申万综合Ⅱ,XSHG,2003-12-05,768.17,769.36,759.42,781.37,769.87,46000000.0,296000000.0,1.7,0.0022129999999999997
200680,801231.ZICN,801231,上海申银万国证券研究所有限公司,申万综合Ⅱ,XSHG,2003-12-08,769.87,770.71,754.46,778.01,762.13,34000000.0,205000000.0,-7.74,-0.010054
200898,801231.ZICN,801231,上海申银万国证券研究所有限公司,申万综合Ⅱ,XSHG,2003-12-09,762.13,760.46,749.68,769.06,763.03,33000000.0,195000000.0,0.9,0.001181
201117,801231.ZICN,801231,上海申银万国证券研究所有限公司,申万综合Ⅱ,XSHG,2003-12-10,763.03,763.73,755.37,777.95,773.24,66000000.0,405000000.0,10.21,0.013381
201336,801231.ZICN,801231,上海申银万国证券研究所有限公司,申万综合Ⅱ,XSHG,2003-12-11,773.24,774.36,762.31,792.5,777.75,83000000.0,557000000.0,4.51,0.005833
201555,801231.ZICN,801231,上海申银万国证券研究所有限公司,申万综合Ⅱ,XSHG,2003-12-12,777.75,777.08,764.98,785.06,774.74,47000000.0,304000000.0,-3.01,-0.00387
201774,801231.ZICN,801231,上海申银万国证券研究所有限公司,申万综合Ⅱ,XSHG,2003-12-15,774.74,775.63,765.05,785.84,774.04,43000000.0,282000000.0,-0.7,-0.000904
201993,801231.ZICN,801231,上海申银万国证券研究所有限公司,申万综合Ⅱ,XSHG,2003-12-16,774.04,773.05,754.64,791.77,776.57,68000000.0,440000000.0,2.53,0.0032689999999999998
202212,801231.ZICN,801231,上海申银万国证券研究所有限公司,申万综合Ⅱ,XSHG,2003-12-17,776.57,773.93,760.77,788.33,768.04,61000000.0,407000000.0,-8.53,-0.010984
202431,801231.ZICN,801231,上海申银万国证券研究所有限公司,申万综合Ⅱ,XSHG,2003-12-18,768.04,764.72,744.52,775.5,757.73,52000000.0,324000000.0,-10.31,-0.013424
202650,801231.ZICN,801231,上海申银万国证券研究所有限公司,申万综合Ⅱ,XSHG,2003-12-19,757.73,756.04,710.24,763.61,722.35,78000000.0,476000000.0,-35.38,-0.046692000000000004
202869,801231.ZICN,801231,上海申银万国证券研究所有限公司,申万综合Ⅱ,XSHG,2003-12-22,722.35,716.05,691.84,749.98,741.22,87000000.0,515000000.0,18.87,0.026123
203088,801231.ZICN,801231,上海申银万国证券研究所有限公司,申万综合Ⅱ,XSHG,2003-12-23,741.22,740.92,724.27,751.03,738.83,61000000.0,371000000.0,-2.39,-0.0032240000000000003
203307,801231.ZICN,801231,上海申银万国证券研究所有限公司,申万综合Ⅱ,XSHG,2003-12-24,738.83,738.23,727.77,758.74,746.74,61000000.0,368000000.0,7.91,0.010706
203526,801231.ZICN,801231,上海申银万国证券研究所有限公司,申万综合Ⅱ,XSHG,2003-12-25,746.74,747.94,729.63,755.65,738.11,44000000.0,268000000.0,-8.63,-0.011557
203745,801231.ZICN,801231,上海申银万国证券研究所有限公司,申万综合Ⅱ,XSHG,2003-12-26,738.11,736.76,726.45,747.99,738.36,39000000.0,235000000.0,0.25,0.000339
203964,801231.ZICN,801231,上海申银万国证券研究所有限公司,申万综合Ⅱ,XSHG,2003-12-29,738.36,738.18,725.66,750.82,736.41,43000000.0,265000000.0,-1.95,-0.002641
204183,801231.ZICN,801231,上海申银万国证券研究所有限公司,申万综合Ⅱ,XSHG,2003-12-30,736.41,739.3,728.11,749.95,739.43,44000000.0,273000000.0,3.02,0.004101
204402,801231.ZICN,801231,上海申银万国证券研究所有限公司,申万综合Ⅱ,XSHG,2003-12-31,739.43,741.82,726.61,749.83,733.28,35000000.0,218000000.0,-6.15,-0.008317
204621,801231.ZICN,801231,上海申银万国证券研究所有限公司,申万综合Ⅱ,XSHG,2004-01-02,733.28,732.04,724.98,748.18,738.36,32000000.0,196000000.0,5.08,0.006928
204840,801231.ZICN,801231,上海申银万国证券研究所有限公司,申万综合Ⅱ,XSHG,2004-01-05,738.36,737.16,723.29,755.09,743.36,72000000.0,437000000.0,5.0,0.006772
205059,801231.ZICN,801231,上海申银万国证券研究所有限公司,申万综合Ⅱ,XSHG,2004-01-06,743.36,743.72,728.93,756.44,744.33,83000000.0,511000000.0,0.97,0.0013050000000000002
205278,801231.ZICN,801231,上海申银万国证券研究所有限公司,申万综合Ⅱ,XSHG,2004-01-07,744.33,747.05,734.35,764.33,752.35,77000000.0,492000000.0,8.02,0.010775
205497,801231.ZICN,801231,上海申银万国证券研究所有限公司,申万综合Ⅱ,XSHG,2004-01-08,752.35,753.98,744.7,783.19,774.21,91000000.0,608000000.0,21.86,0.029056
205716,801231.ZICN,801231,上海申银万国证券研究所有限公司,申万综合Ⅱ,XSHG,2004-01-09,774.21,778.84,760.02,800.05,772.43,118000000.0,813000000.0,-1.78,-0.002299
205935,801231.ZICN,801231,上海申银万国证券研究所有限公司,申万综合Ⅱ,XSHG,2004-01-12,772.43,772.7,761.98,792.03,783.02,74000000.0,489000000.0,10.59,0.01371
206154,801231.ZICN,801231,上海申银万国证券研究所有限公司,申万综合Ⅱ,XSHG,2004-01-13,783.02,785.74,776.13,812.24,798.45,85000000.0,581000000.0,15.43,0.019706
206373,801231.ZICN,801231,上海申银万国证券研究所有限公司,申万综合Ⅱ,XSHG,2004-01-14,798.45,800.37,779.86,808.69,792.02,68000000.0,463000000.0,-6.43,-0.008053
206592,801231.ZICN,801231,上海申银万国证券研究所有限公司,申万综合Ⅱ,XSHG,2004-01-15,792.02,790.98,776.76,806.88,784.38,63000000.0,423000000.0,-7.64,-0.009646
206811,801231.ZICN,801231,上海申银万国证券研究所有限公司,申万综合Ⅱ,XSHG,2004-01-16,784.38,785.61,775.74,806.3,793.97,70000000.0,460000000.0,9.59,0.012226
207030,801231.ZICN,801231,上海申银万国证券研究所有限公司,申万综合Ⅱ,XSHG,2004-01-29,793.97,798.5,789.62,828.75,821.4,68000000.0,464000000.0,27.43,0.034548
207249,801231.ZICN,801231,上海申银万国证券研究所有限公司,申万综合Ⅱ,XSHG,2004-01-30,821.4,824.33,800.38,843.01,811.35,91000000.0,634000000.0,-10.05,-0.012235
207468,801231.ZICN,801231,上海申银万国证券研究所有限公司,申万综合Ⅱ,XSHG,2004-02-02,811.35,820.1,802.2,847.3,830.33,93000000.0,621000000.0,18.98,0.023393
207687,801231.ZICN,801231,上海申银万国证券研究所有限公司,申万综合Ⅱ,XSHG,2004-02-03,830.33,830.57,817.82,850.6,840.64,84000000.0,594000000.0,10.31,0.012417000000000001
207906,801231.ZICN,801231,上海申银万国证券研究所有限公司,申万综合Ⅱ,XSHG,2004-02-04,840.64,843.99,835.56,867.77,860.58,103000000.0,734000000.0,19.94,0.023719999999999998
208125,801231.ZICN,801231,上海申银万国证券研究所有限公司,申万综合Ⅱ,XSHG,2004-02-05,860.58,864.06,849.59,886.1,874.4,142000000.0,974000000.0,13.82,0.016059
208344,801231.ZICN,801231,上海申银万国证券研究所有限公司,申万综合Ⅱ,XSHG,2004-02-06,874.4,871.64,849.53,883.19,858.3,109000000.0,752000000.0,-16.1,-0.018413
208563,801231.ZICN,801231,上海申银万国证券研究所有限公司,申万综合Ⅱ,XSHG,2004-02-09,858.3,855.91,848.59,878.18,871.48,90000000.0,622000000.0,13.18,0.015356
208782,801231.ZICN,801231,上海申银万国证券研究所有限公司,申万综合Ⅱ,XSHG,2004-02-10,871.48,875.24,856.61,888.78,868.44,99000000.0,693000000.0,-3.04,-0.003488
209001,801231.ZICN,801231,上海申银万国证券研究所有限公司,申万综合Ⅱ,XSHG,2004-02-11,868.44,870.06,851.5,884.94,870.43,95000000.0,664000000.0,1.99,0.002291
209220,801231.ZICN,801231,上海申银万国证券研究所有限公司,申万综合Ⅱ,XSHG,2004-02-12,870.43,871.54,861.25,896.53,880.06,126000000.0,879000000.0,9.63,0.011063
209439,801231.ZICN,801231,上海申银万国证券研究所有限公司,申万综合Ⅱ,XSHG,2004-02-13,880.06,880.49,856.52,890.17,864.35,93000000.0,645000000.0,-15.71,-0.017851
209658,801231.ZICN,801231,上海申银万国证券研究所有限公司,申万综合Ⅱ,XSHG,2004-02-16,864.35,867.03,861.18,897.15,889.91,92000000.0,678000000.0,25.56,0.029570999999999997
209877,801231.ZICN,801231,上海申银万国证券研究所有限公司,申万综合Ⅱ,XSHG,2004-02-17,889.91,893.49,882.83,912.81,899.33,134000000.0,1014000000.0,9.42,0.010584999999999999
210096,801231.ZICN,801231,上海申银万国证券研究所有限公司,申万综合Ⅱ,XSHG,2004-02-18,899.33,900.04,887.34,917.24,906.15,115000000.0,846000000.0,6.82,0.0075829999999999995
210315,801231.ZICN,801231,上海申银万国证券研究所有限公司,申万综合Ⅱ,XSHG,2004-02-19,906.15,908.06,894.91,923.26,907.99,104000000.0,782000000.0,1.84,0.002031
210534,801231.ZICN,801231,上海申银万国证券研究所有限公司,申万综合Ⅱ,XSHG,2004-02-20,907.99,909.99,895.2,923.9,913.85,86000000.0,637000000.0,5.86,0.0064540000000000005
210753,801231.ZICN,801231,上海申银万国证券研究所有限公司,申万综合Ⅱ,XSHG,2004-02-23,913.85,917.94,888.23,929.64,893.57,90000000.0,707000000.0,-20.28,-0.022192
210972,801231.ZICN,801231,上海申银万国证券研究所有限公司,申万综合Ⅱ,XSHG,2004-02-24,893.57,890.64,857.87,899.68,880.51,89000000.0,658000000.0,-13.06,-0.014616
211191,801231.ZICN,801231,上海申银万国证券研究所有限公司,申万综合Ⅱ,XSHG,2004-02-25,880.51,884.18,857.12,904.8,866.33,92000000.0,698000000.0,-14.18,-0.016104
211410,801231.ZICN,801231,上海申银万国证券研究所有限公司,申万综合Ⅱ,XSHG,2004-02-26,866.33,863.42,838.63,874.82,854.05,91000000.0,670000000.0,-12.28,-0.014175
211629,801231.ZICN,801231,上海申银万国证券研究所有限公司,申万综合Ⅱ,XSHG,2004-02-27,854.05,854.95,845.6,872.13,864.52,56000000.0,407000000.0,10.47,0.012259
211848,801231.ZICN,801231,上海申银万国证券研究所有限公司,申万综合Ⅱ,XSHG,2004-03-01,864.52,863.53,849.06,878.68,873.15,60000000.0,452000000.0,8.63,0.009982
212067,801231.ZICN,801231,上海申银万国证券研究所有限公司,申万综合Ⅱ,XSHG,2004-03-02,873.15,873.2,860.24,886.61,873.64,56000000.0,409000000.0,0.49,0.0005610000000000001
212286,801231.ZICN,801231,上海申银万国证券研究所有限公司,申万综合Ⅱ,XSHG,2004-03-03,873.64,873.7,844.99,881.21,852.21,53000000.0,395000000.0,-21.43,-0.02453
212505,801231.ZICN,801231,上海申银万国证券研究所有限公司,申万综合Ⅱ,XSHG,2004-03-04,852.21,849.52,837.2,865.27,858.37,44000000.0,317000000.0,6.16,0.007228
212724,801231.ZICN,801231,上海申银万国证券研究所有限公司,申万综合Ⅱ,XSHG,2004-03-05,858.37,858.82,845.95,871.76,854.33,41000000.0,302000000.0,-4.04,-0.004707
212943,801231.ZICN,801231,上海申银万国证券研究所有限公司,申万综合Ⅱ,XSHG,2004-03-08,854.33,852.43,827.23,862.12,834.37,45000000.0,313000000.0,-19.96,-0.023363
213162,801231.ZICN,801231,上海申银万国证券研究所有限公司,申万综合Ⅱ,XSHG,2004-03-09,834.37,832.16,819.45,848.44,826.68,43000000.0,308000000.0,-7.69,-0.009217
213381,801231.ZICN,801231,上海申银万国证券研究所有限公司,申万综合Ⅱ,XSHG,2004-03-10,826.68,827.66,819.76,848.47,844.5,38000000.0,264000000.0,17.82,0.021556
213600,801231.ZICN,801231,上海申银万国证券研究所有限公司,申万综合Ⅱ,XSHG,2004-03-11,844.5,845.62,835.47,860.52,853.47,57000000.0,424000000.0,8.97,0.010622
213819,801231.ZICN,801231,上海申银万国证券研究所有限公司,申万综合Ⅱ,XSHG,2004-03-12,853.47,854.5,839.6,862.97,847.48,42000000.0,303000000.0,-5.99,-0.007018000000000001
214038,801231.ZICN,801231,上海申银万国证券研究所有限公司,申万综合Ⅱ,XSHG,2004-03-15,847.48,845.09,839.84,871.47,865.19,65000000.0,464000000.0,17.71,0.020897
214257,801231.ZICN,801231,上海申银万国证券研究所有限公司,申万综合Ⅱ,XSHG,2004-03-16,865.19,867.1,856.58,883.59,873.57,80000000.0,561000000.0,8.38,0.009686
214476,801231.ZICN,801231,上海申银万国证券研究所有限公司,申万综合Ⅱ,XSHG,2004-03-17,873.57,873.64,861.3,883.56,872.77,69000000.0,500000000.0,-0.8,-0.000916
214695,801231.ZICN,801231,上海申银万国证券研究所有限公司,申万综合Ⅱ,XSHG,2004-03-18,872.77,873.02,850.48,884.31,857.77,67000000.0,486000000.0,-15.0,-0.017187
214914,801231.ZICN,801231,上海申银万国证券研究所有限公司,申万综合Ⅱ,XSHG,2004-03-19,857.77,857.56,850.9,878.58,872.41,57000000.0,419000000.0,14.64,0.017068
215133,801231.ZICN,801231,上海申银万国证券研究所有限公司,申万综合Ⅱ,XSHG,2004-03-22,872.41,872.07,862.31,888.68,879.57,60000000.0,460000000.0,7.16,0.008206999999999999
215352,801231.ZICN,801231,上海申银万国证券研究所有限公司,申万综合Ⅱ,XSHG,2004-03-23,879.57,879.0,863.31,888.02,877.51,72000000.0,545000000.0,-2.06,-0.0023420000000000003
215571,801231.ZICN,801231,上海申银万国证券研究所有限公司,申万综合Ⅱ,XSHG,2004-03-24,877.51,878.01,866.6,890.7,875.98,64000000.0,480000000.0,-1.53,-0.001744
215790,801231.ZICN,801231,上海申银万国证券研究所有限公司,申万综合Ⅱ,XSHG,2004-03-25,875.98,875.92,863.35,886.81,874.98,54000000.0,407000000.0,-1.0,-0.001142
216009,801231.ZICN,801231,上海申银万国证券研究所有限公司,申万综合Ⅱ,XSHG,2004-03-26,874.98,875.29,864.0,888.94,875.3,66000000.0,481000000.0,0.32,0.000366
216228,801231.ZICN,801231,上海申银万国证券研究所有限公司,申万综合Ⅱ,XSHG,2004-03-29,875.3,874.83,862.67,884.51,868.28,43000000.0,335000000.0,-7.02,-0.008020000000000001
216447,801231.ZICN,801231,上海申银万国证券研究所有限公司,申万综合Ⅱ,XSHG,2004-03-30,868.28,867.95,858.69,885.13,875.99,58000000.0,479000000.0,7.71,0.008879999999999999
216666,801231.ZICN,801231,上海申银万国证券研究所有限公司,申万综合Ⅱ,XSHG,2004-03-31,875.99,877.06,870.85,896.85,889.36,81000000.0,658000000.0,13.37,0.015262999999999999
216885,801231.ZICN,801231,上海申银万国证券研究所有限公司,申万综合Ⅱ,XSHG,2004-04-01,889.36,889.33,879.3,902.74,893.79,82000000.0,631000000.0,4.43,0.004981
217104,801231.ZICN,801231,上海申银万国证券研究所有限公司,申万综合Ⅱ,XSHG,2004-04-02,893.79,894.15,884.21,905.77,897.56,76000000.0,596000000.0,3.77,0.004218
217323,801231.ZICN,801231,上海申银万国证券研究所有限公司,申万综合Ⅱ,XSHG,2004-04-05,897.56,898.09,887.25,914.96,907.09,89000000.0,729000000.0,9.53,0.010618
217542,801231.ZICN,801231,上海申银万国证券研究所有限公司,申万综合Ⅱ,XSHG,2004-04-06,907.09,908.18,895.49,924.01,914.67,89000000.0,719000000.0,7.58,0.008356
217761,801231.ZICN,801231,上海申银万国证券研究所有限公司,申万综合Ⅱ,XSHG,2004-04-07,914.67,914.88,896.73,921.76,905.81,77000000.0,617000000.0,-8.86,-0.009687000000000001
217980,801231.ZICN,801231,上海申银万国证券研究所有限公司,申万综合Ⅱ,XSHG,2004-04-08,905.81,904.83,892.75,915.24,900.43,64000000.0,530000000.0,-5.38,-0.005939
218199,801231.ZICN,801231,上海申银万国证券研究所有限公司,申万综合Ⅱ,XSHG,2004-04-09,900.43,898.9,865.57,906.26,871.89,72000000.0,586000000.0,-28.54,-0.031695999999999995
218418,801231.ZICN,801231,上海申银万国证券研究所有限公司,申万综合Ⅱ,XSHG,2004-04-12,871.89,867.99,858.67,885.01,876.53,49000000.0,389000000.0,4.64,0.0053219999999999995
218637,801231.ZICN,801231,上海申银万国证券研究所有限公司,申万综合Ⅱ,XSHG,2004-04-13,876.53,877.52,864.51,892.79,873.27,56000000.0,467000000.0,-3.26,-0.0037189999999999996
218856,801231.ZICN,801231,上海申银万国证券研究所有限公司,申万综合Ⅱ,XSHG,2004-04-14,873.27,872.99,845.88,881.91,861.08,62000000.0,516000000.0,-12.19,-0.013959000000000001
219075,801231.ZICN,801231,上海申银万国证券研究所有限公司,申万综合Ⅱ,XSHG,2004-04-15,861.08,860.63,838.62,873.03,845.3,53000000.0,432000000.0,-15.78,-0.018326
219294,801231.ZICN,801231,上海申银万国证券研究所有限公司,申万综合Ⅱ,XSHG,2004-04-16,845.3,846.19,813.84,856.32,840.87,67000000.0,496000000.0,-4.43,-0.005241
219513,801231.ZICN,801231,上海申银万国证券研究所有限公司,申万综合Ⅱ,XSHG,2004-04-19,840.87,840.56,820.2,851.61,829.47,47000000.0,353000000.0,-11.4,-0.013557
219732,801231.ZICN,801231,上海申银万国证券研究所有限公司,申万综合Ⅱ,XSHG,2004-04-20,829.47,827.57,809.44,837.91,822.01,41000000.0,297000000.0,-7.46,-0.008994
219951,801231.ZICN,801231,上海申银万国证券研究所有限公司,申万综合Ⅱ,XSHG,2004-04-21,822.01,820.3,812.14,836.56,822.24,36000000.0,262000000.0,0.23,0.00028
220170,801231.ZICN,801231,上海申银万国证券研究所有限公司,申万综合Ⅱ,XSHG,2004-04-22,822.24,821.71,813.93,835.11,828.52,28000000.0,213000000.0,6.28,0.007638
220389,801231.ZICN,801231,上海申银万国证券研究所有限公司,申万综合Ⅱ,XSHG,2004-04-23,828.52,827.72,800.62,832.08,807.18,33000000.0,228000000.0,-21.34,-0.025757
220608,801231.ZICN,801231,上海申银万国证券研究所有限公司,申万综合Ⅱ,XSHG,2004-04-26,807.18,804.46,791.86,818.53,802.1,31000000.0,212000000.0,-5.08,-0.006294
220827,801231.ZICN,801231,上海申银万国证券研究所有限公司,申万综合Ⅱ,XSHG,2004-04-27,802.1,798.32,781.97,813.25,790.08,40000000.0,282000000.0,-12.02,-0.014986000000000001
221046,801231.ZICN,801231,上海申银万国证券研究所有限公司,申万综合Ⅱ,XSHG,2004-04-28,790.08,788.41,778.94,806.22,796.74,36000000.0,251000000.0,6.66,0.00843
221265,801231.ZICN,801231,上海申银万国证券研究所有限公司,申万综合Ⅱ,XSHG,2004-04-29,796.74,794.79,775.61,802.84,780.61,29000000.0,203000000.0,-16.13,-0.020245
221484,801231.ZICN,801231,上海申银万国证券研究所有限公司,申万综合Ⅱ,XSHG,2004-04-30,780.61,781.94,766.57,794.76,780.8,26000000.0,176000000.0,0.19,0.00024300000000000002
221703,801231.ZICN,801231,上海申银万国证券研究所有限公司,申万综合Ⅱ,XSHG,2004-05-10,780.8,783.38,760.07,791.35,766.38,23000000.0,147000000.0,-14.42,-0.018468000000000002
221922,801231.ZICN,801231,上海申银万国证券研究所有限公司,申万综合Ⅱ,XSHG,2004-05-11,766.38,765.17,757.54,779.41,772.18,21000000.0,136000000.0,5.8,0.007568000000000001
222141,801231.ZICN,801231,上海申银万国证券研究所有限公司,申万综合Ⅱ,XSHG,2004-05-12,772.18,771.93,766.78,792.59,788.75,36000000.0,258000000.0,16.57,0.021459
222360,801231.ZICN,801231,上海申银万国证券研究所有限公司,申万综合Ⅱ,XSHG,2004-05-13,788.75,789.26,773.88,792.87,781.85,23000000.0,155000000.0,-6.9,-0.008748
222579,801231.ZICN,801231,上海申银万国证券研究所有限公司,申万综合Ⅱ,XSHG,2004-05-14,781.85,781.36,758.98,784.33,765.6,22000000.0,145000000.0,-16.25,-0.020784
222798,801231.ZICN,801231,上海申银万国证券研究所有限公司,申万综合Ⅱ,XSHG,2004-05-17,765.6,763.07,749.64,774.59,759.34,25000000.0,152000000.0,-6.26,-0.008177
223017,801231.ZICN,801231,上海申银万国证券研究所有限公司,申万综合Ⅱ,XSHG,2004-05-18,759.34,760.03,752.69,780.4,775.58,23000000.0,156000000.0,16.24,0.021387
223236,801231.ZICN,801231,上海申银万国证券研究所有限公司,申万综合Ⅱ,XSHG,2004-05-19,775.58,777.45,767.27,789.21,775.51,36000000.0,234000000.0,-0.07,-9e-05
223455,801231.ZICN,801231,上海申银万国证券研究所有限公司,申万综合Ⅱ,XSHG,2004-05-20,775.51,776.08,760.85,783.48,768.87,28000000.0,186000000.0,-6.64,-0.008562
223674,801231.ZICN,801231,上海申银万国证券研究所有限公司,申万综合Ⅱ,XSHG,2004-05-21,768.87,767.21,757.56,776.27,770.8,21000000.0,144000000.0,1.93,0.00251
223893,801231.ZICN,801231,上海申银万国证券研究所有限公司,申万综合Ⅱ,XSHG,2004-05-24,770.8,771.79,758.59,778.96,764.57,26000000.0,168000000.0,-6.23,-0.008083
224112,801231.ZICN,801231,上海申银万国证券研究所有限公司,申万综合Ⅱ,XSHG,2004-05-25,764.57,765.25,739.94,768.89,744.9,24000000.0,159000000.0,-19.67,-0.025727
224331,801231.ZICN,801231,上海申银万国证券研究所有限公司,申万综合Ⅱ,XSHG,2004-05-26,744.9,740.99,732.3,755.54,746.84,25000000.0,160000000.0,1.94,0.002604
224550,801231.ZICN,801231,上海申银万国证券研究所有限公司,申万综合Ⅱ,XSHG,2004-05-27,746.84,747.48,737.86,767.19,762.41,29000000.0,207000000.0,15.57,0.020848
224769,801231.ZICN,801231,上海申银万国证券研究所有限公司,申万综合Ⅱ,XSHG,2004-05-28,762.41,762.58,748.53,768.6,755.14,23000000.0,143000000.0,-7.27,-0.009536
224988,801231.ZICN,801231,上海申银万国证券研究所有限公司,申万综合Ⅱ,XSHG,2004-05-31,755.14,756.61,745.96,764.53,755.54,17000000.0,118000000.0,0.4,0.00053
225207,801231.ZICN,801231,上海申银万国证券研究所有限公司,申万综合Ⅱ,XSHG,2004-06-01,755.54,756.89,750.89,771.44,768.49,30000000.0,206000000.0,12.95,0.01714
225426,801231.ZICN,801231,上海申银万国证券研究所有限公司,申万综合Ⅱ,XSHG,2004-06-02,768.49,768.87,756.3,779.17,767.27,39000000.0,270000000.0,-1.22,-0.001588
225645,801231.ZICN,801231,上海申银万国证券研究所有限公司,申万综合Ⅱ,XSHG,2004-06-03,767.27,768.13,746.58,772.38,752.15,40000000.0,263000000.0,-15.12,-0.019706
225864,801231.ZICN,801231,上海申银万国证券研究所有限公司,申万综合Ⅱ,XSHG,2004-06-04,752.15,749.36,739.68,761.37,751.85,29000000.0,199000000.0,-0.3,-0.000399
226083,801231.ZICN,801231,上海申银万国证券研究所有限公司,申万综合Ⅱ,XSHG,2004-06-07,751.85,749.09,726.9,753.62,734.56,29000000.0,218000000.0,-17.29,-0.022997
226302,801231.ZICN,801231,上海申银万国证券研究所有限公司,申万综合Ⅱ,XSHG,2004-06-08,734.56,732.67,719.77,740.6,726.08,23000000.0,162000000.0,-8.48,-0.011544
226521,801231.ZICN,801231,上海申银万国证券研究所有限公司,申万综合Ⅱ,XSHG,2004-06-09,726.08,723.59,695.68,729.81,702.23,34000000.0,221000000.0,-23.85,-0.032848
226740,801231.ZICN,801231,上海申银万国证券研究所有限公司,申万综合Ⅱ,XSHG,2004-06-10,702.23,698.93,689.39,712.82,698.51,29000000.0,172000000.0,-3.72,-0.005297
226959,801231.ZICN,801231,上海申银万国证券研究所有限公司,申万综合Ⅱ,XSHG,2004-06-11,698.51,699.92,693.82,719.98,701.43,29000000.0,168000000.0,2.92,0.00418
227178,801231.ZICN,801231,上海申银万国证券研究所有限公司,申万综合Ⅱ,XSHG,2004-06-14,701.43,702.38,673.34,707.22,681.76,34000000.0,227000000.0,-19.67,-0.028043000000000002
227397,801231.ZICN,801231,上海申银万国证券研究所有限公司,申万综合Ⅱ,XSHG,2004-06-15,681.76,681.39,673.76,703.92,697.41,30000000.0,166000000.0,15.65,0.022955
227616,801231.ZICN,801231,上海申银万国证券研究所有限公司,申万综合Ⅱ,XSHG,2004-06-16,697.41,696.63,684.62,712.49,701.83,32000000.0,178000000.0,4.42,0.006338
227835,801231.ZICN,801231,上海申银万国证券研究所有限公司,申万综合Ⅱ,XSHG,2004-06-17,701.83,699.94,682.76,709.02,687.53,30000000.0,164000000.0,-14.3,-0.020375
228054,801231.ZICN,801231,上海申银万国证券研究所有限公司,申万综合Ⅱ,XSHG,2004-06-18,687.53,686.64,672.85,697.59,683.58,26000000.0,147000000.0,-3.95,-0.005745
228273,801231.ZICN,801231,上海申银万国证券研究所有限公司,申万综合Ⅱ,XSHG,2004-06-21,683.58,685.93,677.48,702.62,696.54,29000000.0,177000000.0,12.96,0.018959
228492,801231.ZICN,801231,上海申银万国证券研究所有限公司,申万综合Ⅱ,XSHG,2004-06-22,696.54,697.55,690.02,711.03,702.42,34000000.0,204000000.0,5.88,0.008442
228711,801231.ZICN,801231,上海申银万国证券研究所有限公司,申万综合Ⅱ,XSHG,2004-06-23,702.42,701.64,684.45,707.99,696.4,28000000.0,160000000.0,-6.02,-0.00857
228930,801231.ZICN,801231,上海申银万国证券研究所有限公司,申万综合Ⅱ,XSHG,2004-06-24,696.4,695.18,683.78,703.63,689.44,25000000.0,142000000.0,-6.96,-0.009994
229149,801231.ZICN,801231,上海申银万国证券研究所有限公司,申万综合Ⅱ,XSHG,2004-06-25,689.44,688.66,668.22,699.45,675.53,26000000.0,151000000.0,-13.91,-0.020176
229368,801231.ZICN,801231,上海申银万国证券研究所有限公司,申万综合Ⅱ,XSHG,2004-06-28,675.53,674.38,652.83,683.21,663.68,21000000.0,113000000.0,-11.85,-0.017542
229587,801231.ZICN,801231,上海申银万国证券研究所有限公司,申万综合Ⅱ,XSHG,2004-06-29,663.68,664.14,648.75,676.6,669.23,24000000.0,133000000.0,5.55,0.008362
229806,801231.ZICN,801231,上海申银万国证券研究所有限公司,申万综合Ⅱ,XSHG,2004-06-30,669.23,668.94,654.91,674.47,660.62,17000000.0,92000000.0,-8.61,-0.012865999999999999
230025,801231.ZICN,801231,上海申银万国证券研究所有限公司,申万综合Ⅱ,XSHG,2004-07-01,660.62,659.0,654.94,685.98,681.89,33000000.0,178000000.0,21.27,0.032197
230245,801231.ZICN,801231,上海申银万国证券研究所有限公司,申万综合Ⅱ,XSHG,2004-07-02,681.89,681.23,670.73,687.63,681.13,23000000.0,127000000.0,-0.76,-0.001115
230465,801231.ZICN,801231,上海申银万国证券研究所有限公司,申万综合Ⅱ,XSHG,2004-07-05,681.13,681.32,672.8,690.12,683.3,23000000.0,134000000.0,2.17,0.003186
230685,801231.ZICN,801231,上海申银万国证券研究所有限公司,申万综合Ⅱ,XSHG,2004-07-06,683.3,683.31,677.33,696.43,687.05,30000000.0,167000000.0,3.75,0.005488
230905,801231.ZICN,801231,上海申银万国证券研究所有限公司,申万综合Ⅱ,XSHG,2004-07-07,687.05,684.87,672.33,688.78,679.09,23000000.0,131000000.0,-7.96,-0.011585999999999999
231125,801231.ZICN,801231,上海申银万国证券研究所有限公司,申万综合Ⅱ,XSHG,2004-07-08,679.09,679.89,671.27,689.29,682.94,21000000.0,129000000.0,3.85,0.0056689999999999996
231345,801231.ZICN,801231,上海申银万国证券研究所有限公司,申万综合Ⅱ,XSHG,2004-07-09,682.94,681.87,669.82,689.48,673.9,23000000.0,135000000.0,-9.04,-0.013237
231565,801231.ZICN,801231,上海申银万国证券研究所有限公司,申万综合Ⅱ,XSHG,2004-07-12,673.9,670.67,647.38,675.6,651.88,29000000.0,165000000.0,-22.02,-0.032675
231785,801231.ZICN,801231,上海申银万国证券研究所有限公司,申万综合Ⅱ,XSHG,2004-07-13,651.88,650.03,642.17,660.49,652.69,23000000.0,121000000.0,0.81,0.001243
232005,801231.ZICN,801231,上海申银万国证券研究所有限公司,申万综合Ⅱ,XSHG,2004-07-14,652.69,655.57,631.77,665.01,648.67,34000000.0,176000000.0,-4.02,-0.006159
232225,801231.ZICN,801231,上海申银万国证券研究所有限公司,申万综合Ⅱ,XSHG,2004-07-15,648.67,649.62,640.7,660.11,654.45,25000000.0,134000000.0,5.78,0.008911
232445,801231.ZICN,801231,上海申银万国证券研究所有限公司,申万综合Ⅱ,XSHG,2004-07-16,654.45,655.48,650.31,677.01,671.61,42000000.0,234000000.0,17.16,0.02622
232665,801231.ZICN,801231,上海申银万国证券研究所有限公司,申万综合Ⅱ,XSHG,2004-07-19,671.61,672.95,662.31,682.51,672.49,31000000.0,174000000.0,0.88,0.00131
232885,801231.ZICN,801231,上海申银万国证券研究所有限公司,申万综合Ⅱ,XSHG,2004-07-20,672.49,672.35,659.41,681.3,670.33,34000000.0,189000000.0,-2.16,-0.0032119999999999996
233105,801231.ZICN,801231,上海申银万国证券研究所有限公司,申万综合Ⅱ,XSHG,2004-07-21,670.33,667.91,659.43,678.34,669.89,23000000.0,131000000.0,-0.44,-0.000656
233325,801231.ZICN,801231,上海申银万国证券研究所有限公司,申万综合Ⅱ,XSHG,2004-07-22,669.89,669.89,650.76,678.45,656.7,32000000.0,176000000.0,-13.19,-0.01969
233545,801231.ZICN,801231,上海申银万国证券研究所有限公司,申万综合Ⅱ,XSHG,2004-07-23,656.7,653.97,643.34,666.08,661.4,25000000.0,140000000.0,4.7,0.007156999999999999
233765,801231.ZICN,801231,上海申银万国证券研究所有限公司,申万综合Ⅱ,XSHG,2004-07-26,661.4,659.19,645.28,670.34,655.94,31000000.0,194000000.0,-5.46,-0.008255
233985,801231.ZICN,801231,上海申银万国证券研究所有限公司,申万综合Ⅱ,XSHG,2004-07-27,655.94,655.93,642.61,663.63,651.94,32000000.0,168000000.0,-4.0,-0.006097999999999999
234205,801231.ZICN,801231,上海申银万国证券研究所有限公司,申万综合Ⅱ,XSHG,2004-07-28,651.94,652.06,642.52,659.6,653.63,22000000.0,121000000.0,1.69,0.002592
234425,801231.ZICN,801231,上海申银万国证券研究所有限公司,申万综合Ⅱ,XSHG,2004-07-29,653.63,655.31,647.64,669.74,667.2,30000000.0,171000000.0,13.57,0.020761
234645,801231.ZICN,801231,上海申银万国证券研究所有限公司,申万综合Ⅱ,XSHG,2004-07-30,667.2,667.62,653.13,677.44,657.35,37000000.0,188000000.0,-9.85,-0.014763
234865,801231.ZICN,801231,上海申银万国证券研究所有限公司,申万综合Ⅱ,XSHG,2004-08-02,657.35,653.56,642.12,661.69,649.87,21000000.0,113000000.0,-7.48,-0.011379
235085,801231.ZICN,801231,上海申银万国证券研究所有限公司,申万综合Ⅱ,XSHG,2004-08-03,649.87,647.5,638.77,656.93,646.98,22000000.0,127000000.0,-2.89,-0.0044469999999999996
235305,801231.ZICN,801231,上海申银万国证券研究所有限公司,申万综合Ⅱ,XSHG,2004-08-04,646.98,645.21,642.13,670.92,663.61,35000000.0,190000000.0,16.63,0.025704
235525,801231.ZICN,801231,上海申银万国证券研究所有限公司,申万综合Ⅱ,XSHG,2004-08-05,663.61,663.65,651.55,671.58,656.02,24000000.0,139000000.0,-7.59,-0.011437000000000001
235745,801231.ZICN,801231,上海申银万国证券研究所有限公司,申万综合Ⅱ,XSHG,2004-08-06,656.02,654.99,645.4,664.02,651.65,25000000.0,147000000.0,-4.37,-0.006661
235965,801231.ZICN,801231,上海申银万国证券研究所有限公司,申万综合Ⅱ,XSHG,2004-08-09,651.65,652.85,642.86,656.69,648.82,17000000.0,91000000.0,-2.83,-0.004343
236185,801231.ZICN,801231,上海申银万国证券研究所有限公司,申万综合Ⅱ,XSHG,2004-08-10,648.82,649.97,643.28,659.75,653.64,21000000.0,119000000.0,4.82,0.007429000000000001
236405,801231.ZICN,801231,上海申银万国证券研究所有限公司,申万综合Ⅱ,XSHG,2004-08-11,653.64,654.33,640.76,658.68,644.49,19000000.0,106000000.0,-9.15,-0.013999000000000001
236625,801231.ZICN,801231,上海申银万国证券研究所有限公司,申万综合Ⅱ,XSHG,2004-08-12,644.49,640.61,622.96,643.8,630.58,23000000.0,129000000.0,-13.91,-0.021583
236845,801231.ZICN,801231,上海申银万国证券研究所有限公司,申万综合Ⅱ,XSHG,2004-08-13,630.58,630.22,625.28,640.55,631.37,17000000.0,90000000.0,0.79,0.001253
237065,801231.ZICN,801231,上海申银万国证券研究所有限公司,申万综合Ⅱ,XSHG,2004-08-16,631.37,630.27,610.74,636.42,616.43,22000000.0,115000000.0,-14.94,-0.023663
237285,801231.ZICN,801231,上海申银万国证券研究所有限公司,申万综合Ⅱ,XSHG,2004-08-17,616.43,616.22,606.31,623.34,615.36,19000000.0,89000000.0,-1.07,-0.001736
237505,801231.ZICN,801231,上海申银万国证券研究所有限公司,申万综合Ⅱ,XSHG,2004-08-18,615.36,615.08,607.18,622.46,610.81,16000000.0,85000000.0,-4.55,-0.0073939999999999995
237725,801231.ZICN,801231,上海申银万国证券研究所有限公司,申万综合Ⅱ,XSHG,2004-08-19,610.81,609.82,586.05,614.44,594.79,26000000.0,130000000.0,-16.02,-0.026226999999999997
237945,801231.ZICN,801231,上海申银万国证券研究所有限公司,申万综合Ⅱ,XSHG,2004-08-20,594.79,594.3,580.01,604.62,595.28,21000000.0,99000000.0,0.49,0.000824
238165,801231.ZICN,801231,上海申银万国证券研究所有限公司,申万综合Ⅱ,XSHG,2004-08-23,595.28,594.11,582.45,599.55,590.72,14000000.0,69000000.0,-4.56,-0.007659999999999999
238385,801231.ZICN,801231,上海申银万国证券研究所有限公司,申万综合Ⅱ,XSHG,2004-08-24,590.72,590.63,587.03,612.54,603.83,22000000.0,104000000.0,13.11,0.022193
238605,801231.ZICN,801231,上海申银万国证券研究所有限公司,申万综合Ⅱ,XSHG,2004-08-25,603.83,603.47,594.63,611.57,603.29,20000000.0,97000000.0,-0.54,-0.0008939999999999999
238825,801231.ZICN,801231,上海申银万国证券研究所有限公司,申万综合Ⅱ,XSHG,2004-08-26,603.29,601.12,590.69,606.98,596.93,16000000.0,72000000.0,-6.36,-0.010542000000000001
239045,801231.ZICN,801231,上海申银万国证券研究所有限公司,申万综合Ⅱ,XSHG,2004-08-27,596.93,596.03,582.36,602.3,591.65,20000000.0,99000000.0,-5.28,-0.008845
239265,801231.ZICN,801231,上海申银万国证券研究所有限公司,申万综合Ⅱ,XSHG,2004-08-30,591.65,588.49,578.53,595.65,590.1,13000000.0,65000000.0,-1.55,-0.00262
239485,801231.ZICN,801231,上海申银万国证券研究所有限公司,申万综合Ⅱ,XSHG,2004-08-31,590.1,601.45,594.41,617.5,603.83,33000000.0,154000000.0,13.73,0.023267
239705,801231.ZICN,801231,上海申银万国证券研究所有限公司,申万综合Ⅱ,XSHG,2004-09-01,603.83,602.58,587.41,605.58,592.81,19000000.0,92000000.0,-11.02,-0.01825
239925,801231.ZICN,801231,上海申银万国证券研究所有限公司,申万综合Ⅱ,XSHG,2004-09-02,592.81,590.15,583.96,604.62,601.97,22000000.0,98000000.0,9.16,0.015452
240145,801231.ZICN,801231,上海申银万国证券研究所有限公司,申万综合Ⅱ,XSHG,2004-09-03,601.97,603.32,594.97,612.04,604.45,33000000.0,144000000.0,2.48,0.00412
240365,801231.ZICN,801231,上海申银万国证券研究所有限公司,申万综合Ⅱ,XSHG,2004-09-06,604.45,604.06,596.18,610.07,603.91,20000000.0,101000000.0,-0.54,-0.000893
240585,801231.ZICN,801231,上海申银万国证券研究所有限公司,申万综合Ⅱ,XSHG,2004-09-07,603.91,604.27,595.96,609.69,604.45,18000000.0,82000000.0,0.54,0.0008939999999999999
240805,801231.ZICN,801231,上海申银万国证券研究所有限公司,申万综合Ⅱ,XSHG,2004-09-08,604.45,603.8,593.98,608.76,601.01,19000000.0,96000000.0,-3.44,-0.005691
241025,801231.ZICN,801231,上海申银万国证券研究所有限公司,申万综合Ⅱ,XSHG,2004-09-09,601.01,600.69,585.2,605.17,589.68,28000000.0,138000000.0,-11.33,-0.018852
241245,801231.ZICN,801231,上海申银万国证券研究所有限公司,申万综合Ⅱ,XSHG,2004-09-10,589.68,586.78,577.17,593.02,588.35,21000000.0,97000000.0,-1.33,-0.002255
241465,801231.ZICN,801231,上海申银万国证券研究所有限公司,申万综合Ⅱ,XSHG,2004-09-13,588.35,586.75,569.13,590.21,572.81,21000000.0,96000000.0,-15.54,-0.026413
241685,801231.ZICN,801231,上海申银万国证券研究所有限公司,申万综合Ⅱ,XSHG,2004-09-14,572.81,579.2,575.73,598.44,592.81,33000000.0,166000000.0,20.0,0.034916
241905,801231.ZICN,801231,上海申银万国证券研究所有限公司,申万综合Ⅱ,XSHG,2004-09-15,592.81,592.89,587.79,630.69,620.58,100000000.0,594000000.0,27.77,0.046845
242125,801231.ZICN,801231,上海申银万国证券研究所有限公司,申万综合Ⅱ,XSHG,2004-09-16,620.58,624.29,616.05,640.55,632.37,101000000.0,580000000.0,11.79,0.018997999999999998
242345,801231.ZICN,801231,上海申银万国证券研究所有限公司,申万综合Ⅱ,XSHG,2004-09-17,632.37,633.68,625.81,656.71,652.52,100000000.0,532000000.0,20.15,0.031863999999999996
242565,801231.ZICN,801231,上海申银万国证券研究所有限公司,申万综合Ⅱ,XSHG,2004-09-20,652.52,657.92,650.69,687.54,684.24,127000000.0,697000000.0,31.72,0.048612
242785,801231.ZICN,801231,上海申银万国证券研究所有限公司,申万综合Ⅱ,XSHG,2004-09-21,684.24,685.76,663.47,699.1,680.91,112000000.0,634000000.0,-3.33,-0.004867
243005,801231.ZICN,801231,上海申银万国证券研究所有限公司,申万综合Ⅱ,XSHG,2004-09-22,680.91,678.8,655.17,687.21,661.44,83000000.0,461000000.0,-19.47,-0.028594
243225,801231.ZICN,801231,上海申银万国证券研究所有限公司,申万综合Ⅱ,XSHG,2004-09-23,661.44,658.09,651.27,685.77,683.23,60000000.0,343000000.0,21.79,0.032943
243445,801231.ZICN,801231,上海申银万国证券研究所有限公司,申万综合Ⅱ,XSHG,2004-09-24,683.23,686.48,656.95,703.0,661.75,101000000.0,608000000.0,-21.48,-0.031439
243665,801231.ZICN,801231,上海申银万国证券研究所有限公司,申万综合Ⅱ,XSHG,2004-09-27,661.75,662.32,640.26,677.74,646.81,46000000.0,256000000.0,-14.94,-0.022577
243885,801231.ZICN,801231,上海申银万国证券研究所有限公司,申万综合Ⅱ,XSHG,2004-09-28,646.81,649.27,638.96,660.5,651.03,31000000.0,169000000.0,4.22,0.006523999999999999
244105,801231.ZICN,801231,上海申银万国证券研究所有限公司,申万综合Ⅱ,XSHG,2004-09-29,651.03,653.06,635.81,657.72,639.23,27000000.0,148000000.0,-11.8,-0.018125
244325,801231.ZICN,801231,上海申银万国证券研究所有限公司,申万综合Ⅱ,XSHG,2004-09-30,639.23,638.4,619.95,646.22,624.58,29000000.0,152000000.0,-14.65,-0.022918
244545,801231.ZICN,801231,上海申银万国证券研究所有限公司,申万综合Ⅱ,XSHG,2004-10-08,624.58,623.19,610.9,643.28,640.87,24000000.0,139000000.0,16.29,0.026082
244765,801231.ZICN,801231,上海申银万国证券研究所有限公司,申万综合Ⅱ,XSHG,2004-10-11,640.87,640.89,631.45,661.63,645.99,62000000.0,368000000.0,5.12,0.007989
244985,801231.ZICN,801231,上海申银万国证券研究所有限公司,申万综合Ⅱ,XSHG,2004-10-12,645.99,643.71,628.63,650.34,634.08,38000000.0,209000000.0,-11.91,-0.018437000000000002
245205,801231.ZICN,801231,上海申银万国证券研究所有限公司,申万综合Ⅱ,XSHG,2004-10-13,634.08,633.09,624.08,649.21,642.02,40000000.0,200000000.0,7.94,0.012522
245425,801231.ZICN,801231,上海申银万国证券研究所有限公司,申万综合Ⅱ,XSHG,2004-10-14,642.02,641.39,603.01,648.95,609.9,60000000.0,299000000.0,-32.12,-0.05003
245645,801231.ZICN,801231,上海申银万国证券研究所有限公司,申万综合Ⅱ,XSHG,2004-10-15,609.9,606.35,591.97,623.08,607.41,55000000.0,279000000.0,-2.49,-0.004083
245865,801231.ZICN,801231,上海申银万国证券研究所有限公司,申万综合Ⅱ,XSHG,2004-10-18,607.41,608.09,598.85,621.92,613.36,42000000.0,211000000.0,5.95,0.009796
246085,801231.ZICN,801231,上海申银万国证券研究所有限公司,申万综合Ⅱ,XSHG,2004-10-19,613.36,615.31,603.46,627.34,609.38,39000000.0,196000000.0,-3.98,-0.006489
246305,801231.ZICN,801231,上海申银万国证券研究所有限公司,申万综合Ⅱ,XSHG,2004-10-20,609.38,607.4,585.31,611.9,598.2,42000000.0,182000000.0,-11.18,-0.018347
246525,801231.ZICN,801231,上海申银万国证券研究所有限公司,申万综合Ⅱ,XSHG,2004-10-21,598.2,598.01,576.91,608.58,584.81,46000000.0,225000000.0,-13.39,-0.022384
246745,801231.ZICN,801231,上海申银万国证券研究所有限公司,申万综合Ⅱ,XSHG,2004-10-22,584.81,581.67,560.23,591.84,584.12,53000000.0,239000000.0,-0.69,-0.00118
246965,801231.ZICN,801231,上海申银万国证券研究所有限公司,申万综合Ⅱ,XSHG,2004-10-25,584.12,587.69,573.3,599.76,579.05,47000000.0,225000000.0,-5.07,-0.00868
247185,801231.ZICN,801231,上海申银万国证券研究所有限公司,申万综合Ⅱ,XSHG,2004-10-26,579.05,577.96,561.42,593.7,588.92,54000000.0,243000000.0,9.87,0.017044999999999998
247405,801231.ZICN,801231,上海申银万国证券研究所有限公司,申万综合Ⅱ,XSHG,2004-10-27,588.92,587.69,578.32,607.69,604.06,69000000.0,316000000.0,15.14,0.025707999999999998
247625,801231.ZICN,801231,上海申银万国证券研究所有限公司,申万综合Ⅱ,XSHG,2004-10-28,604.06,607.09,591.83,618.52,600.97,69000000.0,320000000.0,-3.09,-0.005115
247845,801231.ZICN,801231,上海申银万国证券研究所有限公司,申万综合Ⅱ,XSHG,2004-10-29,600.97,585.04,569.81,603.6,588.35,46000000.0,208000000.0,-12.62,-0.020999
248065,801231.ZICN,801231,上海申银万国证券研究所有限公司,申万综合Ⅱ,XSHG,2004-11-01,588.35,587.87,569.83,600.25,576.98,40000000.0,171000000.0,-11.37,-0.019325
248285,801231.ZICN,801231,上海申银万国证券研究所有限公司,申万综合Ⅱ,XSHG,2004-11-02,576.98,573.82,566.0,585.63,577.79,32000000.0,159000000.0,0.81,0.0014039999999999999
248505,801231.ZICN,801231,上海申银万国证券研究所有限公司,申万综合Ⅱ,XSHG,2004-11-03,577.79,580.47,573.68,592.43,590.03,34000000.0,160000000.0,12.24,0.021184
248725,801231.ZICN,801231,上海申银万国证券研究所有限公司,申万综合Ⅱ,XSHG,2004-11-04,590.03,590.76,570.36,595.53,574.55,33000000.0,159000000.0,-15.48,-0.026236000000000002
248945,801231.ZICN,801231,上海申银万国证券研究所有限公司,申万综合Ⅱ,XSHG,2004-11-05,574.55,578.44,568.43,585.64,574.74,22000000.0,103000000.0,0.19,0.000331
249165,801231.ZICN,801231,上海申银万国证券研究所有限公司,申万综合Ⅱ,XSHG,2004-11-08,574.74,574.2,566.17,581.19,574.98,22000000.0,96000000.0,0.24,0.00041799999999999997
249385,801231.ZICN,801231,上海申银万国证券研究所有限公司,申万综合Ⅱ,XSHG,2004-11-09,574.98,576.42,570.14,584.57,578.73,26000000.0,133000000.0,3.75,0.006522
249605,801231.ZICN,801231,上海申银万国证券研究所有限公司,申万综合Ⅱ,XSHG,2004-11-10,578.73,581.18,574.09,607.48,602.96,61000000.0,291000000.0,24.23,0.041868
249825,801231.ZICN,801231,上海申银万国证券研究所有限公司,申万综合Ⅱ,XSHG,2004-11-11,602.96,604.33,595.08,623.05,600.31,80000000.0,396000000.0,-2.65,-0.0043950000000000005
250045,801231.ZICN,801231,上海申银万国证券研究所有限公司,申万综合Ⅱ,XSHG,2004-11-12,600.31,599.96,592.95,616.94,604.91,52000000.0,247000000.0,4.6,0.007663
250265,801231.ZICN,801231,上海申银万国证券研究所有限公司,申万综合Ⅱ,XSHG,2004-11-15,604.91,608.36,602.35,620.15,614.7,38000000.0,202000000.0,9.79,0.016184
250485,801231.ZICN,801231,上海申银万国证券研究所有限公司,申万综合Ⅱ,XSHG,2004-11-16,614.7,617.9,605.19,626.76,616.15,39000000.0,202000000.0,1.45,0.002359
250705,801231.ZICN,801231,上海申银万国证券研究所有限公司,申万综合Ⅱ,XSHG,2004-11-17,616.15,614.56,601.18,621.68,609.22,38000000.0,186000000.0,-6.93,-0.011247
250925,801231.ZICN,801231,上海申银万国证券研究所有限公司,申万综合Ⅱ,XSHG,2004-11-18,609.22,607.43,604.29,624.5,619.5,45000000.0,221000000.0,10.28,0.016874
251145,801231.ZICN,801231,上海申银万国证券研究所有限公司,申万综合Ⅱ,XSHG,2004-11-19,619.5,621.26,615.07,633.42,627.3,52000000.0,271000000.0,7.8,0.012591
251365,801231.ZICN,801231,上海申银万国证券研究所有限公司,申万综合Ⅱ,XSHG,2004-11-22,627.3,629.22,622.13,644.63,635.8,65000000.0,350000000.0,8.5,0.01355
251585,801231.ZICN,801231,上海申银万国证券研究所有限公司,申万综合Ⅱ,XSHG,2004-11-23,635.8,636.91,624.72,647.42,638.02,72000000.0,391000000.0,2.22,0.0034920000000000003
251805,801231.ZICN,801231,上海申银万国证券研究所有限公司,申万综合Ⅱ,XSHG,2004-11-24,638.02,637.76,620.3,644.9,624.32,64000000.0,332000000.0,-13.7,-0.021473
252025,801231.ZICN,801231,上海申银万国证券研究所有限公司,申万综合Ⅱ,XSHG,2004-11-25,624.32,623.45,611.06,632.83,622.22,55000000.0,304000000.0,-2.1,-0.0033640000000000002
252245,801231.ZICN,801231,上海申银万国证券研究所有限公司,申万综合Ⅱ,XSHG,2004-11-26,622.22,620.69,614.87,638.95,629.52,57000000.0,316000000.0,7.3,0.011732
252465,801231.ZICN,801231,上海申银万国证券研究所有限公司,申万综合Ⅱ,XSHG,2004-11-29,629.52,630.96,613.4,636.59,619.72,57000000.0,296000000.0,-9.8,-0.015567
252685,801231.ZICN,801231,上海申银万国证券研究所有限公司,申万综合Ⅱ,XSHG,2004-11-30,619.72,618.11,612.23,629.58,623.33,43000000.0,219000000.0,3.61,0.005825
252905,801231.ZICN,801231,上海申银万国证券研究所有限公司,申万综合Ⅱ,XSHG,2004-12-01,623.33,624.73,612.37,632.76,621.79,43000000.0,208000000.0,-1.54,-0.002471
253125,801231.ZICN,801231,上海申银万国证券研究所有限公司,申万综合Ⅱ,XSHG,2004-12-02,621.79,619.49,612.54,635.65,630.78,68000000.0,332000000.0,8.99,0.014458000000000002
253345,801231.ZICN,801231,上海申银万国证券研究所有限公司,申万综合Ⅱ,XSHG,2004-12-03,630.78,631.95,624.17,643.6,634.97,65000000.0,319000000.0,4.19,0.0066430000000000005
253565,801231.ZICN,801231,上海申银万国证券研究所有限公司,申万综合Ⅱ,XSHG,2004-12-06,634.97,634.92,624.44,644.31,634.45,57000000.0,257000000.0,-0.52,-0.000819
253785,801231.ZICN,801231,上海申银万国证券研究所有限公司,申万综合Ⅱ,XSHG,2004-12-07,634.45,634.02,615.56,638.87,619.2,48000000.0,209000000.0,-15.25,-0.024037
254005,801231.ZICN,801231,上海申银万国证券研究所有限公司,申万综合Ⅱ,XSHG,2004-12-08,619.2,622.4,613.87,631.9,621.18,40000000.0,162000000.0,1.98,0.003198
254225,801231.ZICN,801231,上海申银万国证券研究所有限公司,申万综合Ⅱ,XSHG,2004-12-09,621.18,621.78,611.16,632.06,620.97,48000000.0,189000000.0,-0.21,-0.000338
254445,801231.ZICN,801231,上海申银万国证券研究所有限公司,申万综合Ⅱ,XSHG,2004-12-10,620.97,619.43,597.86,623.48,602.38,38000000.0,172000000.0,-18.59,-0.029937000000000002
254665,801231.ZICN,801231,上海申银万国证券研究所有限公司,申万综合Ⅱ,XSHG,2004-12-13,602.38,599.11,589.3,604.63,596.37,29000000.0,110000000.0,-6.01,-0.009977
254885,801231.ZICN,801231,上海申银万国证券研究所有限公司,申万综合Ⅱ,XSHG,2004-12-14,596.37,595.19,585.36,602.71,590.97,28000000.0,130000000.0,-5.4,-0.009055
255105,801231.ZICN,801231,上海申银万国证券研究所有限公司,申万综合Ⅱ,XSHG,2004-12-15,590.97,590.96,577.37,598.29,590.01,33000000.0,148000000.0,-0.96,-0.0016239999999999998
255325,801231.ZICN,801231,上海申银万国证券研究所有限公司,申万综合Ⅱ,XSHG,2004-12-16,590.01,590.05,579.76,595.87,584.4,29000000.0,120000000.0,-5.61,-0.009507999999999999
255545,801231.ZICN,801231,上海申银万国证券研究所有限公司,申万综合Ⅱ,XSHG,2004-12-17,584.4,581.65,571.92,587.15,577.3,27000000.0,97000000.0,-7.1,-0.012149
255765,801231.ZICN,801231,上海申银万国证券研究所有限公司,申万综合Ⅱ,XSHG,2004-12-20,577.3,573.07,562.57,580.85,570.76,28000000.0,110000000.0,-6.54,-0.011329
255985,801231.ZICN,801231,上海申银万国证券研究所有限公司,申万综合Ⅱ,XSHG,2004-12-21,570.76,569.9,566.41,580.36,573.54,21000000.0,76000000.0,2.78,0.004871
256205,801231.ZICN,801231,上海申银万国证券研究所有限公司,申万综合Ⅱ,XSHG,2004-12-22,573.54,574.51,571.74,594.71,592.66,31000000.0,131000000.0,19.12,0.033337
256425,801231.ZICN,801231,上海申银万国证券研究所有限公司,申万综合Ⅱ,XSHG,2004-12-23,592.66,594.03,573.32,597.89,576.12,23000000.0,99000000.0,-16.54,-0.027908
256645,801231.ZICN,801231,上海申银万国证券研究所有限公司,申万综合Ⅱ,XSHG,2004-12-24,576.12,576.14,571.43,585.32,579.68,15000000.0,59000000.0,3.56,0.006179
256865,801231.ZICN,801231,上海申银万国证券研究所有限公司,申万综合Ⅱ,XSHG,2004-12-27,579.68,579.99,572.08,584.31,578.14,14000000.0,59000000.0,-1.54,-0.002657
257085,801231.ZICN,801231,上海申银万国证券研究所有限公司,申万综合Ⅱ,XSHG,2004-12-28,578.14,576.82,567.02,584.1,575.35,21000000.0,90000000.0,-2.79,-0.0048259999999999996
257305,801231.ZICN,801231,上海申银万国证券研究所有限公司,申万综合Ⅱ,XSHG,2004-12-29,575.35,575.01,566.27,583.45,571.77,27000000.0,122000000.0,-3.58,-0.006222
257525,801231.ZICN,801231,上海申银万国证券研究所有限公司,申万综合Ⅱ,XSHG,2004-12-30,571.77,572.04,559.45,577.52,566.78,25000000.0,106000000.0,-4.99,-0.008727
257745,801231.ZICN,801231,上海申银万国证券研究所有限公司,申万综合Ⅱ,XSHG,2004-12-31,566.78,567.66,553.84,574.81,558.01,26000000.0,110000000.0,-8.77,-0.015472999999999999
257965,801231.ZICN,801231,上海申银万国证券研究所有限公司,申万综合Ⅱ,XSHG,2005-01-04,558.01,556.7,544.09,564.97,553.75,19000000.0,79000000.0,-4.26,-0.007634
258185,801231.ZICN,801231,上海申银万国证券研究所有限公司,申万综合Ⅱ,XSHG,2005-01-05,553.75,554.84,550.72,572.2,565.58,23000000.0,106000000.0,11.83,0.021363
258405,801231.ZICN,801231,上海申银万国证券研究所有限公司,申万综合Ⅱ,XSHG,2005-01-06,565.58,565.0,555.86,569.49,562.55,22000000.0,87000000.0,-3.03,-0.005357
258625,801231.ZICN,801231,上海申银万国证券研究所有限公司,申万综合Ⅱ,XSHG,2005-01-07,562.55,561.59,556.96,574.58,565.85,21000000.0,87000000.0,3.3,0.005866
258845,801231.ZICN,801231,上海申银万国证券研究所有限公司,申万综合Ⅱ,XSHG,2005-01-10,565.85,565.6,559.88,573.1,571.44,20000000.0,66000000.0,5.59,0.009879
259065,801231.ZICN,801231,上海申银万国证券研究所有限公司,申万综合Ⅱ,XSHG,2005-01-11,571.44,571.71,564.61,578.01,573.26,21000000.0,83000000.0,1.82,0.0031850000000000003
259285,801231.ZICN,801231,上海申银万国证券研究所有限公司,申万综合Ⅱ,XSHG,2005-01-12,573.26,573.73,564.55,579.03,573.55,28000000.0,130000000.0,0.29,0.0005059999999999999
259505,801231.ZICN,801231,上海申银万国证券研究所有限公司,申万综合Ⅱ,XSHG,2005-01-13,573.55,572.88,566.23,582.45,576.38,30000000.0,140000000.0,2.83,0.004934
259725,801231.ZICN,801231,上海申银万国证券研究所有限公司,申万综合Ⅱ,XSHG,2005-01-14,576.38,576.14,564.6,584.2,569.68,31000000.0,132000000.0,-6.7,-0.011623999999999999
259945,801231.ZICN,801231,上海申银万国证券研究所有限公司,申万综合Ⅱ,XSHG,2005-01-17,569.68,565.36,550.3,576.95,560.11,40000000.0,187000000.0,-9.57,-0.016799
260165,801231.ZICN,801231,上海申银万国证券研究所有限公司,申万综合Ⅱ,XSHG,2005-01-18,560.11,559.69,555.56,576.47,573.99,51000000.0,240000000.0,13.88,0.024781
260385,801231.ZICN,801231,上海申银万国证券研究所有限公司,申万综合Ⅱ,XSHG,2005-01-19,573.99,573.23,563.78,578.15,570.29,35000000.0,162000000.0,-3.7,-0.0064459999999999995
260605,801231.ZICN,801231,上海申银万国证券研究所有限公司,申万综合Ⅱ,XSHG,2005-01-20,570.29,566.42,554.07,576.8,567.75,43000000.0,212000000.0,-2.54,-0.004454
260825,801231.ZICN,801231,上海申银万国证券研究所有限公司,申万综合Ⅱ,XSHG,2005-01-21,567.75,566.78,549.18,584.45,576.71,59000000.0,278000000.0,8.96,0.015782
261045,801231.ZICN,801231,上海申银万国证券研究所有限公司,申万综合Ⅱ,XSHG,2005-01-24,576.71,588.89,576.61,601.86,588.92,67000000.0,340000000.0,12.21,0.021172
261265,801231.ZICN,801231,上海申银万国证券研究所有限公司,申万综合Ⅱ,XSHG,2005-01-25,588.92,586.79,573.19,594.25,586.12,47000000.0,210000000.0,-2.8,-0.0047539999999999995
261485,801231.ZICN,801231,上海申银万国证券研究所有限公司,申万综合Ⅱ,XSHG,2005-01-26,586.12,583.98,572.63,589.71,578.09,42000000.0,195000000.0,-8.03,-0.0137
261705,801231.ZICN,801231,上海申银万国证券研究所有限公司,申万综合Ⅱ,XSHG,2005-01-27,578.09,575.0,560.94,581.61,567.8,48000000.0,212000000.0,-10.29,-0.0178
261925,801231.ZICN,801231,上海申银万国证券研究所有限公司,申万综合Ⅱ,XSHG,2005-01-28,567.8,565.21,552.82,573.59,558.45,35000000.0,159000000.0,-9.35,-0.016467
262145,801231.ZICN,801231,上海申银万国证券研究所有限公司,申万综合Ⅱ,XSHG,2005-01-31,558.45,555.27,532.22,560.2,537.54,37000000.0,163000000.0,-20.91,-0.037443000000000004
262365,801231.ZICN,801231,上海申银万国证券研究所有限公司,申万综合Ⅱ,XSHG,2005-02-01,537.54,534.45,517.89,545.19,524.26,33000000.0,129000000.0,-13.28,-0.024705
262585,801231.ZICN,801231,上海申银万国证券研究所有限公司,申万综合Ⅱ,XSHG,2005-02-02,524.26,526.5,521.81,559.37,555.94,48000000.0,215000000.0,31.68,0.060427999999999996
262805,801231.ZICN,801231,上海申银万国证券研究所有限公司,申万综合Ⅱ,XSHG,2005-02-03,555.94,555.98,540.3,566.15,546.52,53000000.0,243000000.0,-9.42,-0.016944
263025,801231.ZICN,801231,上海申银万国证券研究所有限公司,申万综合Ⅱ,XSHG,2005-02-04,546.52,547.86,541.55,563.58,557.26,40000000.0,188000000.0,10.74,0.019652
263245,801231.ZICN,801231,上海申银万国证券研究所有限公司,申万综合Ⅱ,XSHG,2005-02-16,557.26,561.65,553.84,571.86,563.09,33000000.0,148000000.0,5.83,0.010462
263465,801231.ZICN,801231,上海申银万国证券研究所有限公司,申万综合Ⅱ,XSHG,2005-02-17,563.09,561.44,554.16,571.01,568.08,33000000.0,148000000.0,4.99,0.008862
263685,801231.ZICN,801231,上海申银万国证券研究所有限公司,申万综合Ⅱ,XSHG,2005-02-18,568.08,568.35,556.12,573.4,559.43,32000000.0,137000000.0,-8.65,-0.015227000000000001
263905,801231.ZICN,801231,上海申银万国证券研究所有限公司,申万综合Ⅱ,XSHG,2005-02-21,559.43,559.24,554.62,573.62,569.99,48000000.0,186000000.0,10.56,0.018876
264125,801231.ZICN,801231,上海申银万国证券研究所有限公司,申万综合Ⅱ,XSHG,2005-02-22,569.99,571.04,565.27,587.53,583.27,78000000.0,377000000.0,13.28,0.023299
264345,801231.ZICN,801231,上海申银万国证券研究所有限公司,申万综合Ⅱ,XSHG,2005-02-23,583.27,583.87,575.47,597.53,591.08,87000000.0,444000000.0,7.81,0.01339
264565,801231.ZICN,801231,上海申银万国证券研究所有限公司,申万综合Ⅱ,XSHG,2005-02-24,591.08,591.45,582.94,607.57,597.75,96000000.0,463000000.0,6.67,0.011284
264785,801231.ZICN,801231,上海申银万国证券研究所有限公司,申万综合Ⅱ,XSHG,2005-02-25,597.75,598.97,590.71,610.44,595.11,81000000.0,386000000.0,-2.64,-0.004417
265005,801231.ZICN,801231,上海申银万国证券研究所有限公司,申万综合Ⅱ,XSHG,2005-02-28,595.11,595.23,584.92,604.5,593.37,59000000.0,288000000.0,-1.74,-0.002924
265225,801231.ZICN,801231,上海申银万国证券研究所有限公司,申万综合Ⅱ,XSHG,2005-03-01,593.37,592.83,584.62,601.4,591.96,48000000.0,234000000.0,-1.41,-0.002376
265445,801231.ZICN,801231,上海申银万国证券研究所有限公司,申万综合Ⅱ,XSHG,2005-03-02,591.96,592.59,579.73,601.33,584.33,62000000.0,301000000.0,-7.63,-0.012889
265665,801231.ZICN,801231,上海申银万国证券研究所有限公司,申万综合Ⅱ,XSHG,2005-03-03,584.33,582.21,574.14,593.93,589.19,51000000.0,244000000.0,4.86,0.008317
265885,801231.ZICN,801231,上海申银万国证券研究所有限公司,申万综合Ⅱ,XSHG,2005-03-04,589.19,588.84,577.36,593.71,581.91,46000000.0,197000000.0,-7.28,-0.012356
266105,801231.ZICN,801231,上海申银万国证券研究所有限公司,申万综合Ⅱ,XSHG,2005-03-07,581.91,581.45,573.98,590.0,582.07,30000000.0,148000000.0,0.16,0.000275
266325,801231.ZICN,801231,上海申银万国证券研究所有限公司,申万综合Ⅱ,XSHG,2005-03-08,582.07,583.15,577.73,595.97,593.97,49000000.0,250000000.0,11.9,0.020444
266545,801231.ZICN,801231,上海申银万国证券研究所有限公司,申万综合Ⅱ,XSHG,2005-03-09,593.97,595.1,586.0,603.16,594.33,60000000.0,309000000.0,0.36,0.000606
266765,801231.ZICN,801231,上海申银万国证券研究所有限公司,申万综合Ⅱ,XSHG,2005-03-10,594.33,594.49,573.26,598.03,576.91,49000000.0,239000000.0,-17.42,-0.029310000000000003
266985,801231.ZICN,801231,上海申银万国证券研究所有限公司,申万综合Ⅱ,XSHG,2005-03-11,576.91,575.51,568.48,585.03,577.47,43000000.0,197000000.0,0.56,0.0009710000000000001
267205,801231.ZICN,801231,上海申银万国证券研究所有限公司,申万综合Ⅱ,XSHG,2005-03-14,577.47,576.85,559.96,582.67,569.36,51000000.0,232000000.0,-8.11,-0.014044
267425,801231.ZICN,801231,上海申银万国证券研究所有限公司,申万综合Ⅱ,XSHG,2005-03-15,569.36,569.65,556.71,576.26,563.55,43000000.0,202000000.0,-5.81,-0.010204000000000001
267645,801231.ZICN,801231,上海申银万国证券研究所有限公司,申万综合Ⅱ,XSHG,2005-03-16,563.55,562.07,552.87,569.33,559.61,35000000.0,154000000.0,-3.94,-0.006991
267865,801231.ZICN,801231,上海申银万国证券研究所有限公司,申万综合Ⅱ,XSHG,2005-03-17,559.61,560.33,548.68,565.91,552.53,34000000.0,151000000.0,-7.08,-0.012652
268085,801231.ZICN,801231,上海申银万国证券研究所有限公司,申万综合Ⅱ,XSHG,2005-03-18,552.53,552.72,534.56,560.08,540.8,38000000.0,176000000.0,-11.73,-0.021230000000000002
268305,801231.ZICN,801231,上海申银万国证券研究所有限公司,申万综合Ⅱ,XSHG,2005-03-21,540.8,539.18,532.83,547.53,541.66,23000000.0,101000000.0,0.86,0.00159
268525,801231.ZICN,801231,上海申银万国证券研究所有限公司,申万综合Ⅱ,XSHG,2005-03-22,541.66,542.41,514.29,545.38,522.27,35000000.0,147000000.0,-19.39,-0.035797
268745,801231.ZICN,801231,上海申银万国证券研究所有限公司,申万综合Ⅱ,XSHG,2005-03-23,522.27,519.66,511.45,532.88,520.37,34000000.0,148000000.0,-1.9,-0.003638
268965,801231.ZICN,801231,上海申银万国证券研究所有限公司,申万综合Ⅱ,XSHG,2005-03-24,520.37,520.3,513.39,529.93,527.76,27000000.0,116000000.0,7.39,0.014200999999999998
269185,801231.ZICN,801231,上海申银万国证券研究所有限公司,申万综合Ⅱ,XSHG,2005-03-25,527.76,527.35,519.66,532.87,526.2,26000000.0,123000000.0,-1.56,-0.002956
269405,801231.ZICN,801231,上海申银万国证券研究所有限公司,申万综合Ⅱ,XSHG,2005-03-28,526.2,524.03,505.6,528.19,518.63,29000000.0,130000000.0,-7.57,-0.014386000000000001
269625,801231.ZICN,801231,上海申银万国证券研究所有限公司,申万综合Ⅱ,XSHG,2005-03-29,518.63,518.19,510.39,526.17,516.65,24000000.0,99000000.0,-1.98,-0.0038179999999999998
269845,801231.ZICN,801231,上海申银万国证券研究所有限公司,申万综合Ⅱ,XSHG,2005-03-30,516.65,514.55,493.42,518.59,500.06,30000000.0,126000000.0,-16.59,-0.032111
270065,801231.ZICN,801231,上海申银万国证券研究所有限公司,申万综合Ⅱ,XSHG,2005-03-31,500.06,496.68,489.21,506.72,503.47,28000000.0,109000000.0,3.41,0.0068189999999999995
270285,801231.ZICN,801231,上海申银万国证券研究所有限公司,申万综合Ⅱ,XSHG,2005-04-01,503.47,502.48,490.87,527.31,519.43,46000000.0,182000000.0,15.96,0.0317
270506,801231.ZICN,801231,上海申银万国证券研究所有限公司,申万综合Ⅱ,XSHG,2005-04-04,519.43,513.14,501.73,519.63,508.73,33000000.0,139000000.0,-10.7,-0.0206
270727,801231.ZICN,801231,上海申银万国证券研究所有限公司,申万综合Ⅱ,XSHG,2005-04-05,508.73,509.06,500.18,518.87,507.31,34000000.0,127000000.0,-1.42,-0.002791
270948,801231.ZICN,801231,上海申银万国证券研究所有限公司,申万综合Ⅱ,XSHG,2005-04-06,507.31,507.67,498.3,521.56,515.94,46000000.0,189000000.0,8.63,0.017011000000000002
271169,801231.ZICN,801231,上海申银万国证券研究所有限公司,申万综合Ⅱ,XSHG,2005-04-07,515.94,517.06,511.3,536.93,526.36,60000000.0,259000000.0,10.42,0.020196000000000002
271390,801231.ZICN,801231,上海申银万国证券研究所有限公司,申万综合Ⅱ,XSHG,2005-04-08,526.36,527.92,520.43,544.36,540.53,54000000.0,239000000.0,14.17,0.026920999999999997
271611,801231.ZICN,801231,上海申银万国证券研究所有限公司,申万综合Ⅱ,XSHG,2005-04-11,540.53,542.04,531.36,555.28,543.93,63000000.0,295000000.0,3.4,0.00629
271832,801231.ZICN,801231,上海申银万国证券研究所有限公司,申万综合Ⅱ,XSHG,2005-04-12,543.93,542.03,521.48,544.43,523.89,43000000.0,185000000.0,-20.04,-0.036843
272053,801231.ZICN,801231,上海申银万国证券研究所有限公司,申万综合Ⅱ,XSHG,2005-04-13,523.89,527.77,524.77,546.81,538.57,56000000.0,238000000.0,14.68,0.028020999999999997
272274,801231.ZICN,801231,上海申银万国证券研究所有限公司,申万综合Ⅱ,XSHG,2005-04-14,538.57,539.81,520.97,546.55,526.33,50000000.0,221000000.0,-12.24,-0.022727
272495,801231.ZICN,801231,上海申银万国证券研究所有限公司,申万综合Ⅱ,XSHG,2005-04-15,526.33,523.0,507.58,528.51,513.2,46000000.0,187000000.0,-13.13,-0.024946
272718,801231.ZICN,801231,上海申银万国证券研究所有限公司,申万综合Ⅱ,XSHG,2005-04-18,513.2,511.78,496.49,517.52,503.58,31000000.0,142000000.0,-9.62,-0.018744999999999998
272941,801231.ZICN,801231,上海申银万国证券研究所有限公司,申万综合Ⅱ,XSHG,2005-04-19,503.58,502.07,496.05,513.61,507.52,30000000.0,123000000.0,3.94,0.007824
273164,801231.ZICN,801231,上海申银万国证券研究所有限公司,申万综合Ⅱ,XSHG,2005-04-20,507.52,506.52,486.43,509.7,492.56,32000000.0,138000000.0,-14.96,-0.029477
273387,801231.ZICN,801231,上海申银万国证券研究所有限公司,申万综合Ⅱ,XSHG,2005-04-21,492.56,489.3,472.88,497.17,479.78,41000000.0,176000000.0,-12.78,-0.025945999999999997
273610,801231.ZICN,801231,上海申银万国证券研究所有限公司,申万综合Ⅱ,XSHG,2005-04-22,479.78,479.02,460.66,487.54,473.49,43000000.0,171000000.0,-6.29,-0.01311
273833,801231.ZICN,801231,上海申银万国证券研究所有限公司,申万综合Ⅱ,XSHG,2005-04-25,473.49,468.1,447.78,476.16,465.06,39000000.0,147000000.0,-8.43,-0.017804
274056,801231.ZICN,801231,上海申银万国证券研究所有限公司,申万综合Ⅱ,XSHG,2005-04-26,465.06,463.36,456.21,482.11,475.99,46000000.0,175000000.0,10.93,0.023502000000000002
274279,801231.ZICN,801231,上海申银万国证券研究所有限公司,申万综合Ⅱ,XSHG,2005-04-27,475.99,479.41,461.0,485.57,468.79,53000000.0,206000000.0,-7.2,-0.015125999999999999
274502,801231.ZICN,801231,上海申银万国证券研究所有限公司,申万综合Ⅱ,XSHG,2005-04-28,468.79,468.99,454.77,490.03,481.0,61000000.0,241000000.0,12.21,0.026045999999999996
274725,801231.ZICN,801231,上海申银万国证券研究所有限公司,申万综合Ⅱ,XSHG,2005-04-29,481.0,479.33,466.86,486.17,473.13,44000000.0,169000000.0,-7.87,-0.016362
274948,801231.ZICN,801231,上海申银万国证券研究所有限公司,申万综合Ⅱ,XSHG,2005-05-09,473.13,472.04,448.8,483.23,455.43,31000000.0,121000000.0,-17.7,-0.03741
275171,801231.ZICN,801231,上海申银万国证券研究所有限公司,申万综合Ⅱ,XSHG,2005-05-10,455.43,451.02,435.1,463.58,456.68,33000000.0,122000000.0,1.25,0.002745
275394,801231.ZICN,801231,上海申银万国证券研究所有限公司,申万综合Ⅱ,XSHG,2005-05-11,456.68,454.2,445.18,465.86,456.01,35000000.0,134000000.0,-0.67,-0.001467
275617,801231.ZICN,801231,上海申银万国证券研究所有限公司,申万综合Ⅱ,XSHG,2005-05-12,456.01,454.25,444.43,463.62,453.32,30000000.0,119000000.0,-2.69,-0.005899000000000001
275840,801231.ZICN,801231,上海申银万国证券研究所有限公司,申万综合Ⅱ,XSHG,2005-05-13,453.32,451.75,444.42,465.12,458.46,40000000.0,141000000.0,5.14,0.011339
276063,801231.ZICN,801231,上海申银万国证券研究所有限公司,申万综合Ⅱ,XSHG,2005-05-16,458.46,456.92,444.36,462.64,452.81,27000000.0,101000000.0,-5.65,-0.012324
276286,801231.ZICN,801231,上海申银万国证券研究所有限公司,申万综合Ⅱ,XSHG,2005-05-17,452.81,453.56,445.37,464.61,455.26,32000000.0,114000000.0,2.45,0.005411
276509,801231.ZICN,801231,上海申银万国证券研究所有限公司,申万综合Ⅱ,XSHG,2005-05-18,455.26,455.16,449.78,465.52,462.2,31000000.0,113000000.0,6.94,0.015244
276732,801231.ZICN,801231,上海申银万国证券研究所有限公司,申万综合Ⅱ,XSHG,2005-05-19,462.2,461.92,453.24,468.32,463.01,35000000.0,128000000.0,0.81,0.0017519999999999999
276955,801231.ZICN,801231,上海申银万国证券研究所有限公司,申万综合Ⅱ,XSHG,2005-05-20,463.01,461.4,454.76,469.25,459.07,36000000.0,126000000.0,-3.94,-0.00851
277178,801231.ZICN,801231,上海申银万国证券研究所有限公司,申万综合Ⅱ,XSHG,2005-05-23,459.07,455.62,441.11,460.24,446.58,29000000.0,110000000.0,-12.49,-0.027207
277401,801231.ZICN,801231,上海申银万国证券研究所有限公司,申万综合Ⅱ,XSHG,2005-05-24,446.58,443.87,439.53,461.49,457.89,36000000.0,121000000.0,11.31,0.025325999999999998
277624,801231.ZICN,801231,上海申银万国证券研究所有限公司,申万综合Ⅱ,XSHG,2005-05-25,457.89,455.53,450.45,467.2,459.81,37000000.0,133000000.0,1.92,0.004193
277847,801231.ZICN,801231,上海申银万国证券研究所有限公司,申万综合Ⅱ,XSHG,2005-05-26,459.81,459.73,452.31,466.35,456.96,28000000.0,108000000.0,-2.85,-0.0061979999999999995
278070,801231.ZICN,801231,上海申银万国证券研究所有限公司,申万综合Ⅱ,XSHG,2005-05-27,456.96,455.51,449.19,465.02,454.79,41000000.0,136000000.0,-2.17,-0.004749000000000001
278293,801231.ZICN,801231,上海申银万国证券研究所有限公司,申万综合Ⅱ,XSHG,2005-05-30,454.79,452.36,447.32,463.0,459.16,25000000.0,89000000.0,4.37,0.009609
278516,801231.ZICN,801231,上海申银万国证券研究所有限公司,申万综合Ⅱ,XSHG,2005-05-31,459.16,460.07,452.97,466.56,459.36,27000000.0,97000000.0,0.2,0.000436
278739,801231.ZICN,801231,上海申银万国证券研究所有限公司,申万综合Ⅱ,XSHG,2005-06-01,459.36,457.91,439.28,460.55,443.89,36000000.0,126000000.0,-15.47,-0.033677
278962,801231.ZICN,801231,上海申银万国证券研究所有限公司,申万综合Ⅱ,XSHG,2005-06-02,443.89,442.31,429.18,448.27,436.55,33000000.0,114000000.0,-7.34,-0.016536000000000002
279185,801231.ZICN,801231,上海申银万国证券研究所有限公司,申万综合Ⅱ,XSHG,2005-06-03,436.55,435.21,427.33,443.57,434.87,30000000.0,103000000.0,-1.68,-0.003848
279408,801231.ZICN,801231,上海申银万国证券研究所有限公司,申万综合Ⅱ,XSHG,2005-06-06,434.87,433.05,420.08,442.85,439.62,32000000.0,117000000.0,4.75,0.010923
279631,801231.ZICN,801231,上海申银万国证券研究所有限公司,申万综合Ⅱ,XSHG,2005-06-07,439.62,441.5,435.53,454.55,443.32,53000000.0,202000000.0,3.7,0.008416
279854,801231.ZICN,801231,上海申银万国证券研究所有限公司,申万综合Ⅱ,XSHG,2005-06-08,443.32,442.3,440.12,480.98,476.05,98000000.0,372000000.0,32.73,0.07382899999999999
280077,801231.ZICN,801231,上海申银万国证券研究所有限公司,申万综合Ⅱ,XSHG,2005-06-09,476.05,477.09,467.19,491.02,481.81,97000000.0,381000000.0,5.76,0.0121
280300,801231.ZICN,801231,上海申银万国证券研究所有限公司,申万综合Ⅱ,XSHG,2005-06-10,481.81,482.68,467.24,489.29,473.84,76000000.0,297000000.0,-7.97,-0.016541999999999998
280523,801231.ZICN,801231,上海申银万国证券研究所有限公司,申万综合Ⅱ,XSHG,2005-06-13,473.84,472.93,462.7,482.38,474.27,47000000.0,182000000.0,0.43,0.000907
280746,801231.ZICN,801231,上海申银万国证券研究所有限公司,申万综合Ⅱ,XSHG,2005-06-14,474.27,476.66,461.7,483.03,464.36,53000000.0,200000000.0,-9.91,-0.020895
280969,801231.ZICN,801231,上海申银万国证券研究所有限公司,申万综合Ⅱ,XSHG,2005-06-15,464.36,462.19,443.93,466.52,448.9,44000000.0,176000000.0,-15.46,-0.033293
281192,801231.ZICN,801231,上海申银万国证券研究所有限公司,申万综合Ⅱ,XSHG,2005-06-16,448.9,448.31,440.75,457.46,452.94,35000000.0,137000000.0,4.04,0.009000000000000001
281415,801231.ZICN,801231,上海申银万国证券研究所有限公司,申万综合Ⅱ,XSHG,2005-06-17,452.94,454.55,443.68,461.0,449.09,36000000.0,133000000.0,-3.85,-0.0085
281638,801231.ZICN,801231,上海申银万国证券研究所有限公司,申万综合Ⅱ,XSHG,2005-06-20,449.09,447.75,435.16,460.97,458.66,40000000.0,159000000.0,9.57,0.02131
281861,801231.ZICN,801231,上海申银万国证券研究所有限公司,申万综合Ⅱ,XSHG,2005-06-21,458.66,458.52,447.29,462.22,451.64,29000000.0,113000000.0,-7.02,-0.015305000000000001
282084,801231.ZICN,801231,上海申银万国证券研究所有限公司,申万综合Ⅱ,XSHG,2005-06-22,451.64,450.76,444.31,458.62,454.8,27000000.0,101000000.0,3.16,0.006997
282307,801231.ZICN,801231,上海申银万国证券研究所有限公司,申万综合Ⅱ,XSHG,2005-06-23,454.8,453.95,445.24,459.75,449.5,32000000.0,116000000.0,-5.3,-0.011653
282530,801231.ZICN,801231,上海申银万国证券研究所有限公司,申万综合Ⅱ,XSHG,2005-06-24,449.5,447.81,443.0,456.03,453.63,35000000.0,124000000.0,4.13,0.009188
282753,801231.ZICN,801231,上海申银万国证券研究所有限公司,申万综合Ⅱ,XSHG,2005-06-27,453.63,456.59,454.19,470.64,465.3,67000000.0,255000000.0,11.67,0.025726
282976,801231.ZICN,801231,上海申银万国证券研究所有限公司,申万综合Ⅱ,XSHG,2005-06-28,465.3,463.12,451.56,467.33,457.66,43000000.0,160000000.0,-7.64,-0.01642
283199,801231.ZICN,801231,上海申银万国证券研究所有限公司,申万综合Ⅱ,XSHG,2005-06-29,457.66,458.57,452.34,465.49,456.79,28000000.0,108000000.0,-0.87,-0.0019010000000000001
283422,801231.ZICN,801231,上海申银万国证券研究所有限公司,申万综合Ⅱ,XSHG,2005-06-30,456.79,454.77,438.52,457.31,440.72,32000000.0,120000000.0,-16.07,-0.03518
283645,801231.ZICN,801231,上海申银万国证券研究所有限公司,申万综合Ⅱ,XSHG,2005-07-01,440.72,439.45,415.34,444.27,419.41,54000000.0,196000000.0,-21.31,-0.048353
283868,801231.ZICN,801231,上海申银万国证券研究所有限公司,申万综合Ⅱ,XSHG,2005-07-04,419.41,416.38,395.83,422.25,411.49,42000000.0,147000000.0,-7.92,-0.018884
284091,801231.ZICN,801231,上海申银万国证券研究所有限公司,申万综合Ⅱ,XSHG,2005-07-05,411.49,409.21,400.34,415.78,407.58,30000000.0,108000000.0,-3.91,-0.009502
284314,801231.ZICN,801231,上海申银万国证券研究所有限公司,申万综合Ⅱ,XSHG,2005-07-06,407.58,409.02,401.1,415.92,406.35,25000000.0,86000000.0,-1.23,-0.003018
284537,801231.ZICN,801231,上海申银万国证券研究所有限公司,申万综合Ⅱ,XSHG,2005-07-07,406.35,405.15,398.42,413.06,408.0,28000000.0,103000000.0,1.65,0.004061
284760,801231.ZICN,801231,上海申银万国证券研究所有限公司,申万综合Ⅱ,XSHG,2005-07-08,408.0,406.04,384.62,408.13,388.43,32000000.0,111000000.0,-19.57,-0.047966
284983,801231.ZICN,801231,上海申银万国证券研究所有限公司,申万综合Ⅱ,XSHG,2005-07-11,388.43,391.71,380.2,405.06,384.47,34000000.0,112000000.0,-3.96,-0.010195000000000001
285206,801231.ZICN,801231,上海申银万国证券研究所有限公司,申万综合Ⅱ,XSHG,2005-07-12,384.47,384.44,377.38,402.46,398.93,40000000.0,132000000.0,14.46,0.037610000000000005
285429,801231.ZICN,801231,上海申银万国证券研究所有限公司,申万综合Ⅱ,XSHG,2005-07-13,398.93,397.55,389.23,404.4,395.13,38000000.0,133000000.0,-3.8,-0.009525
285652,801231.ZICN,801231,上海申银万国证券研究所有限公司,申万综合Ⅱ,XSHG,2005-07-14,395.13,392.99,388.34,401.53,394.64,29000000.0,96000000.0,-0.49,-0.00124
285875,801231.ZICN,801231,上海申银万国证券研究所有限公司,申万综合Ⅱ,XSHG,2005-07-15,394.64,394.17,380.35,399.54,384.3,32000000.0,101000000.0,-10.34,-0.026201
286098,801231.ZICN,801231,上海申银万国证券研究所有限公司,申万综合Ⅱ,XSHG,2005-07-18,384.3,384.69,369.97,388.73,376.44,40000000.0,118000000.0,-7.86,-0.020453
286321,801231.ZICN,801231,上海申银万国证券研究所有限公司,申万综合Ⅱ,XSHG,2005-07-19,376.44,375.91,368.56,385.17,378.15,31000000.0,89000000.0,1.71,0.004543
286544,801231.ZICN,801231,上海申银万国证券研究所有限公司,申万综合Ⅱ,XSHG,2005-07-20,378.15,377.96,372.11,384.86,379.84,27000000.0,80000000.0,1.69,0.004469
286767,801231.ZICN,801231,上海申银万国证券研究所有限公司,申万综合Ⅱ,XSHG,2005-07-21,379.84,379.52,365.09,383.69,375.22,35000000.0,109000000.0,-4.62,-0.012163
286990,801231.ZICN,801231,上海申银万国证券研究所有限公司,申万综合Ⅱ,XSHG,2005-07-22,375.22,377.26,373.12,395.19,388.32,63000000.0,202000000.0,13.1,0.034913
287213,801231.ZICN,801231,上海申银万国证券研究所有限公司,申万综合Ⅱ,XSHG,2005-07-25,388.32,387.31,381.43,394.93,390.37,42000000.0,129000000.0,2.05,0.005279
287436,801231.ZICN,801231,上海申银万国证券研究所有限公司,申万综合Ⅱ,XSHG,2005-07-26,390.37,389.25,386.3,403.56,400.63,64000000.0,204000000.0,10.26,0.026282999999999997
287659,801231.ZICN,801231,上海申银万国证券研究所有限公司,申万综合Ⅱ,XSHG,2005-07-27,400.63,400.93,394.48,412.42,409.2,75000000.0,250000000.0,8.57,0.021391
287882,801231.ZICN,801231,上海申银万国证券研究所有限公司,申万综合Ⅱ,XSHG,2005-07-28,409.2,408.02,399.93,417.48,409.83,72000000.0,238000000.0,0.63,0.0015400000000000001
288105,801231.ZICN,801231,上海申银万国证券研究所有限公司,申万综合Ⅱ,XSHG,2005-07-29,409.83,407.79,399.38,416.3,409.06,66000000.0,201000000.0,-0.77,-0.0018789999999999998
288328,801231.ZICN,801231,上海申银万国证券研究所有限公司,申万综合Ⅱ,XSHG,2005-08-01,409.06,408.01,402.38,416.87,411.06,46000000.0,143000000.0,2.0,0.004889
288551,801231.ZICN,801231,上海申银万国证券研究所有限公司,申万综合Ⅱ,XSHG,2005-08-02,411.06,410.61,404.55,419.88,418.08,46000000.0,149000000.0,7.02,0.017078
288774,801231.ZICN,801231,上海申银万国证券研究所有限公司,申万综合Ⅱ,XSHG,2005-08-03,418.08,418.78,414.96,432.33,422.09,89000000.0,297000000.0,4.01,0.009590999999999999
288997,801231.ZICN,801231,上海申银万国证券研究所有限公司,申万综合Ⅱ,XSHG,2005-08-04,422.09,420.02,411.03,424.07,416.2,46000000.0,149000000.0,-5.89,-0.013954
289220,801231.ZICN,801231,上海申银万国证券研究所有限公司,申万综合Ⅱ,XSHG,2005-08-05,416.2,416.63,414.2,431.19,428.94,79000000.0,267000000.0,12.74,0.030610000000000002
289443,801231.ZICN,801231,上海申银万国证券研究所有限公司,申万综合Ⅱ,XSHG,2005-08-08,428.94,431.32,424.7,442.24,434.52,96000000.0,340000000.0,5.58,0.013009
289666,801231.ZICN,801231,上海申银万国证券研究所有限公司,申万综合Ⅱ,XSHG,2005-08-09,434.52,435.07,429.4,447.35,445.21,89000000.0,315000000.0,10.69,0.024602000000000002
289889,801231.ZICN,801231,上海申银万国证券研究所有限公司,申万综合Ⅱ,XSHG,2005-08-10,445.21,445.55,436.65,458.43,451.88,108000000.0,422000000.0,6.67,0.014981999999999999
290112,801231.ZICN,801231,上海申银万国证券研究所有限公司,申万综合Ⅱ,XSHG,2005-08-11,451.88,450.95,443.0,460.48,455.32,102000000.0,402000000.0,3.44,0.007613
290335,801231.ZICN,801231,上海申银万国证券研究所有限公司,申万综合Ⅱ,XSHG,2005-08-12,455.32,455.16,439.62,467.2,446.37,107000000.0,413000000.0,-8.95,-0.019657
290558,801231.ZICN,801231,上海申银万国证券研究所有限公司,申万综合Ⅱ,XSHG,2005-08-15,446.37,445.26,439.6,461.2,458.13,76000000.0,300000000.0,11.76,0.026345999999999998
290781,801231.ZICN,801231,上海申银万国证券研究所有限公司,申万综合Ⅱ,XSHG,2005-08-16,458.13,458.63,448.64,470.14,458.81,96000000.0,376000000.0,0.68,0.001484
291004,801231.ZICN,801231,上海申银万国证券研究所有限公司,申万综合Ⅱ,XSHG,2005-08-17,458.81,456.13,444.91,471.69,468.33,132000000.0,474000000.0,9.52,0.020749
291227,801231.ZICN,801231,上海申银万国证券研究所有限公司,申万综合Ⅱ,XSHG,2005-08-18,468.33,469.12,446.31,487.94,452.67,197000000.0,683000000.0,-15.66,-0.033438
291450,801231.ZICN,801231,上海申银万国证券研究所有限公司,申万综合Ⅱ,XSHG,2005-08-19,452.67,450.09,439.6,467.14,457.52,128000000.0,452000000.0,4.85,0.010714
291673,801231.ZICN,801231,上海申银万国证券研究所有限公司,申万综合Ⅱ,XSHG,2005-08-22,457.52,456.54,446.55,468.94,460.8,93000000.0,310000000.0,3.28,0.007169
291896,801231.ZICN,801231,上海申银万国证券研究所有限公司,申万综合Ⅱ,XSHG,2005-08-23,460.8,459.71,442.28,464.71,450.44,80000000.0,276000000.0,-10.36,-0.022483000000000003
292119,801231.ZICN,801231,上海申银万国证券研究所有限公司,申万综合Ⅱ,XSHG,2005-08-24,450.44,450.55,446.16,463.99,458.66,76000000.0,257000000.0,8.22,0.018249
292342,801231.ZICN,801231,上海申银万国证券研究所有限公司,申万综合Ⅱ,XSHG,2005-08-25,458.66,458.89,452.3,472.21,466.03,100000000.0,349000000.0,7.37,0.016069
292565,801231.ZICN,801231,上海申银万国证券研究所有限公司,申万综合Ⅱ,XSHG,2005-08-26,466.03,466.6,457.05,479.06,469.92,108000000.0,400000000.0,3.89,0.008347
292788,801231.ZICN,801231,上海申银万国证券研究所有限公司,申万综合Ⅱ,XSHG,2005-08-29,469.92,471.13,459.39,479.1,466.22,90000000.0,337000000.0,-3.7,-0.007873999999999999
293011,801231.ZICN,801231,上海申银万国证券研究所有限公司,申万综合Ⅱ,XSHG,2005-08-30,466.22,465.96,457.49,474.73,464.27,89000000.0,333000000.0,-1.95,-0.004183
293234,801231.ZICN,801231,上海申银万国证券研究所有限公司,申万综合Ⅱ,XSHG,2005-08-31,464.27,466.22,456.53,480.44,475.85,114000000.0,452000000.0,11.58,0.024942
293457,801231.ZICN,801231,上海申银万国证券研究所有限公司,申万综合Ⅱ,XSHG,2005-09-01,475.85,476.24,469.64,493.02,485.19,143000000.0,588000000.0,9.34,0.019628
293680,801231.ZICN,801231,上海申银万国证券研究所有限公司,申万综合Ⅱ,XSHG,2005-09-02,485.19,485.33,477.57,495.7,489.23,106000000.0,428000000.0,4.04,0.008327
293903,801231.ZICN,801231,上海申银万国证券研究所有限公司,申万综合Ⅱ,XSHG,2005-09-05,489.23,493.09,487.0,504.65,499.0,110000000.0,439000000.0,9.77,0.019969999999999998
294126,801231.ZICN,801231,上海申银万国证券研究所有限公司,申万综合Ⅱ,XSHG,2005-09-06,499.0,500.96,479.96,509.31,484.98,129000000.0,561000000.0,-14.02,-0.028096
294349,801231.ZICN,801231,上海申银万国证券研究所有限公司,申万综合Ⅱ,XSHG,2005-09-07,484.98,483.95,478.47,501.71,498.5,100000000.0,429000000.0,13.52,0.027877
294572,801231.ZICN,801231,上海申银万国证券研究所有限公司,申万综合Ⅱ,XSHG,2005-09-08,498.5,499.9,487.45,507.66,497.15,97000000.0,380000000.0,-1.35,-0.002708
294795,801231.ZICN,801231,上海申银万国证券研究所有限公司,申万综合Ⅱ,XSHG,2005-09-09,497.15,497.49,486.61,504.8,492.09,73000000.0,305000000.0,-5.06,-0.010178
295018,801231.ZICN,801231,上海申银万国证券研究所有限公司,申万综合Ⅱ,XSHG,2005-09-12,492.09,492.97,483.9,499.87,492.83,46000000.0,193000000.0,0.74,0.001504
295241,801231.ZICN,801231,上海申银万国证券研究所有限公司,申万综合Ⅱ,XSHG,2005-09-13,492.83,493.31,487.49,506.25,504.23,80000000.0,370000000.0,11.4,0.023132
295464,801231.ZICN,801231,上海申银万国证券研究所有限公司,申万综合Ⅱ,XSHG,2005-09-14,504.23,505.35,497.13,514.49,509.69,124000000.0,525000000.0,5.46,0.010828
295687,801231.ZICN,801231,上海申银万国证券研究所有限公司,申万综合Ⅱ,XSHG,2005-09-15,509.69,509.5,501.56,519.72,512.63,120000000.0,501000000.0,2.94,0.005768
295910,801231.ZICN,801231,上海申银万国证券研究所有限公司,申万综合Ⅱ,XSHG,2005-09-16,512.63,512.6,504.38,518.36,511.62,92000000.0,367000000.0,-1.01,-0.00197
296133,801231.ZICN,801231,上海申银万国证券研究所有限公司,申万综合Ⅱ,XSHG,2005-09-19,511.62,512.63,508.15,525.15,520.6,101000000.0,422000000.0,8.98,0.017552
296356,801231.ZICN,801231,上海申银万国证券研究所有限公司,申万综合Ⅱ,XSHG,2005-09-20,520.6,521.7,508.39,531.71,519.8,135000000.0,568000000.0,-0.8,-0.001537
296579,801231.ZICN,801231,上海申银万国证券研究所有限公司,申万综合Ⅱ,XSHG,2005-09-21,519.8,519.5,504.64,524.96,510.03,118000000.0,461000000.0,-9.77,-0.018796
296802,801231.ZICN,801231,上海申银万国证券研究所有限公司,申万综合Ⅱ,XSHG,2005-09-22,510.03,508.83,475.43,512.91,487.92,98000000.0,381000000.0,-22.11,-0.04335
297025,801231.ZICN,801231,上海申银万国证券研究所有限公司,申万综合Ⅱ,XSHG,2005-09-23,487.92,487.4,475.24,495.8,480.25,69000000.0,273000000.0,-7.67,-0.015719999999999998
297248,801231.ZICN,801231,上海申银万国证券研究所有限公司,申万综合Ⅱ,XSHG,2005-09-26,480.25,479.16,469.35,490.83,483.3,55000000.0,219000000.0,3.05,0.006351
297471,801231.ZICN,801231,上海申银万国证券研究所有限公司,申万综合Ⅱ,XSHG,2005-09-27,483.3,484.47,467.15,490.77,470.98,69000000.0,286000000.0,-12.32,-0.025491
297694,801231.ZICN,801231,上海申银万国证券研究所有限公司,申万综合Ⅱ,XSHG,2005-09-28,470.98,471.29,461.74,479.93,467.39,57000000.0,234000000.0,-3.59,-0.007622
297917,801231.ZICN,801231,上海申银万国证券研究所有限公司,申万综合Ⅱ,XSHG,2005-09-29,467.39,468.16,463.76,480.81,476.24,64000000.0,254000000.0,8.85,0.018935
298140,801231.ZICN,801231,上海申银万国证券研究所有限公司,申万综合Ⅱ,XSHG,2005-09-30,476.24,476.23,467.33,482.9,473.65,43000000.0,186000000.0,-2.59,-0.005438
298363,801231.ZICN,801231,上海申银万国证券研究所有限公司,申万综合Ⅱ,XSHG,2005-10-10,473.65,473.64,458.51,478.71,462.37,40000000.0,164000000.0,-11.28,-0.023815
298586,801231.ZICN,801231,上海申银万国证券研究所有限公司,申万综合Ⅱ,XSHG,2005-10-11,462.37,461.48,454.82,474.42,471.86,44000000.0,179000000.0,9.49,0.020525
298809,801231.ZICN,801231,上海申银万国证券研究所有限公司,申万综合Ⅱ,XSHG,2005-10-12,471.86,472.13,462.63,481.4,474.63,54000000.0,219000000.0,2.77,0.00587
299032,801231.ZICN,801231,上海申银万国证券研究所有限公司,申万综合Ⅱ,XSHG,2005-10-13,474.63,474.59,464.7,479.52,468.81,46000000.0,177000000.0,-5.82,-0.012262
299255,801231.ZICN,801231,上海申银万国证券研究所有限公司,申万综合Ⅱ,XSHG,2005-10-14,468.81,468.28,458.31,474.44,463.31,45000000.0,176000000.0,-5.5,-0.011732
299478,801231.ZICN,801231,上海申银万国证券研究所有限公司,申万综合Ⅱ,XSHG,2005-10-17,463.31,461.67,451.53,468.4,460.9,38000000.0,146000000.0,-2.41,-0.005202
299701,801231.ZICN,801231,上海申银万国证券研究所有限公司,申万综合Ⅱ,XSHG,2005-10-18,460.9,460.04,452.68,472.38,469.08,50000000.0,200000000.0,8.18,0.017748
299924,801231.ZICN,801231,上海申银万国证券研究所有限公司,申万综合Ⅱ,XSHG,2005-10-19,469.08,470.09,463.59,480.29,468.19,59000000.0,233000000.0,-0.89,-0.0018969999999999998
300147,801231.ZICN,801231,上海申银万国证券研究所有限公司,申万综合Ⅱ,XSHG,2005-10-20,468.19,466.88,454.14,470.44,465.3,39000000.0,150000000.0,-2.89,-0.006173
300370,801231.ZICN,801231,上海申银万国证券研究所有限公司,申万综合Ⅱ,XSHG,2005-10-21,465.3,464.97,460.6,476.12,471.17,54000000.0,214000000.0,5.87,0.012616
300593,801231.ZICN,801231,上海申银万国证券研究所有限公司,申万综合Ⅱ,XSHG,2005-10-24,471.17,473.02,463.9,478.67,472.31,48000000.0,195000000.0,1.14,0.00242
300816,801231.ZICN,801231,上海申银万国证券研究所有限公司,申万综合Ⅱ,XSHG,2005-10-25,472.31,471.38,458.13,476.28,461.52,44000000.0,178000000.0,-10.79,-0.022844999999999997
301039,801231.ZICN,801231,上海申银万国证券研究所有限公司,申万综合Ⅱ,XSHG,2005-10-26,461.52,460.73,443.8,466.67,447.52,51000000.0,182000000.0,-14.0,-0.030335
301262,801231.ZICN,801231,上海申银万国证券研究所有限公司,申万综合Ⅱ,XSHG,2005-10-27,447.52,444.11,433.36,451.6,439.81,44000000.0,153000000.0,-7.71,-0.017228
301485,801231.ZICN,801231,上海申银万国证券研究所有限公司,申万综合Ⅱ,XSHG,2005-10-28,439.81,440.58,419.45,447.03,426.74,45000000.0,157000000.0,-13.07,-0.029717
301708,801231.ZICN,801231,上海申银万国证券研究所有限公司,申万综合Ⅱ,XSHG,2005-10-31,426.74,424.98,419.27,436.0,430.16,32000000.0,109000000.0,3.42,0.008014
301931,801231.ZICN,801231,上海申银万国证券研究所有限公司,申万综合Ⅱ,XSHG,2005-11-01,430.16,427.96,412.84,431.89,424.53,42000000.0,134000000.0,-5.63,-0.013087999999999999
302154,801231.ZICN,801231,上海申银万国证券研究所有限公司,申万综合Ⅱ,XSHG,2005-11-02,424.53,425.11,423.26,440.99,436.87,56000000.0,192000000.0,12.34,0.029067000000000003
302377,801231.ZICN,801231,上海申银万国证券研究所有限公司,申万综合Ⅱ,XSHG,2005-11-03,436.87,436.25,427.01,441.53,433.09,40000000.0,136000000.0,-3.78,-0.008652
302600,801231.ZICN,801231,上海申银万国证券研究所有限公司,申万综合Ⅱ,XSHG,2005-11-04,433.09,432.65,424.94,441.35,438.27,43000000.0,148000000.0,5.18,0.011961
302823,801231.ZICN,801231,上海申银万国证券研究所有限公司,申万综合Ⅱ,XSHG,2005-11-07,438.27,437.41,431.31,445.79,442.96,36000000.0,127000000.0,4.69,0.010701
303046,801231.ZICN,801231,上海申银万国证券研究所有限公司,申万综合Ⅱ,XSHG,2005-11-08,442.96,442.55,436.18,453.11,450.2,58000000.0,204000000.0,7.24,0.016345
303269,801231.ZICN,801231,上海申银万国证券研究所有限公司,申万综合Ⅱ,XSHG,2005-11-09,450.2,449.37,442.01,456.3,445.47,49000000.0,176000000.0,-4.73,-0.010506
303492,801231.ZICN,801231,上海申银万国证券研究所有限公司,申万综合Ⅱ,XSHG,2005-11-10,445.47,443.23,426.48,448.07,431.27,46000000.0,165000000.0,-14.2,-0.031876
303714,801231.ZICN,801231,上海申银万国证券研究所有限公司,申万综合Ⅱ,XSHG,2005-11-11,431.27,429.11,423.24,443.12,437.32,46000000.0,151000000.0,6.05,0.014028
303936,801231.ZICN,801231,上海申银万国证券研究所有限公司,申万综合Ⅱ,XSHG,2005-11-14,437.32,436.64,429.96,444.51,437.84,42000000.0,139000000.0,0.52,0.001189
304159,801231.ZICN,801231,上海申银万国证券研究所有限公司,申万综合Ⅱ,XSHG,2005-11-15,437.84,437.43,428.89,444.59,435.75,35000000.0,116000000.0,-2.09,-0.0047729999999999995
304382,801231.ZICN,801231,上海申银万国证券研究所有限公司,申万综合Ⅱ,XSHG,2005-11-16,435.75,434.27,426.92,443.73,441.34,36000000.0,120000000.0,5.59,0.012828
304605,801231.ZICN,801231,上海申银万国证券研究所有限公司,申万综合Ⅱ,XSHG,2005-11-17,441.34,440.73,434.56,447.25,441.66,31000000.0,114000000.0,0.32,0.000725
304828,801231.ZICN,801231,上海申银万国证券研究所有限公司,申万综合Ⅱ,XSHG,2005-11-18,441.66,441.66,438.38,456.08,451.04,60000000.0,208000000.0,9.38,0.021238
305051,801231.ZICN,801231,上海申银万国证券研究所有限公司,申万综合Ⅱ,XSHG,2005-11-21,451.04,450.86,445.16,457.0,451.1,34000000.0,118000000.0,0.06,0.000133
305274,801231.ZICN,801231,上海申银万国证券研究所有限公司,申万综合Ⅱ,XSHG,2005-11-22,451.1,450.49,436.71,453.98,440.38,44000000.0,170000000.0,-10.72,-0.023763999999999997
305497,801231.ZICN,801231,上海申银万国证券研究所有限公司,申万综合Ⅱ,XSHG,2005-11-23,440.38,438.51,434.84,449.26,444.4,41000000.0,167000000.0,4.02,0.009128
305720,801231.ZICN,801231,上海申银万国证券研究所有限公司,申万综合Ⅱ,XSHG,2005-11-24,444.4,443.45,438.42,453.07,448.27,49000000.0,173000000.0,3.87,0.008708
305943,801231.ZICN,801231,上海申银万国证券研究所有限公司,申万综合Ⅱ,XSHG,2005-11-25,448.27,447.05,440.84,451.56,445.77,37000000.0,128000000.0,-2.5,-0.005577
306166,801231.ZICN,801231,上海申银万国证券研究所有限公司,申万综合Ⅱ,XSHG,2005-11-28,445.77,445.48,438.2,450.65,443.87,30000000.0,108000000.0,-1.9,-0.004262
306389,801231.ZICN,801231,上海申银万国证券研究所有限公司,申万综合Ⅱ,XSHG,2005-11-29,443.87,443.22,433.38,446.24,436.46,31000000.0,104000000.0,-7.41,-0.016694
306612,801231.ZICN,801231,上海申银万国证券研究所有限公司,申万综合Ⅱ,XSHG,2005-11-30,436.46,435.01,428.32,440.59,436.19,33000000.0,108000000.0,-0.27,-0.0006190000000000001
306835,801231.ZICN,801231,上海申银万国证券研究所有限公司,申万综合Ⅱ,XSHG,2005-12-01,436.19,435.3,429.17,440.08,433.94,23000000.0,76000000.0,-2.25,-0.005158
307058,801231.ZICN,801231,上海申银万国证券研究所有限公司,申万综合Ⅱ,XSHG,2005-12-02,433.94,432.52,424.51,435.92,427.25,26000000.0,83000000.0,-6.69,-0.015416999999999998
307281,801231.ZICN,801231,上海申银万国证券研究所有限公司,申万综合Ⅱ,XSHG,2005-12-05,427.25,424.64,411.25,428.57,414.66,29000000.0,94000000.0,-12.59,-0.029468
307504,801231.ZICN,801231,上海申银万国证券研究所有限公司,申万综合Ⅱ,XSHG,2005-12-06,414.66,412.92,409.35,421.88,418.57,24000000.0,74000000.0,3.91,0.009429
307727,801231.ZICN,801231,上海申银万国证券研究所有限公司,申万综合Ⅱ,XSHG,2005-12-07,418.57,419.23,414.6,426.41,423.63,32000000.0,114000000.0,5.06,0.012089
307950,801231.ZICN,801231,上海申银万国证券研究所有限公司,申万综合Ⅱ,XSHG,2005-12-08,423.63,423.41,416.53,426.57,421.56,25000000.0,86000000.0,-2.07,-0.004886
308173,801231.ZICN,801231,上海申银万国证券研究所有限公司,申万综合Ⅱ,XSHG,2005-12-09,421.56,422.33,417.44,431.1,428.08,33000000.0,112000000.0,6.52,0.015465999999999999
308396,801231.ZICN,801231,上海申银万国证券研究所有限公司,申万综合Ⅱ,XSHG,2005-12-12,428.08,428.72,423.77,434.73,431.29,29000000.0,101000000.0,3.21,0.007499
308619,801231.ZICN,801231,上海申银万国证券研究所有限公司,申万综合Ⅱ,XSHG,2005-12-13,431.29,430.14,421.42,432.15,428.52,25000000.0,84000000.0,-2.77,-0.006423000000000001
308842,801231.ZICN,801231,上海申银万国证券研究所有限公司,申万综合Ⅱ,XSHG,2005-12-14,428.52,428.72,423.73,436.97,433.67,34000000.0,117000000.0,5.15,0.012018000000000001
309065,801231.ZICN,801231,上海申银万国证券研究所有限公司,申万综合Ⅱ,XSHG,2005-12-15,433.67,433.73,427.79,438.88,431.29,33000000.0,112000000.0,-2.38,-0.005488
309288,801231.ZICN,801231,上海申银万国证券研究所有限公司,申万综合Ⅱ,XSHG,2005-12-16,431.29,431.55,426.05,438.06,435.8,35000000.0,113000000.0,4.51,0.010457
309511,801231.ZICN,801231,上海申银万国证券研究所有限公司,申万综合Ⅱ,XSHG,2005-12-19,435.8,433.73,429.41,439.06,435.37,28000000.0,96000000.0,-0.43,-0.000987
309734,801231.ZICN,801231,上海申银万国证券研究所有限公司,申万综合Ⅱ,XSHG,2005-12-20,435.37,434.08,429.08,440.53,437.45,29000000.0,91000000.0,2.08,0.004778
309957,801231.ZICN,801231,上海申银万国证券研究所有限公司,申万综合Ⅱ,XSHG,2005-12-21,437.45,435.29,429.26,440.9,433.39,30000000.0,99000000.0,-4.06,-0.009281000000000001
310180,801231.ZICN,801231,上海申银万国证券研究所有限公司,申万综合Ⅱ,XSHG,2005-12-22,433.39,431.77,426.53,437.16,433.47,21000000.0,69000000.0,0.08,0.000185
310403,801231.ZICN,801231,上海申银万国证券研究所有限公司,申万综合Ⅱ,XSHG,2005-12-23,433.47,433.15,429.65,442.49,439.45,40000000.0,135000000.0,5.98,0.013796000000000001
310626,801231.ZICN,801231,上海申银万国证券研究所有限公司,申万综合Ⅱ,XSHG,2005-12-26,439.45,437.67,434.11,445.57,442.08,39000000.0,136000000.0,2.63,0.005985
310849,801231.ZICN,801231,上海申银万国证券研究所有限公司,申万综合Ⅱ,XSHG,2005-12-27,442.08,443.32,436.73,447.76,443.22,38000000.0,131000000.0,1.14,0.002579
311072,801231.ZICN,801231,上海申银万国证券研究所有限公司,申万综合Ⅱ,XSHG,2005-12-28,443.22,442.3,438.08,446.83,443.43,37000000.0,118000000.0,0.21,0.00047400000000000003
311295,801231.ZICN,801231,上海申银万国证券研究所有限公司,申万综合Ⅱ,XSHG,2005-12-29,443.43,443.02,440.06,449.16,446.51,56000000.0,198000000.0,3.08,0.006945999999999999
311518,801231.ZICN,801231,上海申银万国证券研究所有限公司,申万综合Ⅱ,XSHG,2005-12-30,446.51,446.93,437.92,450.44,440.61,44000000.0,132000000.0,-5.9,-0.013213999999999998
311741,801231.ZICN,801231,上海申银万国证券研究所有限公司,申万综合Ⅱ,XSHG,2006-01-04,440.61,440.69,438.27,451.08,448.8,35000000.0,121000000.0,8.19,0.018588
311963,801231.ZICN,801231,上海申银万国证券研究所有限公司,申万综合Ⅱ,XSHG,2006-01-05,448.8,449.14,444.9,458.71,454.61,54000000.0,181000000.0,5.81,0.012946000000000001
312185,801231.ZICN,801231,上海申银万国证券研究所有限公司,申万综合Ⅱ,XSHG,2006-01-06,454.61,456.04,450.54,466.48,460.57,80000000.0,320000000.0,5.96,0.01311
312407,801231.ZICN,801231,上海申银万国证券研究所有限公司,申万综合Ⅱ,XSHG,2006-01-09,460.57,462.03,457.29,474.89,470.81,74000000.0,294000000.0,10.24,0.022233000000000003
312629,801231.ZICN,801231,上海申银万国证券研究所有限公司,申万综合Ⅱ,XSHG,2006-01-10,470.81,469.35,462.11,475.63,471.84,52000000.0,197000000.0,1.03,0.002188
312851,801231.ZICN,801231,上海申银万国证券研究所有限公司,申万综合Ⅱ,XSHG,2006-01-11,471.84,471.96,464.04,480.94,471.2,72000000.0,280000000.0,-0.64,-0.001356
313073,801231.ZICN,801231,上海申银万国证券研究所有限公司,申万综合Ⅱ,XSHG,2006-01-12,471.2,469.35,465.45,487.33,483.12,75000000.0,290000000.0,11.92,0.025297
313295,801231.ZICN,801231,上海申银万国证券研究所有限公司,申万综合Ⅱ,XSHG,2006-01-13,483.12,483.2,474.8,492.75,482.11,71000000.0,280000000.0,-1.01,-0.002091
313517,801231.ZICN,801231,上海申银万国证券研究所有限公司,申万综合Ⅱ,XSHG,2006-01-16,482.11,481.49,470.52,488.64,476.01,61000000.0,234000000.0,-6.1,-0.012653
313739,801231.ZICN,801231,上海申银万国证券研究所有限公司,申万综合Ⅱ,XSHG,2006-01-17,476.01,473.51,467.45,480.84,475.42,37000000.0,135000000.0,-0.59,-0.001239
313961,801231.ZICN,801231,上海申银万国证券研究所有限公司,申万综合Ⅱ,XSHG,2006-01-18,475.42,472.69,470.4,489.79,485.54,53000000.0,199000000.0,10.12,0.021286000000000003
314183,801231.ZICN,801231,上海申银万国证券研究所有限公司,申万综合Ⅱ,XSHG,2006-01-19,485.54,486.12,479.96,497.53,490.74,69000000.0,265000000.0,5.2,0.010709999999999999
314405,801231.ZICN,801231,上海申银万国证券研究所有限公司,申万综合Ⅱ,XSHG,2006-01-20,490.74,488.51,480.82,495.67,487.97,57000000.0,211000000.0,-2.77,-0.005645000000000001
314627,801231.ZICN,801231,上海申银万国证券研究所有限公司,申万综合Ⅱ,XSHG,2006-01-23,487.97,488.75,482.28,504.04,497.91,84000000.0,353000000.0,9.94,0.02037
314849,801231.ZICN,801231,上海申银万国证券研究所有限公司,申万综合Ⅱ,XSHG,2006-01-24,497.91,497.36,489.7,507.98,498.73,76000000.0,289000000.0,0.82,0.0016469999999999998
315071,801231.ZICN,801231,上海申银万国证券研究所有限公司,申万综合Ⅱ,XSHG,2006-01-25,498.73,496.54,485.97,505.15,496.5,54000000.0,205000000.0,-2.23,-0.004471
315293,801231.ZICN,801231,上海申银万国证券研究所有限公司,申万综合Ⅱ,XSHG,2006-02-06,496.5,498.07,491.82,510.22,505.31,54000000.0,209000000.0,8.81,0.017744
315515,801231.ZICN,801231,上海申银万国证券研究所有限公司,申万综合Ⅱ,XSHG,2006-02-07,505.31,505.73,493.24,514.31,504.69,86000000.0,301000000.0,-0.62,-0.001227
315737,801231.ZICN,801231,上海申银万国证券研究所有限公司,申万综合Ⅱ,XSHG,2006-02-08,504.69,503.72,496.6,516.49,510.22,80000000.0,290000000.0,5.53,0.010957
315959,801231.ZICN,801231,上海申银万国证券研究所有限公司,申万综合Ⅱ,XSHG,2006-02-09,510.22,509.68,493.64,513.2,499.04,60000000.0,223000000.0,-11.18,-0.021912
316181,801231.ZICN,801231,上海申银万国证券研究所有限公司,申万综合Ⅱ,XSHG,2006-02-10,499.04,498.65,493.83,510.97,505.79,52000000.0,183000000.0,6.75,0.013526
316403,801231.ZICN,801231,上海申银万国证券研究所有限公司,申万综合Ⅱ,XSHG,2006-02-13,505.79,507.29,493.17,516.2,506.65,67000000.0,248000000.0,0.86,0.0017
316625,801231.ZICN,801231,上海申银万国证券研究所有限公司,申万综合Ⅱ,XSHG,2006-02-14,506.65,507.26,501.19,518.72,511.76,67000000.0,282000000.0,5.11,0.010086
316847,801231.ZICN,801231,上海申银万国证券研究所有限公司,申万综合Ⅱ,XSHG,2006-02-15,511.76,512.61,504.07,517.82,509.82,51000000.0,198000000.0,-1.94,-0.0037909999999999997
317069,801231.ZICN,801231,上海申银万国证券研究所有限公司,申万综合Ⅱ,XSHG,2006-02-16,509.82,509.69,489.01,513.41,492.52,58000000.0,226000000.0,-17.3,-0.033934
317291,801231.ZICN,801231,上海申银万国证券研究所有限公司,申万综合Ⅱ,XSHG,2006-02-17,492.52,491.94,484.32,501.76,490.77,49000000.0,193000000.0,-1.75,-0.003553
317513,801231.ZICN,801231,上海申银万国证券研究所有限公司,申万综合Ⅱ,XSHG,2006-02-20,490.77,490.11,481.78,495.73,486.92,36000000.0,134000000.0,-3.85,-0.007845
317735,801231.ZICN,801231,上海申银万国证券研究所有限公司,申万综合Ⅱ,XSHG,2006-02-21,486.92,487.14,477.81,499.58,496.91,45000000.0,171000000.0,9.99,0.020516999999999997
317957,801231.ZICN,801231,上海申银万国证券研究所有限公司,申万综合Ⅱ,XSHG,2006-02-22,496.91,498.12,490.1,505.09,495.03,54000000.0,206000000.0,-1.88,-0.003783
318179,801231.ZICN,801231,上海申银万国证券研究所有限公司,申万综合Ⅱ,XSHG,2006-02-23,495.03,495.4,488.45,503.06,497.79,36000000.0,133000000.0,2.76,0.005575
318401,801231.ZICN,801231,上海申银万国证券研究所有限公司,申万综合Ⅱ,XSHG,2006-02-24,497.79,498.82,492.47,504.58,499.24,34000000.0,126000000.0,1.45,0.002913
318623,801231.ZICN,801231,上海申银万国证券研究所有限公司,申万综合Ⅱ,XSHG,2006-02-27,499.24,500.42,489.09,506.39,494.71,49000000.0,175000000.0,-4.53,-0.009073999999999999
318845,801231.ZICN,801231,上海申银万国证券研究所有限公司,申万综合Ⅱ,XSHG,2006-02-28,494.71,492.82,481.36,497.76,494.05,48000000.0,166000000.0,-0.66,-0.001334
319067,801231.ZICN,801231,上海申银万国证券研究所有限公司,申万综合Ⅱ,XSHG,2006-03-01,494.05,492.98,489.53,502.43,498.54,48000000.0,172000000.0,4.49,0.009087999999999999
319289,801231.ZICN,801231,上海申银万国证券研究所有限公司,申万综合Ⅱ,XSHG,2006-03-02,498.54,498.52,480.42,502.05,485.04,53000000.0,191000000.0,-13.5,-0.027079000000000002
319511,801231.ZICN,801231,上海申银万国证券研究所有限公司,申万综合Ⅱ,XSHG,2006-03-03,485.04,483.96,475.46,491.15,483.42,43000000.0,149000000.0,-1.62,-0.0033399999999999997
319733,801231.ZICN,801231,上海申银万国证券研究所有限公司,申万综合Ⅱ,XSHG,2006-03-06,483.42,483.85,476.18,489.16,481.37,31000000.0,107000000.0,-2.05,-0.004241
319955,801231.ZICN,801231,上海申银万国证券研究所有限公司,申万综合Ⅱ,XSHG,2006-03-07,481.37,481.25,467.05,485.41,470.0,40000000.0,141000000.0,-11.37,-0.02362
320177,801231.ZICN,801231,上海申银万国证券研究所有限公司,申万综合Ⅱ,XSHG,2006-03-08,470.0,468.19,459.82,476.26,469.43,32000000.0,116000000.0,-0.57,-0.001213
320399,801231.ZICN,801231,上海申银万国证券研究所有限公司,申万综合Ⅱ,XSHG,2006-03-09,469.43,469.07,463.68,476.11,468.61,23000000.0,83000000.0,-0.82,-0.0017469999999999999
320621,801231.ZICN,801231,上海申银万国证券研究所有限公司,申万综合Ⅱ,XSHG,2006-03-10,468.61,468.29,462.63,475.96,468.94,26000000.0,93000000.0,0.33,0.000704
320843,801231.ZICN,801231,上海申银万国证券研究所有限公司,申万综合Ⅱ,XSHG,2006-03-13,468.94,468.43,463.71,476.22,472.82,24000000.0,84000000.0,3.88,0.008274
321065,801231.ZICN,801231,上海申银万国证券研究所有限公司,申万综合Ⅱ,XSHG,2006-03-14,472.82,472.91,467.44,478.88,474.13,29000000.0,111000000.0,1.31,0.002771
321287,801231.ZICN,801231,上海申银万国证券研究所有限公司,申万综合Ⅱ,XSHG,2006-03-15,474.13,473.99,468.5,479.99,477.3,28000000.0,109000000.0,3.17,0.006686
321509,801231.ZICN,801231,上海申银万国证券研究所有限公司,申万综合Ⅱ,XSHG,2006-03-16,477.3,476.65,469.98,483.49,477.48,40000000.0,157000000.0,0.18,0.000377
321731,801231.ZICN,801231,上海申银万国证券研究所有限公司,申万综合Ⅱ,XSHG,2006-03-17,477.48,476.26,469.48,481.97,474.85,37000000.0,130000000.0,-2.63,-0.005508
321953,801231.ZICN,801231,上海申银万国证券研究所有限公司,申万综合Ⅱ,XSHG,2006-03-20,474.85,474.57,468.03,485.93,482.53,46000000.0,162000000.0,7.68,0.016174
322175,801231.ZICN,801231,上海申银万国证券研究所有限公司,申万综合Ⅱ,XSHG,2006-03-21,482.53,481.89,476.85,491.28,482.84,55000000.0,209000000.0,0.31,0.000642
322397,801231.ZICN,801231,上海申银万国证券研究所有限公司,申万综合Ⅱ,XSHG,2006-03-22,482.84,480.93,476.18,489.59,486.4,55000000.0,189000000.0,3.56,0.007373
322619,801231.ZICN,801231,上海申银万国证券研究所有限公司,申万综合Ⅱ,XSHG,2006-03-23,486.4,486.21,479.82,494.39,490.21,60000000.0,218000000.0,3.81,0.007833
322841,801231.ZICN,801231,上海申银万国证券研究所有限公司,申万综合Ⅱ,XSHG,2006-03-24,490.21,489.6,480.6,496.42,486.08,54000000.0,206000000.0,-4.13,-0.008425
323063,801231.ZICN,801231,上海申银万国证券研究所有限公司,申万综合Ⅱ,XSHG,2006-03-27,486.08,485.81,479.33,495.42,490.6,41000000.0,145000000.0,4.52,0.009299
323285,801231.ZICN,801231,上海申银万国证券研究所有限公司,申万综合Ⅱ,XSHG,2006-03-28,490.6,492.16,487.04,502.49,496.1,59000000.0,197000000.0,5.5,0.011211
323507,801231.ZICN,801231,上海申银万国证券研究所有限公司,申万综合Ⅱ,XSHG,2006-03-29,496.1,498.09,492.02,509.11,497.76,90000000.0,287000000.0,1.66,0.003346
323729,801231.ZICN,801231,上海申银万国证券研究所有限公司,申万综合Ⅱ,XSHG,2006-03-30,497.76,498.54,488.04,503.98,491.41,59000000.0,191000000.0,-6.35,-0.012757
323951,801231.ZICN,801231,上海申银万国证券研究所有限公司,申万综合Ⅱ,XSHG,2006-03-31,491.41,492.28,483.35,497.02,490.69,52000000.0,176000000.0,-0.72,-0.001465
324173,801231.ZICN,801231,上海申银万国证券研究所有限公司,申万综合Ⅱ,XSHG,2006-04-03,490.69,490.6,485.51,502.26,498.07,56000000.0,193000000.0,7.38,0.015040000000000001
324395,801231.ZICN,801231,上海申银万国证券研究所有限公司,申万综合Ⅱ,XSHG,2006-04-04,498.07,498.85,490.83,507.07,500.95,66000000.0,225000000.0,2.88,0.005782
324617,801231.ZICN,801231,上海申银万国证券研究所有限公司,申万综合Ⅱ,XSHG,2006-04-05,500.95,501.09,495.81,511.7,505.58,69000000.0,249000000.0,4.63,0.009242
324839,801231.ZICN,801231,上海申银万国证券研究所有限公司,申万综合Ⅱ,XSHG,2006-04-06,505.58,505.72,497.68,520.64,509.2,93000000.0,358000000.0,3.62,0.00716
325061,801231.ZICN,801231,上海申银万国证券研究所有限公司,申万综合Ⅱ,XSHG,2006-04-07,509.2,511.74,505.78,525.1,516.88,95000000.0,373000000.0,7.68,0.015082
325283,801231.ZICN,801231,上海申银万国证券研究所有限公司,申万综合Ⅱ,XSHG,2006-04-10,516.88,518.38,513.01,537.81,534.16,137000000.0,513000000.0,17.28,0.033431
325505,801231.ZICN,801231,上海申银万国证券研究所有限公司,申万综合Ⅱ,XSHG,2006-04-11,534.16,535.06,521.38,542.95,532.3,122000000.0,498000000.0,-1.86,-0.003482
325727,801231.ZICN,801231,上海申银万国证券研究所有限公司,申万综合Ⅱ,XSHG,2006-04-12,532.3,530.94,521.98,541.06,531.59,99000000.0,395000000.0,-0.71,-0.001334
325949,801231.ZICN,801231,上海申银万国证券研究所有限公司,申万综合Ⅱ,XSHG,2006-04-13,531.59,529.93,511.36,539.72,515.68,102000000.0,400000000.0,-15.91,-0.029929
326171,801231.ZICN,801231,上海申银万国证券研究所有限公司,申万综合Ⅱ,XSHG,2006-04-14,515.68,512.47,507.04,529.6,526.33,78000000.0,294000000.0,10.65,0.020652
326393,801231.ZICN,801231,上海申银万国证券研究所有限公司,申万综合Ⅱ,XSHG,2006-04-17,526.33,523.79,517.29,540.22,531.62,90000000.0,356000000.0,5.29,0.010051000000000001
326615,801231.ZICN,801231,上海申银万国证券研究所有限公司,申万综合Ⅱ,XSHG,2006-04-18,531.62,530.16,519.75,537.92,527.08,78000000.0,319000000.0,-4.54,-0.00854
326837,801231.ZICN,801231,上海申银万国证券研究所有限公司,申万综合Ⅱ,XSHG,2006-04-19,527.08,526.07,514.37,533.72,524.01,81000000.0,331000000.0,-3.07,-0.005825
327059,801231.ZICN,801231,上海申银万国证券研究所有限公司,申万综合Ⅱ,XSHG,2006-04-20,524.01,523.0,509.19,532.24,517.25,78000000.0,282000000.0,-6.76,-0.012901
327280,801231.ZICN,801231,上海申银万国证券研究所有限公司,申万综合Ⅱ,XSHG,2006-04-21,517.25,517.45,506.35,527.35,520.29,75000000.0,296000000.0,3.04,0.005877
327500,801231.ZICN,801231,上海申银万国证券研究所有限公司,申万综合Ⅱ,XSHG,2006-04-24,520.29,521.02,501.69,529.18,510.85,93000000.0,366000000.0,-9.44,-0.018144
327720,801231.ZICN,801231,上海申银万国证券研究所有限公司,申万综合Ⅱ,XSHG,2006-04-25,510.85,512.66,495.43,523.31,510.18,70000000.0,248000000.0,-0.67,-0.001312
327940,801231.ZICN,801231,上海申银万国证券研究所有限公司,申万综合Ⅱ,XSHG,2006-04-26,510.18,511.98,502.97,529.19,520.95,81000000.0,290000000.0,10.77,0.02111
328160,801231.ZICN,801231,上海申银万国证券研究所有限公司,申万综合Ⅱ,XSHG,2006-04-27,520.95,524.39,512.37,534.06,524.43,79000000.0,342000000.0,3.48,0.006679999999999999
328380,801231.ZICN,801231,上海申银万国证券研究所有限公司,申万综合Ⅱ,XSHG,2006-04-28,524.43,520.77,507.13,540.63,531.04,91000000.0,395000000.0,6.61,0.012604
328600,801231.ZICN,801231,上海申银万国证券研究所有限公司,申万综合Ⅱ,XSHG,2006-05-08,531.04,533.05,525.76,555.79,546.71,106000000.0,452000000.0,15.67,0.029508
328820,801231.ZICN,801231,上海申银万国证券研究所有限公司,申万综合Ⅱ,XSHG,2006-05-09,546.71,547.85,537.54,571.04,562.36,142000000.0,579000000.0,15.65,0.028626
329040,801231.ZICN,801231,上海申银万国证券研究所有限公司,申万综合Ⅱ,XSHG,2006-05-10,562.36,568.64,554.48,590.31,581.7,173000000.0,731000000.0,19.34,0.034391000000000005
329260,801231.ZICN,801231,上海申银万国证券研究所有限公司,申万综合Ⅱ,XSHG,2006-05-11,581.7,584.62,570.98,608.39,580.96,191000000.0,788000000.0,-0.74,-0.0012720000000000001
329480,801231.ZICN,801231,上海申银万国证券研究所有限公司,申万综合Ⅱ,XSHG,2006-05-12,580.96,582.49,573.93,611.43,601.08,159000000.0,645000000.0,20.12,0.034631999999999996
329701,801231.ZICN,801231,上海申银万国证券研究所有限公司,申万综合Ⅱ,XSHG,2006-05-15,601.08,604.49,593.85,638.68,631.94,205000000.0,879000000.0,30.86,0.051341
329923,801231.ZICN,801231,上海申银万国证券研究所有限公司,申万综合Ⅱ,XSHG,2006-05-16,631.94,632.3,601.48,655.96,622.33,198000000.0,947000000.0,-9.61,-0.015207
330145,801231.ZICN,801231,上海申银万国证券研究所有限公司,申万综合Ⅱ,XSHG,2006-05-17,622.33,618.93,610.6,656.39,647.71,246000000.0,1180000000.0,25.38,0.040782
330367,801231.ZICN,801231,上海申银万国证券研究所有限公司,申万综合Ⅱ,XSHG,2006-05-18,647.71,644.73,624.71,671.2,656.98,205000000.0,950000000.0,9.27,0.014312
330589,801231.ZICN,801231,上海申银万国证券研究所有限公司,申万综合Ⅱ,XSHG,2006-05-19,656.98,657.15,642.87,692.14,683.83,208000000.0,926000000.0,26.85,0.040869
330811,801231.ZICN,801231,上海申银万国证券研究所有限公司,申万综合Ⅱ,XSHG,2006-05-22,683.83,681.97,671.47,722.94,704.91,231000000.0,1103000000.0,21.08,0.030826
331033,801231.ZICN,801231,上海申银万国证券研究所有限公司,申万综合Ⅱ,XSHG,2006-05-23,704.91,695.06,658.13,707.78,672.72,169000000.0,741000000.0,-32.19,-0.045665
331255,801231.ZICN,801231,上海申银万国证券研究所有限公司,申万综合Ⅱ,XSHG,2006-05-24,672.72,669.87,631.52,695.58,659.26,153000000.0,668000000.0,-13.46,-0.020008
331477,801231.ZICN,801231,上海申银万国证券研究所有限公司,申万综合Ⅱ,XSHG,2006-05-25,659.26,656.09,639.94,680.15,667.2,91000000.0,396000000.0,7.94,0.012044
331699,801231.ZICN,801231,上海申银万国证券研究所有限公司,申万综合Ⅱ,XSHG,2006-05-26,667.2,668.83,654.93,689.55,674.77,113000000.0,609000000.0,7.57,0.011346
331921,801231.ZICN,801231,上海申银万国证券研究所有限公司,申万综合Ⅱ,XSHG,2006-05-29,674.77,672.37,658.69,704.69,694.25,144000000.0,700000000.0,19.48,0.028869
332143,801231.ZICN,801231,上海申银万国证券研究所有限公司,申万综合Ⅱ,XSHG,2006-05-30,694.25,690.62,672.75,710.3,697.71,127000000.0,588000000.0,3.46,0.004984000000000001
332365,801231.ZICN,801231,上海申银万国证券研究所有限公司,申万综合Ⅱ,XSHG,2006-05-31,697.71,694.97,678.76,728.27,705.02,176000000.0,1006000000.0,7.31,0.010477
332587,801231.ZICN,801231,上海申银万国证券研究所有限公司,申万综合Ⅱ,XSHG,2006-06-01,705.02,700.51,693.68,743.52,734.99,159000000.0,761000000.0,29.97,0.042509
332809,801231.ZICN,801231,上海申银万国证券研究所有限公司,申万综合Ⅱ,XSHG,2006-06-02,734.99,740.4,714.06,768.18,742.29,213000000.0,1126000000.0,7.3,0.009932
333031,801231.ZICN,801231,上海申银万国证券研究所有限公司,申万综合Ⅱ,XSHG,2006-06-05,742.29,739.81,715.41,766.02,754.51,269000000.0,1226000000.0,12.22,0.016463
333253,801231.ZICN,801231,上海申银万国证券研究所有限公司,申万综合Ⅱ,XSHG,2006-06-06,754.51,747.89,726.78,774.5,752.89,203000000.0,984000000.0,-1.62,-0.002147
333475,801231.ZICN,801231,上海申银万国证券研究所有限公司,申万综合Ⅱ,XSHG,2006-06-07,752.89,748.07,682.44,757.47,690.32,186000000.0,904000000.0,-62.57,-0.083106
333697,801231.ZICN,801231,上海申银万国证券研究所有限公司,申万综合Ⅱ,XSHG,2006-06-08,690.32,677.94,643.36,699.08,684.1,150000000.0,711000000.0,-6.22,-0.009009999999999999
333919,801231.ZICN,801231,上海申银万国证券研究所有限公司,申万综合Ⅱ,XSHG,2006-06-09,684.1,678.08,655.27,699.01,662.84,161000000.0,842000000.0,-21.26,-0.031076999999999997
334141,801231.ZICN,801231,上海申银万国证券研究所有限公司,申万综合Ⅱ,XSHG,2006-06-12,662.84,657.6,638.31,680.18,659.12,93000000.0,478000000.0,-3.72,-0.005612
334363,801231.ZICN,801231,上海申银万国证券研究所有限公司,申万综合Ⅱ,XSHG,2006-06-13,659.12,659.39,644.4,681.73,664.52,92000000.0,456000000.0,5.4,0.008193
334585,801231.ZICN,801231,上海申银万国证券研究所有限公司,申万综合Ⅱ,XSHG,2006-06-14,664.52,660.55,642.69,673.03,661.06,80000000.0,395000000.0,-3.46,-0.005207
334807,801231.ZICN,801231,上海申银万国证券研究所有限公司,申万综合Ⅱ,XSHG,2006-06-15,661.06,660.02,647.8,683.58,663.4,115000000.0,509000000.0,2.34,0.0035399999999999997
335029,801231.ZICN,801231,上海申银万国证券研究所有限公司,申万综合Ⅱ,XSHG,2006-06-16,663.4,663.93,656.08,687.2,679.58,102000000.0,471000000.0,16.18,0.024390000000000002
335251,801231.ZICN,801231,上海申银万国证券研究所有限公司,申万综合Ⅱ,XSHG,2006-06-19,679.58,673.26,659.16,698.04,684.96,104000000.0,525000000.0,5.38,0.007917
335473,801231.ZICN,801231,上海申银万国证券研究所有限公司,申万综合Ⅱ,XSHG,2006-06-20,684.96,683.42,672.3,707.39,698.52,112000000.0,583000000.0,13.56,0.019797
335695,801231.ZICN,801231,上海申银万国证券研究所有限公司,申万综合Ⅱ,XSHG,2006-06-21,698.52,699.6,682.96,715.72,696.12,114000000.0,637000000.0,-2.4,-0.003436
335917,801231.ZICN,801231,上海申银万国证券研究所有限公司,申万综合Ⅱ,XSHG,2006-06-22,696.12,691.7,677.94,712.26,698.96,96000000.0,524000000.0,2.84,0.004079999999999999
336138,801231.ZICN,801231,上海申银万国证券研究所有限公司,申万综合Ⅱ,XSHG,2006-06-23,698.96,692.75,679.54,713.13,703.07,93000000.0,420000000.0,4.11,0.00588
336358,801231.ZICN,801231,上海申银万国证券研究所有限公司,申万综合Ⅱ,XSHG,2006-06-26,703.07,704.8,691.64,724.14,711.72,92000000.0,468000000.0,8.65,0.012303
336578,801231.ZICN,801231,上海申银万国证券研究所有限公司,申万综合Ⅱ,XSHG,2006-06-27,711.72,711.53,695.2,725.11,710.26,63000000.0,311000000.0,-1.46,-0.0020510000000000003
336798,801231.ZICN,801231,上海申银万国证券研究所有限公司,申万综合Ⅱ,XSHG,2006-06-28,710.26,712.77,693.18,723.0,704.66,69000000.0,308000000.0,-5.6,-0.007884
337018,801231.ZICN,801231,上海申银万国证券研究所有限公司,申万综合Ⅱ,XSHG,2006-06-29,704.66,704.59,693.01,722.85,710.77,114000000.0,558000000.0,6.11,0.008671
337237,801231.ZICN,801231,上海申银万国证券研究所有限公司,申万综合Ⅱ,XSHG,2006-06-30,710.77,711.84,694.13,722.22,704.91,82000000.0,376000000.0,-5.86,-0.008245
337457,801231.ZICN,801231,上海申银万国证券研究所有限公司,申万综合Ⅱ,XSHG,2006-07-03,704.91,707.33,693.41,721.64,710.25,96000000.0,453000000.0,5.34,0.007575
337677,801231.ZICN,801231,上海申银万国证券研究所有限公司,申万综合Ⅱ,XSHG,2006-07-04,710.25,712.46,697.41,728.65,714.98,116000000.0,615000000.0,4.73,0.006659999999999999
337897,801231.ZICN,801231,上海申银万国证券研究所有限公司,申万综合Ⅱ,XSHG,2006-07-05,714.98,713.61,693.63,725.73,711.7,82000000.0,444000000.0,-3.28,-0.004588
338117,801231.ZICN,801231,上海申银万国证券研究所有限公司,申万综合Ⅱ,XSHG,2006-07-06,711.7,704.5,693.05,737.23,729.09,158000000.0,913000000.0,17.39,0.024434
338337,801231.ZICN,801231,上海申银万国证券研究所有限公司,申万综合Ⅱ,XSHG,2006-07-07,729.09,731.28,712.78,749.32,732.38,152000000.0,848000000.0,3.29,0.0045119999999999995
338557,801231.ZICN,801231,上海申银万国证券研究所有限公司,申万综合Ⅱ,XSHG,2006-07-10,732.38,740.96,724.73,756.45,741.51,119000000.0,612000000.0,9.13,0.012466
338777,801231.ZICN,801231,上海申银万国证券研究所有限公司,申万综合Ⅱ,XSHG,2006-07-11,741.51,751.09,724.25,760.65,737.97,97000000.0,558000000.0,-3.54,-0.0047740000000000005
338997,801231.ZICN,801231,上海申银万国证券研究所有限公司,申万综合Ⅱ,XSHG,2006-07-12,737.97,738.57,722.47,753.08,732.05,128000000.0,671000000.0,-5.92,-0.008022
339217,801231.ZICN,801231,上海申银万国证券研究所有限公司,申万综合Ⅱ,XSHG,2006-07-13,732.05,731.45,670.02,738.16,675.7,160000000.0,836000000.0,-56.35,-0.076976
339437,801231.ZICN,801231,上海申银万国证券研究所有限公司,申万综合Ⅱ,XSHG,2006-07-14,675.7,666.8,656.98,693.84,680.75,104000000.0,506000000.0,5.05,0.007474
339657,801231.ZICN,801231,上海申银万国证券研究所有限公司,申万综合Ⅱ,XSHG,2006-07-17,680.75,679.49,669.57,702.45,691.45,76000000.0,366000000.0,10.7,0.015718
339877,801231.ZICN,801231,上海申银万国证券研究所有限公司,申万综合Ⅱ,XSHG,2006-07-18,691.45,689.25,672.6,705.11,695.51,67000000.0,313000000.0,4.06,0.005872
340097,801231.ZICN,801231,上海申银万国证券研究所有限公司,申万综合Ⅱ,XSHG,2006-07-19,695.51,692.56,669.32,705.89,683.46,72000000.0,370000000.0,-12.05,-0.017325
340317,801231.ZICN,801231,上海申银万国证券研究所有限公司,申万综合Ⅱ,XSHG,2006-07-20,683.46,680.02,668.94,697.2,686.11,66000000.0,283000000.0,2.65,0.0038770000000000002
340537,801231.ZICN,801231,上海申银万国证券研究所有限公司,申万综合Ⅱ,XSHG,2006-07-21,686.11,685.12,670.82,702.95,685.63,85000000.0,419000000.0,-0.48,-0.0007
340757,801231.ZICN,801231,上海申银万国证券研究所有限公司,申万综合Ⅱ,XSHG,2006-07-24,685.63,676.49,660.87,699.66,690.93,90000000.0,436000000.0,5.3,0.00773
340977,801231.ZICN,801231,上海申银万国证券研究所有限公司,申万综合Ⅱ,XSHG,2006-07-25,690.93,690.99,681.41,709.46,696.47,89000000.0,455000000.0,5.54,0.008018
341197,801231.ZICN,801231,上海申银万国证券研究所有限公司,申万综合Ⅱ,XSHG,2006-07-26,696.47,696.21,682.68,711.8,696.47,97000000.0,464000000.0,0.0,0.0
341417,801231.ZICN,801231,上海申银万国证券研究所有限公司,申万综合Ⅱ,XSHG,2006-07-27,696.47,689.21,671.76,702.18,684.76,114000000.0,533000000.0,-11.71,-0.016812999999999998
341637,801231.ZICN,801231,上海申银万国证券研究所有限公司,申万综合Ⅱ,XSHG,2006-07-28,684.76,683.11,662.54,695.85,678.26,127000000.0,512000000.0,-6.5,-0.009492
341857,801231.ZICN,801231,上海申银万国证券研究所有限公司,申万综合Ⅱ,XSHG,2006-07-31,678.26,674.54,641.87,685.26,652.96,98000000.0,435000000.0,-25.3,-0.037301
342077,801231.ZICN,801231,上海申银万国证券研究所有限公司,申万综合Ⅱ,XSHG,2006-08-01,652.96,650.48,636.75,667.71,649.99,78000000.0,368000000.0,-2.97,-0.004549
342297,801231.ZICN,801231,上海申银万国证券研究所有限公司,申万综合Ⅱ,XSHG,2006-08-02,649.99,649.65,630.33,662.92,646.32,67000000.0,294000000.0,-3.67,-0.005646
342518,801231.ZICN,801231,上海申银万国证券研究所有限公司,申万综合Ⅱ,XSHG,2006-08-03,646.32,644.77,631.24,657.33,644.96,59000000.0,239000000.0,-1.36,-0.002104
342739,801231.ZICN,801231,上海申银万国证券研究所有限公司,申万综合Ⅱ,XSHG,2006-08-04,644.96,645.13,618.84,659.71,628.74,80000000.0,364000000.0,-16.22,-0.025149
342960,801231.ZICN,801231,上海申银万国证券研究所有限公司,申万综合Ⅱ,XSHG,2006-08-07,628.74,622.72,600.98,637.29,617.39,76000000.0,322000000.0,-11.35,-0.018052000000000002
343181,801231.ZICN,801231,上海申银万国证券研究所有限公司,申万综合Ⅱ,XSHG,2006-08-08,617.39,616.14,608.72,639.1,631.41,76000000.0,321000000.0,14.02,0.022708000000000002
343402,801231.ZICN,801231,上海申银万国证券研究所有限公司,申万综合Ⅱ,XSHG,2006-08-09,631.41,631.96,617.79,645.84,633.76,71000000.0,365000000.0,2.35,0.003722
343623,801231.ZICN,801231,上海申银万国证券研究所有限公司,申万综合Ⅱ,XSHG,2006-08-10,633.76,632.25,624.45,652.78,644.76,71000000.0,327000000.0,11.0,0.017357
343844,801231.ZICN,801231,上海申银万国证券研究所有限公司,申万综合Ⅱ,XSHG,2006-08-11,644.76,643.95,632.53,657.67,646.54,65000000.0,314000000.0,1.78,0.002761
344065,801231.ZICN,801231,上海申银万国证券研究所有限公司,申万综合Ⅱ,XSHG,2006-08-14,646.54,647.75,623.88,660.55,633.54,103000000.0,485000000.0,-13.0,-0.020107
344286,801231.ZICN,801231,上海申银万国证券研究所有限公司,申万综合Ⅱ,XSHG,2006-08-15,633.54,632.9,621.28,649.75,643.19,92000000.0,422000000.0,9.65,0.015231999999999999
344507,801231.ZICN,801231,上海申银万国证券研究所有限公司,申万综合Ⅱ,XSHG,2006-08-16,643.19,644.1,634.0,659.39,651.79,82000000.0,372000000.0,8.6,0.013371000000000001
344728,801231.ZICN,801231,上海申银万国证券研究所有限公司,申万综合Ⅱ,XSHG,2006-08-17,651.79,648.52,629.66,653.08,642.69,65000000.0,295000000.0,-9.1,-0.013962
344949,801231.ZICN,801231,上海申银万国证券研究所有限公司,申万综合Ⅱ,XSHG,2006-08-18,642.69,641.43,631.1,651.99,639.06,63000000.0,276000000.0,-3.63,-0.005647999999999999
345170,801231.ZICN,801231,上海申银万国证券研究所有限公司,申万综合Ⅱ,XSHG,2006-08-21,639.06,615.2,607.69,645.82,641.04,72000000.0,329000000.0,1.98,0.003098
345391,801231.ZICN,801231,上海申银万国证券研究所有限公司,申万综合Ⅱ,XSHG,2006-08-22,641.04,640.71,634.02,656.63,647.36,70000000.0,356000000.0,6.32,0.009859
345612,801231.ZICN,801231,上海申银万国证券研究所有限公司,申万综合Ⅱ,XSHG,2006-08-23,647.36,647.35,639.2,662.27,646.16,65000000.0,345000000.0,-1.2,-0.001854
345833,801231.ZICN,801231,上海申银万国证券研究所有限公司,申万综合Ⅱ,XSHG,2006-08-24,646.16,646.28,638.15,659.05,653.42,70000000.0,299000000.0,7.26,0.011236
346054,801231.ZICN,801231,上海申银万国证券研究所有限公司,申万综合Ⅱ,XSHG,2006-08-25,653.42,655.0,645.9,668.32,655.19,91000000.0,456000000.0,1.77,0.002709
346275,801231.ZICN,801231,上海申银万国证券研究所有限公司,申万综合Ⅱ,XSHG,2006-08-28,655.19,657.06,651.76,678.76,672.65,109000000.0,542000000.0,17.46,0.026649000000000003
346496,801231.ZICN,801231,上海申银万国证券研究所有限公司,申万综合Ⅱ,XSHG,2006-08-29,672.65,676.67,667.15,698.65,678.91,177000000.0,796000000.0,6.26,0.009306
346717,801231.ZICN,801231,上海申银万国证券研究所有限公司,申万综合Ⅱ,XSHG,2006-08-30,678.91,676.64,667.99,693.62,688.98,113000000.0,513000000.0,10.07,0.014833
346938,801231.ZICN,801231,上海申银万国证券研究所有限公司,申万综合Ⅱ,XSHG,2006-08-31,688.98,690.67,676.25,702.64,691.19,118000000.0,620000000.0,2.21,0.003208
347159,801231.ZICN,801231,上海申银万国证券研究所有限公司,申万综合Ⅱ,XSHG,2006-09-01,691.19,694.07,668.03,703.88,677.24,110000000.0,589000000.0,-13.95,-0.020183
347380,801231.ZICN,801231,上海申银万国证券研究所有限公司,申万综合Ⅱ,XSHG,2006-09-04,677.24,675.98,670.16,699.17,693.19,81000000.0,508000000.0,15.95,0.023551
347601,801231.ZICN,801231,上海申银万国证券研究所有限公司,申万综合Ⅱ,XSHG,2006-09-05,693.19,694.12,685.73,713.63,701.0,132000000.0,721000000.0,7.81,0.011267000000000001
347822,801231.ZICN,801231,上海申银万国证券研究所有限公司,申万综合Ⅱ,XSHG,2006-09-06,701.0,700.92,685.6,711.61,701.1,107000000.0,560000000.0,0.1,0.000143
348043,801231.ZICN,801231,上海申银万国证券研究所有限公司,申万综合Ⅱ,XSHG,2006-09-07,701.1,701.94,677.95,709.29,689.4,109000000.0,547000000.0,-11.7,-0.016687999999999998
348264,801231.ZICN,801231,上海申银万国证券研究所有限公司,申万综合Ⅱ,XSHG,2006-09-08,689.4,685.83,681.27,701.42,690.85,70000000.0,389000000.0,1.45,0.0021030000000000003
348485,801231.ZICN,801231,上海申银万国证券研究所有限公司,申万综合Ⅱ,XSHG,2006-09-11,690.85,690.94,680.17,706.72,699.14,98000000.0,495000000.0,8.29,0.012
348706,801231.ZICN,801231,上海申银万国证券研究所有限公司,申万综合Ⅱ,XSHG,2006-09-12,699.14,700.85,690.29,711.81,701.06,111000000.0,546000000.0,1.92,0.002746
348927,801231.ZICN,801231,上海申银万国证券研究所有限公司,申万综合Ⅱ,XSHG,2006-09-13,701.06,701.94,687.28,713.3,695.87,120000000.0,626000000.0,-5.19,-0.007403
349148,801231.ZICN,801231,上海申银万国证券研究所有限公司,申万综合Ⅱ,XSHG,2006-09-14,695.87,693.66,681.8,707.68,697.64,106000000.0,642000000.0,1.77,0.0025440000000000003
349369,801231.ZICN,801231,上海申银万国证券研究所有限公司,申万综合Ⅱ,XSHG,2006-09-15,697.64,696.87,690.43,719.05,710.29,133000000.0,685000000.0,12.65,0.018133
349590,801231.ZICN,801231,上海申银万国证券研究所有限公司,申万综合Ⅱ,XSHG,2006-09-18,710.29,711.75,702.77,727.47,719.65,145000000.0,771000000.0,9.36,0.013178
349811,801231.ZICN,801231,上海申银万国证券研究所有限公司,申万综合Ⅱ,XSHG,2006-09-19,719.65,720.44,707.48,729.73,714.16,133000000.0,630000000.0,-5.49,-0.007629
350032,801231.ZICN,801231,上海申银万国证券研究所有限公司,申万综合Ⅱ,XSHG,2006-09-20,714.16,713.7,698.97,726.53,716.93,127000000.0,621000000.0,2.77,0.003879
350253,801231.ZICN,801231,上海申银万国证券研究所有限公司,申万综合Ⅱ,XSHG,2006-09-21,716.93,715.19,707.54,729.63,719.8,114000000.0,552000000.0,2.87,0.0040030000000000005
350474,801231.ZICN,801231,上海申银万国证券研究所有限公司,申万综合Ⅱ,XSHG,2006-09-22,719.8,721.85,704.62,731.99,714.42,114000000.0,614000000.0,-5.38,-0.007474
350695,801231.ZICN,801231,上海申银万国证券研究所有限公司,申万综合Ⅱ,XSHG,2006-09-25,714.42,713.84,701.57,734.12,718.8,89000000.0,602000000.0,4.38,0.006131
350916,801231.ZICN,801231,上海申银万国证券研究所有限公司,申万综合Ⅱ,XSHG,2006-09-26,718.8,717.77,698.77,731.19,711.29,91000000.0,533000000.0,-7.51,-0.010448
351137,801231.ZICN,801231,上海申银万国证券研究所有限公司,申万综合Ⅱ,XSHG,2006-09-27,711.29,711.11,703.9,732.3,724.99,92000000.0,523000000.0,13.7,0.019261
351358,801231.ZICN,801231,上海申银万国证券研究所有限公司,申万综合Ⅱ,XSHG,2006-09-28,724.99,726.97,717.41,744.16,730.06,102000000.0,561000000.0,5.07,0.006993000000000001
351579,801231.ZICN,801231,上海申银万国证券研究所有限公司,申万综合Ⅱ,XSHG,2006-09-29,730.06,731.05,725.48,745.83,732.69,98000000.0,560000000.0,2.63,0.003602
351800,801231.ZICN,801231,上海申银万国证券研究所有限公司,申万综合Ⅱ,XSHG,2006-10-09,732.69,743.25,730.61,761.7,752.58,154000000.0,896000000.0,19.89,0.027147000000000004
352021,801231.ZICN,801231,上海申银万国证券研究所有限公司,申万综合Ⅱ,XSHG,2006-10-10,752.58,751.52,735.72,767.15,750.17,164000000.0,948000000.0,-2.41,-0.0032020000000000004
352242,801231.ZICN,801231,上海申银万国证券研究所有限公司,申万综合Ⅱ,XSHG,2006-10-11,750.17,748.82,731.6,761.73,746.97,119000000.0,690000000.0,-3.2,-0.004266
352463,801231.ZICN,801231,上海申银万国证券研究所有限公司,申万综合Ⅱ,XSHG,2006-10-12,746.97,748.1,723.19,759.46,732.51,140000000.0,830000000.0,-14.46,-0.019358
352684,801231.ZICN,801231,上海申银万国证券研究所有限公司,申万综合Ⅱ,XSHG,2006-10-13,732.51,733.16,724.31,755.77,742.47,119000000.0,731000000.0,9.96,0.013597
352905,801231.ZICN,801231,上海申银万国证券研究所有限公司,申万综合Ⅱ,XSHG,2006-10-16,742.47,744.79,729.56,757.6,739.7,128000000.0,678000000.0,-2.77,-0.0037310000000000004
353126,801231.ZICN,801231,上海申银万国证券研究所有限公司,申万综合Ⅱ,XSHG,2006-10-17,739.7,741.82,723.37,750.52,730.99,135000000.0,672000000.0,-8.71,-0.011775
353347,801231.ZICN,801231,上海申银万国证券研究所有限公司,申万综合Ⅱ,XSHG,2006-10-18,730.99,730.69,723.51,745.12,739.89,104000000.0,534000000.0,8.9,0.012175
353568,801231.ZICN,801231,上海申银万国证券研究所有限公司,申万综合Ⅱ,XSHG,2006-10-19,739.89,740.01,725.41,748.31,734.41,117000000.0,608000000.0,-5.48,-0.0074069999999999995
353789,801231.ZICN,801231,上海申银万国证券研究所有限公司,申万综合Ⅱ,XSHG,2006-10-20,734.41,734.42,718.42,742.3,724.0,104000000.0,534000000.0,-10.41,-0.014175
354010,801231.ZICN,801231,上海申银万国证券研究所有限公司,申万综合Ⅱ,XSHG,2006-10-23,724.0,723.18,692.58,732.26,704.09,130000000.0,670000000.0,-19.91,-0.0275
354231,801231.ZICN,801231,上海申银万国证券研究所有限公司,申万综合Ⅱ,XSHG,2006-10-24,704.09,703.26,700.41,723.93,717.33,131000000.0,658000000.0,13.24,0.018803999999999998
354452,801231.ZICN,801231,上海申银万国证券研究所有限公司,申万综合Ⅱ,XSHG,2006-10-25,717.33,717.65,702.08,730.35,715.45,128000000.0,691000000.0,-1.88,-0.002621
354673,801231.ZICN,801231,上海申银万国证券研究所有限公司,申万综合Ⅱ,XSHG,2006-10-26,715.45,715.14,701.34,726.82,712.12,130000000.0,717000000.0,-3.33,-0.004654
354894,801231.ZICN,801231,上海申银万国证券研究所有限公司,申万综合Ⅱ,XSHG,2006-10-27,712.12,710.9,687.08,717.84,694.17,112000000.0,589000000.0,-17.95,-0.025206
355115,801231.ZICN,801231,上海申银万国证券研究所有限公司,申万综合Ⅱ,XSHG,2006-10-30,694.17,692.7,678.19,707.95,698.17,94000000.0,486000000.0,4.0,0.005762
355336,801231.ZICN,801231,上海申银万国证券研究所有限公司,申万综合Ⅱ,XSHG,2006-10-31,698.17,697.1,684.19,707.79,701.41,93000000.0,501000000.0,3.24,0.004640999999999999
355557,801231.ZICN,801231,上海申银万国证券研究所有限公司,申万综合Ⅱ,XSHG,2006-11-01,701.41,700.62,691.06,717.21,707.49,94000000.0,494000000.0,6.08,0.008668
355778,801231.ZICN,801231,上海申银万国证券研究所有限公司,申万综合Ⅱ,XSHG,2006-11-02,707.49,708.34,690.0,714.01,701.27,106000000.0,518000000.0,-6.22,-0.008792
355999,801231.ZICN,801231,上海申银万国证券研究所有限公司,申万综合Ⅱ,XSHG,2006-11-03,701.27,700.41,690.24,712.03,701.78,126000000.0,665000000.0,0.51,0.000727
356220,801231.ZICN,801231,上海申银万国证券研究所有限公司,申万综合Ⅱ,XSHG,2006-11-06,701.78,697.29,685.25,707.21,693.8,101000000.0,515000000.0,-7.98,-0.011371
356441,801231.ZICN,801231,上海申银万国证券研究所有限公司,申万综合Ⅱ,XSHG,2006-11-07,693.8,693.65,670.84,703.7,691.22,128000000.0,640000000.0,-2.58,-0.0037189999999999996
356662,801231.ZICN,801231,上海申银万国证券研究所有限公司,申万综合Ⅱ,XSHG,2006-11-08,691.22,691.95,675.93,701.38,685.43,89000000.0,431000000.0,-5.79,-0.008376
356883,801231.ZICN,801231,上海申银万国证券研究所有限公司,申万综合Ⅱ,XSHG,2006-11-09,685.43,683.53,676.8,697.59,690.75,83000000.0,405000000.0,5.32,0.007762000000000001
357104,801231.ZICN,801231,上海申银万国证券研究所有限公司,申万综合Ⅱ,XSHG,2006-11-10,690.75,690.04,665.93,697.82,673.34,97000000.0,482000000.0,-17.41,-0.025204
357325,801231.ZICN,801231,上海申银万国证券研究所有限公司,申万综合Ⅱ,XSHG,2006-11-13,673.34,670.93,636.46,679.34,642.07,93000000.0,503000000.0,-31.27,-0.046439999999999995
357546,801231.ZICN,801231,上海申银万国证券研究所有限公司,申万综合Ⅱ,XSHG,2006-11-14,642.07,642.19,621.06,654.63,646.26,80000000.0,410000000.0,4.19,0.0065260000000000006
357767,801231.ZICN,801231,上海申银万国证券研究所有限公司,申万综合Ⅱ,XSHG,2006-11-15,646.26,644.95,636.06,663.02,658.28,77000000.0,408000000.0,12.02,0.018599
357988,801231.ZICN,801231,上海申银万国证券研究所有限公司,申万综合Ⅱ,XSHG,2006-11-16,658.28,660.08,641.6,673.1,653.64,109000000.0,577000000.0,-4.64,-0.007049
358209,801231.ZICN,801231,上海申银万国证券研究所有限公司,申万综合Ⅱ,XSHG,2006-11-17,653.64,650.21,642.38,670.17,661.21,86000000.0,441000000.0,7.57,0.011581000000000001
358430,801231.ZICN,801231,上海申银万国证券研究所有限公司,申万综合Ⅱ,XSHG,2006-11-20,661.21,664.02,648.75,674.51,664.11,108000000.0,507000000.0,2.9,0.004386
358653,801231.ZICN,801231,上海申银万国证券研究所有限公司,申万综合Ⅱ,XSHG,2006-11-21,664.11,662.88,648.59,674.84,666.06,92000000.0,469000000.0,1.95,0.002936
358876,801231.ZICN,801231,上海申银万国证券研究所有限公司,申万综合Ⅱ,XSHG,2006-11-22,666.06,665.64,657.72,688.57,674.87,118000000.0,668000000.0,8.81,0.013227000000000001
359099,801231.ZICN,801231,上海申银万国证券研究所有限公司,申万综合Ⅱ,XSHG,2006-11-23,674.87,672.95,663.43,689.6,678.38,116000000.0,602000000.0,3.51,0.005201
359322,801231.ZICN,801231,上海申银万国证券研究所有限公司,申万综合Ⅱ,XSHG,2006-11-24,678.38,677.13,668.63,698.59,690.13,138000000.0,681000000.0,11.75,0.017321
359545,801231.ZICN,801231,上海申银万国证券研究所有限公司,申万综合Ⅱ,XSHG,2006-11-27,690.13,690.56,680.33,707.11,698.07,130000000.0,636000000.0,7.94,0.011505
359768,801231.ZICN,801231,上海申银万国证券研究所有限公司,申万综合Ⅱ,XSHG,2006-11-28,698.07,697.76,688.05,718.21,707.37,155000000.0,805000000.0,9.3,0.013322
359991,801231.ZICN,801231,上海申银万国证券研究所有限公司,申万综合Ⅱ,XSHG,2006-11-29,707.37,698.86,688.04,721.84,715.4,162000000.0,878000000.0,8.03,0.011352
360214,801231.ZICN,801231,上海申银万国证券研究所有限公司,申万综合Ⅱ,XSHG,2006-11-30,715.4,717.36,710.79,737.47,720.5,185000000.0,990000000.0,5.1,0.007129000000000001
360437,801231.ZICN,801231,上海申银万国证券研究所有限公司,申万综合Ⅱ,XSHG,2006-12-01,720.5,721.49,704.82,733.68,714.89,177000000.0,927000000.0,-5.61,-0.0077859999999999995
360660,801231.ZICN,801231,上海申银万国证券研究所有限公司,申万综合Ⅱ,XSHG,2006-12-04,714.89,713.97,708.28,738.06,732.19,200000000.0,1036000000.0,17.3,0.0242
360883,801231.ZICN,801231,上海申银万国证券研究所有限公司,申万综合Ⅱ,XSHG,2006-12-05,732.19,733.28,721.42,756.89,743.06,257000000.0,1306000000.0,10.87,0.014846000000000002
361106,801231.ZICN,801231,上海申银万国证券研究所有限公司,申万综合Ⅱ,XSHG,2006-12-06,743.06,741.6,704.47,750.97,725.36,242000000.0,1199000000.0,-17.7,-0.023819999999999997
361329,801231.ZICN,801231,上海申银万国证券研究所有限公司,申万综合Ⅱ,XSHG,2006-12-07,725.36,722.4,708.57,739.06,714.59,191000000.0,969000000.0,-10.77,-0.014847999999999998
361552,801231.ZICN,801231,上海申银万国证券研究所有限公司,申万综合Ⅱ,XSHG,2006-12-08,714.59,707.42,677.22,716.37,680.93,168000000.0,821000000.0,-33.66,-0.047104
361775,801231.ZICN,801231,上海申银万国证券研究所有限公司,申万综合Ⅱ,XSHG,2006-12-11,680.93,675.92,672.33,703.8,699.83,110000000.0,528000000.0,18.9,0.027756
361998,801231.ZICN,801231,上海申银万国证券研究所有限公司,申万综合Ⅱ,XSHG,2006-12-12,699.83,703.39,688.57,719.3,704.84,143000000.0,763000000.0,5.01,0.007159
362221,801231.ZICN,801231,上海申银万国证券研究所有限公司,申万综合Ⅱ,XSHG,2006-12-13,704.84,707.68,692.97,720.09,709.8,110000000.0,658000000.0,4.96,0.007037000000000001
362444,801231.ZICN,801231,上海申银万国证券研究所有限公司,申万综合Ⅱ,XSHG,2006-12-14,709.8,710.84,703.12,729.85,719.92,153000000.0,868000000.0,10.12,0.014258000000000002
362667,801231.ZICN,801231,上海申银万国证券研究所有限公司,申万综合Ⅱ,XSHG,2006-12-15,719.92,721.72,713.34,741.13,729.64,150000000.0,811000000.0,9.72,0.013502000000000002
362890,801231.ZICN,801231,上海申银万国证券研究所有限公司,申万综合Ⅱ,XSHG,2006-12-18,729.64,734.77,726.89,752.33,740.38,192000000.0,1011000000.0,10.74,0.014719999999999999
363113,801231.ZICN,801231,上海申银万国证券研究所有限公司,申万综合Ⅱ,XSHG,2006-12-19,740.38,742.49,718.89,756.21,741.66,216000000.0,1021000000.0,1.28,0.0017289999999999999
363336,801231.ZICN,801231,上海申银万国证券研究所有限公司,申万综合Ⅱ,XSHG,2006-12-20,741.66,737.79,724.64,769.56,757.01,207000000.0,1061000000.0,15.35,0.020697
363559,801231.ZICN,801231,上海申银万国证券研究所有限公司,申万综合Ⅱ,XSHG,2006-12-21,757.01,756.96,742.38,778.81,753.23,233000000.0,1163000000.0,-3.78,-0.004993
363782,801231.ZICN,801231,上海申银万国证券研究所有限公司,申万综合Ⅱ,XSHG,2006-12-22,753.23,750.0,733.55,766.35,748.86,189000000.0,927000000.0,-4.37,-0.005802000000000001
364005,801231.ZICN,801231,上海申银万国证券研究所有限公司,申万综合Ⅱ,XSHG,2006-12-25,748.86,750.06,740.51,773.31,757.54,191000000.0,969000000.0,8.68,0.011590999999999999
364228,801231.ZICN,801231,上海申银万国证券研究所有限公司,申万综合Ⅱ,XSHG,2006-12-26,757.54,758.17,734.83,779.1,756.32,220000000.0,1174000000.0,-1.22,-0.00161
364451,801231.ZICN,801231,上海申银万国证券研究所有限公司,申万综合Ⅱ,XSHG,2006-12-27,756.32,754.79,739.71,770.27,755.94,176000000.0,907000000.0,-0.38,-0.000502
364674,801231.ZICN,801231,上海申银万国证券研究所有限公司,申万综合Ⅱ,XSHG,2006-12-28,755.94,755.1,730.67,769.93,745.73,200000000.0,1030000000.0,-10.21,-0.013506
364897,801231.ZICN,801231,上海申银万国证券研究所有限公司,申万综合Ⅱ,XSHG,2006-12-29,745.73,747.5,740.06,770.5,756.33,210000000.0,1104000000.0,10.6,0.014214
365120,801231.ZICN,801231,上海申银万国证券研究所有限公司,申万综合Ⅱ,XSHG,2007-01-04,756.33,765.11,737.81,786.36,756.04,211000000.0,1216000000.0,-0.29,-0.000383
365343,801231.ZICN,801231,上海申银万国证券研究所有限公司,申万综合Ⅱ,XSHG,2007-01-05,756.04,752.44,742.54,778.66,772.2,184000000.0,989000000.0,16.16,0.021375
365566,801231.ZICN,801231,上海申银万国证券研究所有限公司,申万综合Ⅱ,XSHG,2007-01-08,772.2,774.47,769.38,817.9,810.94,267000000.0,1534000000.0,38.74,0.050168
365789,801231.ZICN,801231,上海申银万国证券研究所有限公司,申万综合Ⅱ,XSHG,2007-01-09,810.94,818.74,804.13,841.76,826.66,310000000.0,1701000000.0,15.72,0.019385
366012,801231.ZICN,801231,上海申银万国证券研究所有限公司,申万综合Ⅱ,XSHG,2007-01-10,826.66,830.21,812.51,858.5,851.72,337000000.0,1888000000.0,25.06,0.030314999999999998
366235,801231.ZICN,801231,上海申银万国证券研究所有限公司,申万综合Ⅱ,XSHG,2007-01-11,851.72,856.85,838.59,890.45,853.41,426000000.0,2470000000.0,1.69,0.001984
366458,801231.ZICN,801231,上海申银万国证券研究所有限公司,申万综合Ⅱ,XSHG,2007-01-12,853.41,850.25,816.37,879.39,829.49,326000000.0,1875000000.0,-23.92,-0.028029000000000002
366681,801231.ZICN,801231,上海申银万国证券研究所有限公司,申万综合Ⅱ,XSHG,2007-01-15,829.49,833.51,828.15,885.57,879.22,278000000.0,1650000000.0,49.73,0.059953
366904,801231.ZICN,801231,上海申银万国证券研究所有限公司,申万综合Ⅱ,XSHG,2007-01-16,879.22,885.32,864.64,924.54,911.83,353000000.0,2263000000.0,32.61,0.03709
367128,801231.ZICN,801231,上海申银万国证券研究所有限公司,申万综合Ⅱ,XSHG,2007-01-17,911.83,912.11,867.53,940.92,892.88,402000000.0,2477000000.0,-18.95,-0.020782
367352,801231.ZICN,801231,上海申银万国证券研究所有限公司,申万综合Ⅱ,XSHG,2007-01-18,892.88,895.38,865.63,931.42,911.65,413000000.0,2370000000.0,18.77,0.021022
367576,801231.ZICN,801231,上海申银万国证券研究所有限公司,申万综合Ⅱ,XSHG,2007-01-19,911.65,915.0,908.21,966.51,952.29,419000000.0,2535000000.0,40.64,0.044579
367800,801231.ZICN,801231,上海申银万国证券研究所有限公司,申万综合Ⅱ,XSHG,2007-01-22,952.29,970.63,952.87,1004.77,986.89,416000000.0,2500000000.0,34.6,0.036333
368024,801231.ZICN,801231,上海申银万国证券研究所有限公司,申万综合Ⅱ,XSHG,2007-01-23,986.89,992.09,936.17,1011.39,988.89,380000000.0,2342000000.0,2.0,0.002027
368248,801231.ZICN,801231,上海申银万国证券研究所有限公司,申万综合Ⅱ,XSHG,2007-01-24,988.89,991.38,971.35,1025.69,1004.72,329000000.0,2130000000.0,15.83,0.016008
368472,801231.ZICN,801231,上海申银万国证券研究所有限公司,申万综合Ⅱ,XSHG,2007-01-25,1004.72,998.18,945.37,1015.2,962.4,344000000.0,2219000000.0,-42.32,-0.042121
368696,801231.ZICN,801231,上海申银万国证券研究所有限公司,申万综合Ⅱ,XSHG,2007-01-26,962.4,952.66,905.7,985.92,967.6,312000000.0,2061000000.0,5.2,0.005403
368920,801231.ZICN,801231,上海申银万国证券研究所有限公司,申万综合Ⅱ,XSHG,2007-01-29,967.6,969.72,956.98,1012.14,998.5,322000000.0,2137000000.0,30.9,0.031935000000000005
369144,801231.ZICN,801231,上海申银万国证券研究所有限公司,申万综合Ⅱ,XSHG,2007-01-30,998.5,1004.8,969.91,1034.88,998.23,376000000.0,2520000000.0,-0.27,-0.00027
369368,801231.ZICN,801231,上海申银万国证券研究所有限公司,申万综合Ⅱ,XSHG,2007-01-31,998.23,991.25,930.3,1019.29,941.02,364000000.0,2328000000.0,-57.21,-0.057311
369592,801231.ZICN,801231,上海申银万国证券研究所有限公司,申万综合Ⅱ,XSHG,2007-02-01,941.02,923.79,894.84,953.22,932.29,311000000.0,2103000000.0,-8.73,-0.009276999999999999
369816,801231.ZICN,801231,上海申银万国证券研究所有限公司,申万综合Ⅱ,XSHG,2007-02-02,932.29,933.0,907.08,969.64,926.39,324000000.0,2124000000.0,-5.9,-0.0063289999999999996
370040,801231.ZICN,801231,上海申银万国证券研究所有限公司,申万综合Ⅱ,XSHG,2007-02-05,926.39,926.64,908.13,960.37,933.03,238000000.0,1632000000.0,6.64,0.007168000000000001
370264,801231.ZICN,801231,上海申银万国证券研究所有限公司,申万综合Ⅱ,XSHG,2007-02-06,933.03,935.58,916.64,961.97,952.38,202000000.0,1319000000.0,19.35,0.020738999999999997
370488,801231.ZICN,801231,上海申银万国证券研究所有限公司,申万综合Ⅱ,XSHG,2007-02-07,952.38,956.18,946.22,997.32,984.47,253000000.0,1765000000.0,32.09,0.033694999999999996
370712,801231.ZICN,801231,上海申银万国证券研究所有限公司,申万综合Ⅱ,XSHG,2007-02-08,984.47,993.2,966.32,1021.22,999.47,310000000.0,2297000000.0,15.0,0.015237
370936,801231.ZICN,801231,上海申银万国证券研究所有限公司,申万综合Ⅱ,XSHG,2007-02-09,999.47,1002.51,982.68,1033.39,1011.56,256000000.0,1835000000.0,12.09,0.012095999999999999
371160,801231.ZICN,801231,上海申银万国证券研究所有限公司,申万综合Ⅱ,XSHG,2007-02-12,1011.56,1002.48,992.42,1045.77,1035.47,197000000.0,1298000000.0,23.91,0.023637000000000002
371384,801231.ZICN,801231,上海申银万国证券研究所有限公司,申万综合Ⅱ,XSHG,2007-02-13,1035.47,1027.62,1014.43,1062.69,1050.67,291000000.0,1687000000.0,15.2,0.014679
371608,801231.ZICN,801231,上海申银万国证券研究所有限公司,申万综合Ⅱ,XSHG,2007-02-14,1050.67,1040.19,1028.64,1086.28,1069.63,307000000.0,1974000000.0,18.96,0.018046
371832,801231.ZICN,801231,上海申银万国证券研究所有限公司,申万综合Ⅱ,XSHG,2007-02-15,1069.63,1093.77,1083.51,1130.12,1119.3,341000000.0,2314000000.0,49.67,0.046437
372056,801231.ZICN,801231,上海申银万国证券研究所有限公司,申万综合Ⅱ,XSHG,2007-02-16,1119.3,1143.26,1109.53,1183.63,1154.15,406000000.0,3147000000.0,34.85,0.031136
372280,801231.ZICN,801231,上海申银万国证券研究所有限公司,申万综合Ⅱ,XSHG,2007-02-26,1154.15,1161.88,1133.84,1220.68,1208.11,380000000.0,2892000000.0,53.96,0.046752999999999996
372504,801231.ZICN,801231,上海申银万国证券研究所有限公司,申万综合Ⅱ,XSHG,2007-02-27,1208.11,1216.32,1091.46,1250.97,1095.97,570000000.0,4228000000.0,-112.14,-0.092823
372728,801231.ZICN,801231,上海申银万国证券研究所有限公司,申万综合Ⅱ,XSHG,2007-02-28,1095.97,1086.04,1072.24,1176.55,1165.81,413000000.0,3094000000.0,69.84,0.063724
372952,801231.ZICN,801231,上海申银万国证券研究所有限公司,申万综合Ⅱ,XSHG,2007-03-01,1165.81,1178.44,1114.47,1211.29,1169.06,448000000.0,3383000000.0,3.25,0.002788
373176,801231.ZICN,801231,上海申银万国证券研究所有限公司,申万综合Ⅱ,XSHG,2007-03-02,1169.06,1167.92,1140.87,1213.11,1177.85,339000000.0,2644000000.0,8.79,0.007519
373399,801231.ZICN,801231,上海申银万国证券研究所有限公司,申万综合Ⅱ,XSHG,2007-03-05,1177.85,1182.46,1118.84,1225.45,1178.87,405000000.0,3126000000.0,1.02,0.000866
373623,801231.ZICN,801231,上海申银万国证券研究所有限公司,申万综合Ⅱ,XSHG,2007-03-06,1178.87,1170.33,1141.72,1213.49,1186.39,264000000.0,2111000000.0,7.52,0.006379
373847,801231.ZICN,801231,上海申银万国证券研究所有限公司,申万综合Ⅱ,XSHG,2007-03-07,1186.39,1192.54,1177.66,1244.8,1230.79,298000000.0,2498000000.0,44.4,0.037424
374071,801231.ZICN,801231,上海申银万国证券研究所有限公司,申万综合Ⅱ,XSHG,2007-03-08,1230.79,1240.8,1214.45,1290.57,1279.97,340000000.0,2959000000.0,49.18,0.039958
374295,801231.ZICN,801231,上海申银万国证券研究所有限公司,申万综合Ⅱ,XSHG,2007-03-09,1279.97,1283.94,1243.18,1319.1,1278.63,419000000.0,3385000000.0,-1.34,-0.001047
374519,801231.ZICN,801231,上海申银万国证券研究所有限公司,申万综合Ⅱ,XSHG,2007-03-12,1278.63,1289.02,1261.8,1349.99,1322.19,409000000.0,3178000000.0,43.56,0.034068
374743,801231.ZICN,801231,上海申银万国证券研究所有限公司,申万综合Ⅱ,XSHG,2007-03-13,1322.19,1340.52,1304.83,1377.77,1341.21,389000000.0,3190000000.0,19.02,0.014385
374967,801231.ZICN,801231,上海申银万国证券研究所有限公司,申万综合Ⅱ,XSHG,2007-03-14,1341.21,1328.03,1286.2,1416.83,1376.69,480000000.0,4224000000.0,35.48,0.026454000000000002
375191,801231.ZICN,801231,上海申银万国证券研究所有限公司,申万综合Ⅱ,XSHG,2007-03-15,1376.69,1368.03,1350.81,1433.9,1386.64,419000000.0,3684000000.0,9.95,0.007227
375415,801231.ZICN,801231,上海申银万国证券研究所有限公司,申万综合Ⅱ,XSHG,2007-03-16,1386.64,1391.11,1320.17,1423.49,1352.38,431000000.0,3692000000.0,-34.26,-0.024707
375639,801231.ZICN,801231,上海申银万国证券研究所有限公司,申万综合Ⅱ,XSHG,2007-03-19,1352.38,1306.29,1285.42,1409.97,1366.09,377000000.0,3165000000.0,13.71,0.010138
375863,801231.ZICN,801231,上海申银万国证券研究所有限公司,申万综合Ⅱ,XSHG,2007-03-20,1366.09,1368.65,1352.92,1417.61,1392.16,294000000.0,2597000000.0,26.07,0.019084
376087,801231.ZICN,801231,上海申银万国证券研究所有限公司,申万综合Ⅱ,XSHG,2007-03-21,1392.16,1405.25,1377.12,1457.44,1432.25,377000000.0,3299000000.0,40.09,0.028797000000000003
376311,801231.ZICN,801231,上海申银万国证券研究所有限公司,申万综合Ⅱ,XSHG,2007-03-22,1432.25,1441.28,1398.05,1471.82,1413.8,396000000.0,3526000000.0,-18.45,-0.012882
376535,801231.ZICN,801231,上海申银万国证券研究所有限公司,申万综合Ⅱ,XSHG,2007-03-23,1413.8,1405.62,1368.74,1433.83,1417.85,341000000.0,2982000000.0,4.05,0.002865
376759,801231.ZICN,801231,上海申银万国证券研究所有限公司,申万综合Ⅱ,XSHG,2007-03-26,1417.85,1419.26,1406.34,1482.47,1463.35,338000000.0,3087000000.0,45.5,0.032091
376983,801231.ZICN,801231,上海申银万国证券研究所有限公司,申万综合Ⅱ,XSHG,2007-03-27,1463.35,1468.38,1430.18,1516.32,1488.71,387000000.0,3462000000.0,25.36,0.01733
377207,801231.ZICN,801231,上海申银万国证券研究所有限公司,申万综合Ⅱ,XSHG,2007-03-28,1488.71,1490.23,1382.64,1516.24,1463.22,485000000.0,4262000000.0,-25.49,-0.017122
377432,801231.ZICN,801231,上海申银万国证券研究所有限公司,申万综合Ⅱ,XSHG,2007-03-29,1463.22,1458.93,1386.43,1483.41,1403.82,390000000.0,3376000000.0,-59.4,-0.040595
377657,801231.ZICN,801231,上海申银万国证券研究所有限公司,申万综合Ⅱ,XSHG,2007-03-30,1403.82,1398.57,1379.55,1464.04,1435.36,270000000.0,2486000000.0,31.54,0.022466999999999997
377882,801231.ZICN,801231,上海申银万国证券研究所有限公司,申万综合Ⅱ,XSHG,2007-04-02,1435.36,1441.07,1426.99,1488.4,1470.37,259000000.0,2517000000.0,35.01,0.024391
378107,801231.ZICN,801231,上海申银万国证券研究所有限公司,申万综合Ⅱ,XSHG,2007-04-03,1470.37,1477.65,1453.42,1526.7,1500.64,313000000.0,3095000000.0,30.27,0.020587
378332,801231.ZICN,801231,上海申银万国证券研究所有限公司,申万综合Ⅱ,XSHG,2007-04-04,1500.64,1500.21,1467.25,1545.38,1518.18,363000000.0,3463000000.0,17.54,0.011687999999999999
378557,801231.ZICN,801231,上海申银万国证券研究所有限公司,申万综合Ⅱ,XSHG,2007-04-05,1518.18,1516.1,1492.96,1585.34,1559.23,365000000.0,3481000000.0,41.05,0.027038999999999997
378782,801231.ZICN,801231,上海申银万国证券研究所有限公司,申万综合Ⅱ,XSHG,2007-04-06,1559.23,1544.51,1528.25,1625.29,1587.04,397000000.0,3916000000.0,27.81,0.017836
379007,801231.ZICN,801231,上海申银万国证券研究所有限公司,申万综合Ⅱ,XSHG,2007-04-09,1587.04,1597.56,1577.44,1664.82,1634.52,484000000.0,4651000000.0,47.48,0.029917000000000003
379232,801231.ZICN,801231,上海申银万国证券研究所有限公司,申万综合Ⅱ,XSHG,2007-04-10,1634.52,1639.12,1580.5,1682.05,1649.8,493000000.0,4378000000.0,15.28,0.009348
379457,801231.ZICN,801231,上海申银万国证券研究所有限公司,申万综合Ⅱ,XSHG,2007-04-11,1649.8,1647.57,1602.78,1687.62,1655.64,361000000.0,3399000000.0,5.84,0.0035399999999999997
379682,801231.ZICN,801231,上海申银万国证券研究所有限公司,申万综合Ⅱ,XSHG,2007-04-12,1655.64,1652.5,1626.5,1703.35,1678.57,347000000.0,3232000000.0,22.93,0.01385
379907,801231.ZICN,801231,上海申银万国证券研究所有限公司,申万综合Ⅱ,XSHG,2007-04-13,1678.57,1712.69,1666.59,1774.99,1717.07,516000000.0,5782000000.0,38.5,0.022936
380132,801231.ZICN,801231,上海申银万国证券研究所有限公司,申万综合Ⅱ,XSHG,2007-04-16,1717.07,1727.29,1704.5,1796.51,1774.21,417000000.0,4825000000.0,57.14,0.033277999999999995
380357,801231.ZICN,801231,上海申银万国证券研究所有限公司,申万综合Ⅱ,XSHG,2007-04-17,1774.21,1806.82,1737.87,1880.26,1838.53,557000000.0,6344000000.0,64.32,0.036253
380582,801231.ZICN,801231,上海申银万国证券研究所有限公司,申万综合Ⅱ,XSHG,2007-04-18,1838.53,1867.26,1793.06,1921.34,1871.32,505000000.0,5668000000.0,32.79,0.017835
380807,801231.ZICN,801231,上海申银万国证券研究所有限公司,申万综合Ⅱ,XSHG,2007-04-19,1871.32,1857.03,1709.7,1880.7,1751.56,591000000.0,6611000000.0,-119.76,-0.063998
381032,801231.ZICN,801231,上海申银万国证券研究所有限公司,申万综合Ⅱ,XSHG,2007-04-20,1751.56,1782.63,1764.81,1886.06,1865.69,420000000.0,5034000000.0,114.13,0.06515900000000001
381257,801231.ZICN,801231,上海申银万国证券研究所有限公司,申万综合Ⅱ,XSHG,2007-04-23,1865.69,1880.94,1857.42,1975.08,1959.1,528000000.0,5631000000.0,93.41,0.050067
381482,801231.ZICN,801231,上海申银万国证券研究所有限公司,申万综合Ⅱ,XSHG,2007-04-24,1959.1,1966.39,1905.34,2039.54,1978.48,541000000.0,6391000000.0,19.38,0.009892
381707,801231.ZICN,801231,上海申银万国证券研究所有限公司,申万综合Ⅱ,XSHG,2007-04-25,1978.48,1955.94,1887.5,2014.28,1976.73,358000000.0,4309000000.0,-1.75,-0.0008849999999999999
381932,801231.ZICN,801231,上海申银万国证券研究所有限公司,申万综合Ⅱ,XSHG,2007-04-26,1976.73,1974.85,1943.11,2066.85,2038.54,419000000.0,5308000000.0,61.81,0.031269
382157,801231.ZICN,801231,上海申银万国证券研究所有限公司,申万综合Ⅱ,XSHG,2007-04-27,2038.54,2046.88,1987.16,2120.18,2069.46,429000000.0,5344000000.0,30.92,0.015168000000000001
382382,801231.ZICN,801231,上海申银万国证券研究所有限公司,申万综合Ⅱ,XSHG,2007-04-30,2069.46,2038.14,1991.47,2160.49,2116.2,485000000.0,6398000000.0,46.74,0.022586000000000002
382607,801231.ZICN,801231,上海申银万国证券研究所有限公司,申万综合Ⅱ,XSHG,2007-05-08,2116.2,2139.57,2079.78,2241.72,2180.69,554000000.0,7188000000.0,64.49,0.030474
382832,801231.ZICN,801231,上海申银万国证券研究所有限公司,申万综合Ⅱ,XSHG,2007-05-09,2180.69,2159.03,2030.6,2219.33,2158.44,559000000.0,7036000000.0,-22.25,-0.010203
383057,801231.ZICN,801231,上海申银万国证券研究所有限公司,申万综合Ⅱ,XSHG,2007-05-10,2158.44,2127.71,2068.87,2203.49,2161.11,415000000.0,5162000000.0,2.67,0.0012369999999999998
383282,801231.ZICN,801231,上海申银万国证券研究所有限公司,申万综合Ⅱ,XSHG,2007-05-11,2161.11,2141.5,2083.79,2216.93,2167.68,473000000.0,5897000000.0,6.57,0.0030399999999999997
383507,801231.ZICN,801231,上海申银万国证券研究所有限公司,申万综合Ⅱ,XSHG,2007-05-14,2167.68,2116.5,2084.23,2220.53,2177.65,412000000.0,5131000000.0,9.97,0.004599
383732,801231.ZICN,801231,上海申银万国证券研究所有限公司,申万综合Ⅱ,XSHG,2007-05-15,2177.65,2165.6,2047.82,2230.9,2089.51,495000000.0,6634000000.0,-88.14,-0.040475
383957,801231.ZICN,801231,上海申银万国证券研究所有限公司,申万综合Ⅱ,XSHG,2007-05-16,2089.51,2076.9,2017.27,2190.27,2158.81,398000000.0,5207000000.0,69.3,0.033166
384182,801231.ZICN,801231,上海申银万国证券研究所有限公司,申万综合Ⅱ,XSHG,2007-05-17,2158.81,2145.18,2107.72,2231.17,2187.25,388000000.0,5066000000.0,28.44,0.013174000000000002
384407,801231.ZICN,801231,上海申银万国证券研究所有限公司,申万综合Ⅱ,XSHG,2007-05-18,2187.25,2166.36,2119.21,2236.38,2197.49,416000000.0,5396000000.0,10.24,0.004682
384632,801231.ZICN,801231,上海申银万国证券研究所有限公司,申万综合Ⅱ,XSHG,2007-05-21,2197.49,2100.27,2080.41,2280.11,2253.84,444000000.0,5741000000.0,56.35,0.025643
384857,801231.ZICN,801231,上海申银万国证券研究所有限公司,申万综合Ⅱ,XSHG,2007-05-22,2253.84,2244.37,2212.99,2351.3,2298.24,534000000.0,6907000000.0,44.4,0.0197
385082,801231.ZICN,801231,上海申银万国证券研究所有限公司,申万综合Ⅱ,XSHG,2007-05-23,2298.24,2278.29,2236.86,2375.75,2343.06,506000000.0,6150000000.0,44.82,0.019502000000000002
385308,801231.ZICN,801231,上海申银万国证券研究所有限公司,申万综合Ⅱ,XSHG,2007-05-24,2343.06,2330.12,2231.76,2396.3,2340.29,576000000.0,7773000000.0,-2.77,-0.001182
385535,801231.ZICN,801231,上海申银万国证券研究所有限公司,申万综合Ⅱ,XSHG,2007-05-25,2340.29,2338.93,2307.46,2451.28,2414.06,558000000.0,7816000000.0,73.77,0.031522
385762,801231.ZICN,801231,上海申银万国证券研究所有限公司,申万综合Ⅱ,XSHG,2007-05-28,2414.06,2459.49,2381.71,2530.72,2447.21,581000000.0,8801000000.0,33.15,0.013732
385989,801231.ZICN,801231,上海申银万国证券研究所有限公司,申万综合Ⅱ,XSHG,2007-05-29,2447.21,2432.65,2376.21,2548.29,2519.67,559000000.0,8341000000.0,72.46,0.029608999999999996
386216,801231.ZICN,801231,上海申银万国证券研究所有限公司,申万综合Ⅱ,XSHG,2007-05-30,2519.67,2318.49,2291.74,2504.47,2343.78,627000000.0,9974000000.0,-175.89,-0.06980700000000001
386444,801231.ZICN,801231,上海申银万国证券研究所有限公司,申万综合Ⅱ,XSHG,2007-05-31,2343.78,2281.32,2133.26,2359.14,2239.36,513000000.0,7647000000.0,-104.42,-0.044552
386672,801231.ZICN,801231,上海申银万国证券研究所有限公司,申万综合Ⅱ,XSHG,2007-06-01,2239.36,2258.1,2100.97,2330.55,2124.41,434000000.0,6506000000.0,-114.95,-0.051332
386900,801231.ZICN,801231,上海申银万国证券研究所有限公司,申万综合Ⅱ,XSHG,2007-06-04,2124.41,2118.48,1924.01,2151.93,1932.37,330000000.0,5074000000.0,-192.04,-0.090397
387128,801231.ZICN,801231,上海申银万国证券研究所有限公司,申万综合Ⅱ,XSHG,2007-06-05,1932.37,1806.07,1747.77,1990.64,1966.53,515000000.0,6546000000.0,34.16,0.017678
387356,801231.ZICN,801231,上海申银万国证券研究所有限公司,申万综合Ⅱ,XSHG,2007-06-06,1966.53,1923.79,1817.08,2039.63,1974.56,472000000.0,5552000000.0,8.03,0.004083
387584,801231.ZICN,801231,上海申银万国证券研究所有限公司,申万综合Ⅱ,XSHG,2007-06-07,1974.56,1947.2,1889.69,2090.63,2068.78,439000000.0,5408000000.0,94.22,0.047717
387812,801231.ZICN,801231,上海申银万国证券研究所有限公司,申万综合Ⅱ,XSHG,2007-06-08,2068.78,2042.07,1987.86,2158.35,2103.0,466000000.0,5745000000.0,34.22,0.016541
388039,801231.ZICN,801231,上海申银万国证券研究所有限公司,申万综合Ⅱ,XSHG,2007-06-11,2103.0,2170.12,2127.3,2237.15,2173.6,464000000.0,5864000000.0,70.6,0.033571
388266,801231.ZICN,801231,上海申银万国证券研究所有限公司,申万综合Ⅱ,XSHG,2007-06-12,2173.6,2226.13,2085.23,2290.19,2256.19,551000000.0,8293000000.0,82.59,0.037997
388493,801231.ZICN,801231,上海申银万国证券研究所有限公司,申万综合Ⅱ,XSHG,2007-06-13,2256.19,2277.15,2235.09,2408.44,2359.28,596000000.0,8394000000.0,103.09,0.045692
388720,801231.ZICN,801231,上海申银万国证券研究所有限公司,申万综合Ⅱ,XSHG,2007-06-14,2359.28,2373.6,2282.46,2446.8,2341.19,528000000.0,7604000000.0,-18.09,-0.007668
388947,801231.ZICN,801231,上海申银万国证券研究所有限公司,申万综合Ⅱ,XSHG,2007-06-15,2341.19,2312.71,2270.3,2411.69,2347.47,458000000.0,6289000000.0,6.28,0.002682
389173,801231.ZICN,801231,上海申银万国证券研究所有限公司,申万综合Ⅱ,XSHG,2007-06-18,2347.47,2398.92,2352.82,2475.22,2414.2,438000000.0,6254000000.0,66.73,0.028426
389400,801231.ZICN,801231,上海申银万国证券研究所有限公司,申万综合Ⅱ,XSHG,2007-06-19,2414.2,2434.22,2370.43,2513.44,2463.9,459000000.0,6771000000.0,49.7,0.020587
389627,801231.ZICN,801231,上海申银万国证券研究所有限公司,申万综合Ⅱ,XSHG,2007-06-20,2463.9,2467.53,2341.01,2562.18,2421.35,494000000.0,7826000000.0,-42.55,-0.017269
389854,801231.ZICN,801231,上海申银万国证券研究所有限公司,申万综合Ⅱ,XSHG,2007-06-21,2421.35,2405.19,2341.71,2523.51,2438.22,403000000.0,6491000000.0,16.87,0.006967
390081,801231.ZICN,801231,上海申银万国证券研究所有限公司,申万综合Ⅱ,XSHG,2007-06-22,2438.22,2458.78,2226.76,2486.44,2255.29,438000000.0,7073000000.0,-182.93,-0.075026
390307,801231.ZICN,801231,上海申银万国证券研究所有限公司,申万综合Ⅱ,XSHG,2007-06-25,2255.29,2278.1,2048.89,2327.07,2087.4,384000000.0,5897000000.0,-167.89,-0.074443
390533,801231.ZICN,801231,上海申银万国证券研究所有限公司,申万综合Ⅱ,XSHG,2007-06-26,2087.4,2027.34,1956.51,2195.72,2184.15,347000000.0,5180000000.0,96.75,0.04635
390759,801231.ZICN,801231,上海申银万国证券研究所有限公司,申万综合Ⅱ,XSHG,2007-06-27,2184.15,2202.8,2154.08,2326.33,2285.41,422000000.0,6827000000.0,101.26,0.046361
390985,801231.ZICN,801231,上海申银万国证券研究所有限公司,申万综合Ⅱ,XSHG,2007-06-28,2285.41,2262.68,2102.24,2327.79,2137.06,280000000.0,3904000000.0,-148.35,-0.064912
391211,801231.ZICN,801231,上海申银万国证券研究所有限公司,申万综合Ⅱ,XSHG,2007-06-29,2137.06,2026.17,1944.68,2150.26,2041.77,319000000.0,5004000000.0,-95.29,-0.044589
391439,801231.ZICN,801231,上海申银万国证券研究所有限公司,申万综合Ⅱ,XSHG,2007-07-02,2041.77,2009.63,1935.95,2102.73,2035.03,375000000.0,4755000000.0,-6.74,-0.0033009999999999997
391682,801231.ZICN,801231,上海申银万国证券研究所有限公司,申万综合Ⅱ,XSHG,2007-07-03,2035.03,2061.87,1960.25,2125.09,2070.14,380000000.0,4700000000.0,35.11,0.017253
391925,801231.ZICN,801231,上海申银万国证券研究所有限公司,申万综合Ⅱ,XSHG,2007-07-04,2070.14,2060.87,1976.63,2099.08,2007.25,319000000.0,3470000000.0,-62.89,-0.03038
392168,801231.ZICN,801231,上海申银万国证券研究所有限公司,申万综合Ⅱ,XSHG,2007-07-05,2007.25,1964.67,1869.64,2020.13,1882.79,305000000.0,3490000000.0,-124.46,-0.062005
392411,801231.ZICN,801231,上海申银万国证券研究所有限公司,申万综合Ⅱ,XSHG,2007-07-06,1882.79,1867.46,1827.18,2026.9,2001.38,448000000.0,5085000000.0,118.59,0.062986
392654,801231.ZICN,801231,上海申银万国证券研究所有限公司,申万综合Ⅱ,XSHG,2007-07-09,2001.38,2016.21,1983.4,2115.13,2066.44,485000000.0,5460000000.0,65.06,0.032507999999999995
392897,801231.ZICN,801231,上海申银万国证券研究所有限公司,申万综合Ⅱ,XSHG,2007-07-10,2066.44,2061.86,1981.63,2112.69,2015.62,410000000.0,4430000000.0,-50.82,-0.024593
393140,801231.ZICN,801231,上海申银万国证券研究所有限公司,申万综合Ⅱ,XSHG,2007-07-11,2015.62,1995.27,1966.11,2077.31,2049.57,265000000.0,3034000000.0,33.95,0.016843
393383,801231.ZICN,801231,上海申银万国证券研究所有限公司,申万综合Ⅱ,XSHG,2007-07-12,2049.57,2055.8,2010.95,2097.56,2053.29,279000000.0,2850000000.0,3.72,0.0018149999999999998
393627,801231.ZICN,801231,上海申银万国证券研究所有限公司,申万综合Ⅱ,XSHG,2007-07-13,2053.29,2051.34,1983.18,2074.43,2029.31,224000000.0,2356000000.0,-23.98,-0.011679
393871,801231.ZICN,801231,上海申银万国证券研究所有限公司,申万综合Ⅱ,XSHG,2007-07-16,2029.31,2029.89,1921.35,2058.58,1939.23,279000000.0,3165000000.0,-90.08,-0.044389
394115,801231.ZICN,801231,上海申银万国证券研究所有限公司,申万综合Ⅱ,XSHG,2007-07-17,1939.23,1931.49,1905.1,2024.42,1982.76,272000000.0,2889000000.0,43.53,0.022446999999999998
394359,801231.ZICN,801231,上海申银万国证券研究所有限公司,申万综合Ⅱ,XSHG,2007-07-18,1982.76,1974.78,1928.14,2038.49,1980.61,312000000.0,3604000000.0,-2.15,-0.001084
394603,801231.ZICN,801231,上海申银万国证券研究所有限公司,申万综合Ⅱ,XSHG,2007-07-19,1980.61,1984.62,1955.78,2047.08,2005.48,235000000.0,2508000000.0,24.87,0.012556999999999999
394847,801231.ZICN,801231,上海申银万国证券研究所有限公司,申万综合Ⅱ,XSHG,2007-07-20,2005.48,2005.25,1993.28,2129.35,2103.71,440000000.0,4646000000.0,98.23,0.048981
395091,801231.ZICN,801231,上海申银万国证券研究所有限公司,申万综合Ⅱ,XSHG,2007-07-23,2103.71,2111.09,2097.75,2231.35,2201.29,562000000.0,5833000000.0,97.58,0.046385
395335,801231.ZICN,801231,上海申银万国证券研究所有限公司,申万综合Ⅱ,XSHG,2007-07-24,2201.29,2238.75,2178.8,2312.87,2225.18,619000000.0,7359000000.0,23.89,0.010853
395579,801231.ZICN,801231,上海申银万国证券研究所有限公司,申万综合Ⅱ,XSHG,2007-07-25,2225.18,2226.92,2206.18,2301.52,2270.97,420000000.0,4595000000.0,45.79,0.020578
395823,801231.ZICN,801231,上海申银万国证券研究所有限公司,申万综合Ⅱ,XSHG,2007-07-26,2270.97,2294.32,2255.85,2403.07,2365.39,522000000.0,6066000000.0,94.42,0.041576999999999996
396067,801231.ZICN,801231,上海申银万国证券研究所有限公司,申万综合Ⅱ,XSHG,2007-07-27,2365.39,2364.34,2312.46,2472.96,2438.16,587000000.0,7051000000.0,72.77,0.030764
396311,801231.ZICN,801231,上海申银万国证券研究所有限公司,申万综合Ⅱ,XSHG,2007-07-30,2438.16,2450.7,2413.29,2555.31,2488.32,593000000.0,7533000000.0,50.16,0.020572999999999998
396555,801231.ZICN,801231,上海申银万国证券研究所有限公司,申万综合Ⅱ,XSHG,2007-07-31,2488.32,2478.7,2404.98,2544.43,2491.31,528000000.0,6067000000.0,2.99,0.001202
396799,801231.ZICN,801231,上海申银万国证券研究所有限公司,申万综合Ⅱ,XSHG,2007-08-01,2491.31,2511.59,2352.88,2572.93,2390.13,648000000.0,7817000000.0,-101.18,-0.040612999999999996
397043,801231.ZICN,801231,上海申银万国证券研究所有限公司,申万综合Ⅱ,XSHG,2007-08-02,2390.13,2399.38,2357.96,2510.7,2481.06,593000000.0,7225000000.0,90.93,0.038044
397287,801231.ZICN,801231,上海申银万国证券研究所有限公司,申万综合Ⅱ,XSHG,2007-08-03,2481.06,2499.18,2418.65,2561.91,2514.33,613000000.0,8207000000.0,33.27,0.01341
397531,801231.ZICN,801231,上海申银万国证券研究所有限公司,申万综合Ⅱ,XSHG,2007-08-06,2514.33,2526.42,2452.72,2586.87,2528.61,498000000.0,6505000000.0,14.28,0.005679
397775,801231.ZICN,801231,上海申银万国证券研究所有限公司,申万综合Ⅱ,XSHG,2007-08-07,2528.61,2528.76,2434.42,2618.33,2549.41,527000000.0,7753000000.0,20.8,0.008226
398019,801231.ZICN,801231,上海申银万国证券研究所有限公司,申万综合Ⅱ,XSHG,2007-08-08,2549.41,2476.64,2370.12,2559.85,2482.17,431000000.0,5174000000.0,-67.24,-0.026375
398263,801231.ZICN,801231,上海申银万国证券研究所有限公司,申万综合Ⅱ,XSHG,2007-08-09,2482.17,2431.85,2389.86,2537.01,2498.9,334000000.0,4044000000.0,16.73,0.00674
398507,801231.ZICN,801231,上海申银万国证券研究所有限公司,申万综合Ⅱ,XSHG,2007-08-10,2498.9,2448.45,2306.22,2513.88,2419.82,376000000.0,4534000000.0,-79.08,-0.031646
398751,801231.ZICN,801231,上海申银万国证券研究所有限公司,申万综合Ⅱ,XSHG,2007-08-13,2419.82,2367.24,2281.34,2472.36,2415.26,348000000.0,3940000000.0,-4.56,-0.001884
398995,801231.ZICN,801231,上海申银万国证券研究所有限公司,申万综合Ⅱ,XSHG,2007-08-14,2415.26,2373.93,2340.55,2497.32,2468.74,387000000.0,4315000000.0,53.48,0.022143
399239,801231.ZICN,801231,上海申银万国证券研究所有限公司,申万综合Ⅱ,XSHG,2007-08-15,2468.74,2425.15,2310.95,2492.31,2426.44,328000000.0,3729000000.0,-42.3,-0.017134
399483,801231.ZICN,801231,上海申银万国证券研究所有限公司,申万综合Ⅱ,XSHG,2007-08-16,2426.44,2368.59,2308.25,2474.71,2436.95,342000000.0,3614000000.0,10.51,0.004331000000000001
399727,801231.ZICN,801231,上海申银万国证券研究所有限公司,申万综合Ⅱ,XSHG,2007-08-17,2436.95,2388.61,2340.97,2485.36,2431.25,365000000.0,3714000000.0,-5.7,-0.002339
399971,801231.ZICN,801231,上海申银万国证券研究所有限公司,申万综合Ⅱ,XSHG,2007-08-20,2431.25,2419.38,2387.35,2532.48,2511.85,458000000.0,4975000000.0,80.6,0.033152
400215,801231.ZICN,801231,上海申银万国证券研究所有限公司,申万综合Ⅱ,XSHG,2007-08-21,2511.85,2482.31,2426.72,2581.07,2524.08,540000000.0,5726000000.0,12.23,0.004869
400459,801231.ZICN,801231,上海申银万国证券研究所有限公司,申万综合Ⅱ,XSHG,2007-08-22,2524.08,2443.77,2404.88,2556.77,2523.49,498000000.0,5303000000.0,-0.59,-0.000234
400703,801231.ZICN,801231,上海申银万国证券研究所有限公司,申万综合Ⅱ,XSHG,2007-08-23,2523.49,2486.76,2434.73,2584.32,2551.39,500000000.0,5516000000.0,27.9,0.011056
400947,801231.ZICN,801231,上海申银万国证券研究所有限公司,申万综合Ⅱ,XSHG,2007-08-24,2551.39,2512.43,2451.32,2611.73,2562.76,553000000.0,6286000000.0,11.37,0.004456
401191,801231.ZICN,801231,上海申银万国证券研究所有限公司,申万综合Ⅱ,XSHG,2007-08-27,2562.76,2529.91,2441.78,2620.74,2531.67,474000000.0,5386000000.0,-31.09,-0.012131
401435,801231.ZICN,801231,上海申银万国证券研究所有限公司,申万综合Ⅱ,XSHG,2007-08-28,2531.67,2472.46,2412.38,2571.84,2524.97,461000000.0,4940000000.0,-6.7,-0.002646
401679,801231.ZICN,801231,上海申银万国证券研究所有限公司,申万综合Ⅱ,XSHG,2007-08-29,2524.97,2468.92,2401.73,2561.16,2503.02,490000000.0,5103000000.0,-21.95,-0.008693000000000001
401923,801231.ZICN,801231,上海申银万国证券研究所有限公司,申万综合Ⅱ,XSHG,2007-08-30,2503.02,2461.99,2433.12,2603.34,2580.14,560000000.0,6001000000.0,77.12,0.030811
402167,801231.ZICN,801231,上海申银万国证券研究所有限公司,申万综合Ⅱ,XSHG,2007-08-31,2580.14,2569.2,2497.82,2658.99,2590.27,569000000.0,6292000000.0,10.13,0.003926
402411,801231.ZICN,801231,上海申银万国证券研究所有限公司,申万综合Ⅱ,XSHG,2007-09-03,2590.27,2560.9,2528.01,2694.75,2653.67,662000000.0,7493000000.0,63.4,0.024475999999999998
402655,801231.ZICN,801231,上海申银万国证券研究所有限公司,申万综合Ⅱ,XSHG,2007-09-04,2653.67,2613.2,2527.12,2693.19,2621.6,577000000.0,6241000000.0,-32.07,-0.012085
402899,801231.ZICN,801231,上海申银万国证券研究所有限公司,申万综合Ⅱ,XSHG,2007-09-05,2621.6,2578.28,2501.27,2673.0,2618.51,468000000.0,5329000000.0,-3.09,-0.001179
403143,801231.ZICN,801231,上海申银万国证券研究所有限公司,申万综合Ⅱ,XSHG,2007-09-06,2618.51,2582.72,2534.16,2673.18,2631.7,480000000.0,5404000000.0,13.19,0.005037
403387,801231.ZICN,801231,上海申银万国证券研究所有限公司,申万综合Ⅱ,XSHG,2007-09-07,2631.7,2577.88,2502.09,2684.43,2605.95,581000000.0,6754000000.0,-25.75,-0.009785
403631,801231.ZICN,801231,上海申银万国证券研究所有限公司,申万综合Ⅱ,XSHG,2007-09-10,2605.95,2537.04,2481.37,2682.33,2657.78,580000000.0,6313000000.0,51.83,0.019888999999999997
403875,801231.ZICN,801231,上海申银万国证券研究所有限公司,申万综合Ⅱ,XSHG,2007-09-11,2657.78,2609.29,2434.12,2695.13,2513.37,531000000.0,5842000000.0,-144.41,-0.054335
404119,801231.ZICN,801231,上海申银万国证券研究所有限公司,申万综合Ⅱ,XSHG,2007-09-12,2513.37,2450.89,2360.83,2564.52,2504.94,443000000.0,4736000000.0,-8.43,-0.0033539999999999998
404363,801231.ZICN,801231,上海申银万国证券研究所有限公司,申万综合Ⅱ,XSHG,2007-09-13,2504.94,2563.87,2419.28,2614.72,2477.93,363000000.0,4904000000.0,-27.01,-0.010783
404607,801231.ZICN,801231,上海申银万国证券研究所有限公司,申万综合Ⅱ,XSHG,2007-09-14,2477.93,2438.17,2393.78,2482.11,2448.62,316000000.0,3704000000.0,-29.31,-0.011828
404851,801231.ZICN,801231,上海申银万国证券研究所有限公司,申万综合Ⅱ,XSHG,2007-09-17,2448.62,2403.16,2382.12,2557.84,2498.43,521000000.0,7238000000.0,49.81,0.020342
405095,801231.ZICN,801231,上海申银万国证券研究所有限公司,申万综合Ⅱ,XSHG,2007-09-18,2498.43,2503.21,2427.81,2555.91,2500.27,487000000.0,6199000000.0,1.84,0.000736
405339,801231.ZICN,801231,上海申银万国证券研究所有限公司,申万综合Ⅱ,XSHG,2007-09-19,2500.27,2505.26,2417.69,2552.57,2467.24,417000000.0,5169000000.0,-33.03,-0.013211
405583,801231.ZICN,801231,上海申银万国证券研究所有限公司,申万综合Ⅱ,XSHG,2007-09-20,2467.24,2469.84,2420.57,2563.44,2496.72,463000000.0,6382000000.0,29.48,0.011949
405827,801231.ZICN,801231,上海申银万国证券研究所有限公司,申万综合Ⅱ,XSHG,2007-09-21,2496.72,2491.05,2377.24,2526.0,2453.02,397000000.0,4991000000.0,-43.7,-0.017503
406071,801231.ZICN,801231,上海申银万国证券研究所有限公司,申万综合Ⅱ,XSHG,2007-09-24,2453.02,2467.71,2399.73,2529.42,2475.39,424000000.0,5122000000.0,22.37,0.009119
406315,801231.ZICN,801231,上海申银万国证券研究所有限公司,申万综合Ⅱ,XSHG,2007-09-25,2475.39,2474.81,2409.26,2545.61,2472.18,366000000.0,4656000000.0,-3.21,-0.001297
406559,801231.ZICN,801231,上海申银万国证券研究所有限公司,申万综合Ⅱ,XSHG,2007-09-26,2472.18,2476.61,2385.35,2526.85,2418.08,263000000.0,3492000000.0,-54.1,-0.021884
406803,801231.ZICN,801231,上海申银万国证券研究所有限公司,申万综合Ⅱ,XSHG,2007-09-27,2418.08,2428.94,2384.27,2473.76,2422.19,233000000.0,2748000000.0,4.11,0.0017
407047,801231.ZICN,801231,上海申银万国证券研究所有限公司,申万综合Ⅱ,XSHG,2007-09-28,2422.19,2441.59,2422.98,2513.08,2471.22,351000000.0,4457000000.0,49.03,0.020242
407291,801231.ZICN,801231,上海申银万国证券研究所有限公司,申万综合Ⅱ,XSHG,2007-10-08,2471.22,2520.53,2449.12,2562.18,2493.66,436000000.0,5452000000.0,22.44,0.009081
407535,801231.ZICN,801231,上海申银万国证券研究所有限公司,申万综合Ⅱ,XSHG,2007-10-09,2493.66,2492.81,2437.77,2563.73,2524.35,412000000.0,5033000000.0,30.69,0.012306999999999998
407779,801231.ZICN,801231,上海申银万国证券研究所有限公司,申万综合Ⅱ,XSHG,2007-10-10,2524.35,2536.23,2447.44,2575.28,2472.79,392000000.0,4963000000.0,-51.56,-0.020425
408023,801231.ZICN,801231,上海申银万国证券研究所有限公司,申万综合Ⅱ,XSHG,2007-10-11,2472.79,2471.56,2378.16,2503.84,2401.46,396000000.0,4767000000.0,-71.33,-0.028845999999999997
408268,801231.ZICN,801231,上海申银万国证券研究所有限公司,申万综合Ⅱ,XSHG,2007-10-12,2401.46,2400.32,2201.33,2435.47,2301.38,539000000.0,6227000000.0,-100.08,-0.041675
408514,801231.ZICN,801231,上海申银万国证券研究所有限公司,申万综合Ⅱ,XSHG,2007-10-15,2301.38,2305.06,2203.08,2374.24,2300.71,390000000.0,4959000000.0,-0.67,-0.000291
408760,801231.ZICN,801231,上海申银万国证券研究所有限公司,申万综合Ⅱ,XSHG,2007-10-16,2300.71,2297.21,2240.64,2362.43,2319.58,269000000.0,3320000000.0,18.87,0.008202
409006,801231.ZICN,801231,上海申银万国证券研究所有限公司,申万综合Ⅱ,XSHG,2007-10-17,2319.58,2326.07,2255.11,2359.66,2302.0,274000000.0,3346000000.0,-17.58,-0.007579000000000001
409252,801231.ZICN,801231,上海申银万国证券研究所有限公司,申万综合Ⅱ,XSHG,2007-10-18,2302.0,2302.41,2226.94,2344.18,2270.47,283000000.0,3276000000.0,-31.53,-0.013696999999999999
409498,801231.ZICN,801231,上海申银万国证券研究所有限公司,申万综合Ⅱ,XSHG,2007-10-19,2270.47,2281.02,2234.25,2339.5,2266.26,219000000.0,2617000000.0,-4.21,-0.001854
409744,801231.ZICN,801231,上海申银万国证券研究所有限公司,申万综合Ⅱ,XSHG,2007-10-22,2266.26,2245.61,2152.05,2282.6,2180.55,214000000.0,2455000000.0,-85.71,-0.03782
409990,801231.ZICN,801231,上海申银万国证券研究所有限公司,申万综合Ⅱ,XSHG,2007-10-23,2180.55,2173.73,2081.43,2230.97,2158.57,222000000.0,2575000000.0,-21.98,-0.01008
410236,801231.ZICN,801231,上海申银万国证券研究所有限公司,申万综合Ⅱ,XSHG,2007-10-24,2158.57,2162.87,2097.1,2206.59,2117.11,199000000.0,2245000000.0,-41.46,-0.019207
410482,801231.ZICN,801231,上海申银万国证券研究所有限公司,申万综合Ⅱ,XSHG,2007-10-25,2117.11,2096.64,1930.91,2113.43,1966.86,291000000.0,3124000000.0,-150.25,-0.070969
410728,801231.ZICN,801231,上海申银万国证券研究所有限公司,申万综合Ⅱ,XSHG,2007-10-26,1966.86,1936.69,1897.49,2021.86,1977.05,209000000.0,2150000000.0,10.19,0.005181
410974,801231.ZICN,801231,上海申银万国证券研究所有限公司,申万综合Ⅱ,XSHG,2007-10-29,1977.05,1979.02,1895.91,2024.54,1972.79,184000000.0,2024000000.0,-4.26,-0.0021550000000000002
411220,801231.ZICN,801231,上海申银万国证券研究所有限公司,申万综合Ⅱ,XSHG,2007-10-30,1972.79,1975.43,1921.22,2031.69,2011.99,190000000.0,2028000000.0,39.2,0.01987
411466,801231.ZICN,801231,上海申银万国证券研究所有限公司,申万综合Ⅱ,XSHG,2007-10-31,2011.99,2018.65,1990.92,2132.59,2109.87,245000000.0,2894000000.0,97.88,0.048648000000000004
411712,801231.ZICN,801231,上海申银万国证券研究所有限公司,申万综合Ⅱ,XSHG,2007-11-01,2109.87,2117.37,2019.44,2142.74,2042.77,217000000.0,2483000000.0,-67.1,-0.031803
411959,801231.ZICN,801231,上海申银万国证券研究所有限公司,申万综合Ⅱ,XSHG,2007-11-02,2042.77,2006.18,1954.18,2063.45,2008.39,199000000.0,2130000000.0,-34.38,-0.01683
412206,801231.ZICN,801231,上海申银万国证券研究所有限公司,申万综合Ⅱ,XSHG,2007-11-05,2008.39,2004.39,1956.86,2081.24,2036.73,171000000.0,1793000000.0,28.34,0.014111000000000002
412453,801231.ZICN,801231,上海申银万国证券研究所有限公司,申万综合Ⅱ,XSHG,2007-11-06,2036.73,2034.16,2007.82,2089.33,2047.83,135000000.0,1373000000.0,11.1,0.00545
412700,801231.ZICN,801231,上海申银万国证券研究所有限公司,申万综合Ⅱ,XSHG,2007-11-07,2047.83,2060.18,1991.05,2094.01,2040.86,158000000.0,1612000000.0,-6.97,-0.003404
412947,801231.ZICN,801231,上海申银万国证券研究所有限公司,申万综合Ⅱ,XSHG,2007-11-08,2040.86,2033.57,1938.45,2059.57,1949.71,173000000.0,1692000000.0,-91.15,-0.044663
413194,801231.ZICN,801231,上海申银万国证券研究所有限公司,申万综合Ⅱ,XSHG,2007-11-09,1949.71,1933.92,1866.62,1982.59,1914.57,166000000.0,1674000000.0,-35.14,-0.018022999999999997
413441,801231.ZICN,801231,上海申银万国证券研究所有限公司,申万综合Ⅱ,XSHG,2007-11-12,1914.57,1883.98,1812.39,1922.99,1875.16,169000000.0,1661000000.0,-39.41,-0.020584
413688,801231.ZICN,801231,上海申银万国证券研究所有限公司,申万综合Ⅱ,XSHG,2007-11-13,1875.16,1897.65,1855.06,1934.67,1886.49,143000000.0,1387000000.0,11.33,0.0060420000000000005
413935,801231.ZICN,801231,上海申银万国证券研究所有限公司,申万综合Ⅱ,XSHG,2007-11-14,1886.49,1905.74,1882.63,1973.4,1962.41,175000000.0,1850000000.0,75.92,0.040244
414182,801231.ZICN,801231,上海申银万国证券研究所有限公司,申万综合Ⅱ,XSHG,2007-11-15,1962.41,1955.83,1910.01,1991.12,1931.9,169000000.0,1866000000.0,-30.51,-0.015547
414429,801231.ZICN,801231,上海申银万国证券研究所有限公司,申万综合Ⅱ,XSHG,2007-11-16,1931.9,1914.31,1879.78,1958.99,1939.1,157000000.0,1592000000.0,7.2,0.0037270000000000003
414676,801231.ZICN,801231,上海申银万国证券研究所有限公司,申万综合Ⅱ,XSHG,2007-11-19,1939.1,1948.03,1928.83,2014.34,1988.01,220000000.0,2192000000.0,48.91,0.025223
414923,801231.ZICN,801231,上海申银万国证券研究所有限公司,申万综合Ⅱ,XSHG,2007-11-20,1988.01,1990.22,1953.61,2046.51,2001.94,195000000.0,2150000000.0,13.93,0.007006999999999999
415170,801231.ZICN,801231,上海申银万国证券研究所有限公司,申万综合Ⅱ,XSHG,2007-11-21,2001.94,1999.12,1948.29,2043.33,1970.85,196000000.0,2048000000.0,-31.09,-0.01553
415417,801231.ZICN,801231,上海申银万国证券研究所有限公司,申万综合Ⅱ,XSHG,2007-11-22,1970.85,1942.73,1861.37,1974.3,1881.38,177000000.0,1804000000.0,-89.47,-0.045397
415664,801231.ZICN,801231,上海申银万国证券研究所有限公司,申万综合Ⅱ,XSHG,2007-11-23,1881.38,1868.65,1833.86,1931.18,1918.85,118000000.0,1286000000.0,37.47,0.019916
415911,801231.ZICN,801231,上海申银万国证券研究所有限公司,申万综合Ⅱ,XSHG,2007-11-26,1918.85,1941.67,1889.88,1978.78,1909.36,143000000.0,1633000000.0,-9.49,-0.004946
416158,801231.ZICN,801231,上海申银万国证券研究所有限公司,申万综合Ⅱ,XSHG,2007-11-27,1909.36,1900.57,1877.31,1959.59,1923.59,118000000.0,1446000000.0,14.23,0.007453
416405,801231.ZICN,801231,上海申银万国证券研究所有限公司,申万综合Ⅱ,XSHG,2007-11-28,1923.59,1930.95,1871.57,1963.68,1894.71,144000000.0,1560000000.0,-28.88,-0.015013999999999998
416652,801231.ZICN,801231,上海申银万国证券研究所有限公司,申万综合Ⅱ,XSHG,2007-11-29,1894.71,1915.01,1862.52,1956.59,1935.02,186000000.0,1928000000.0,40.31,0.021275
416899,801231.ZICN,801231,上海申银万国证券研究所有限公司,申万综合Ⅱ,XSHG,2007-11-30,1935.02,1929.53,1881.03,1958.88,1901.52,162000000.0,1652000000.0,-33.5,-0.017312
417146,801231.ZICN,801231,上海申银万国证券研究所有限公司,申万综合Ⅱ,XSHG,2007-12-03,1901.52,1890.12,1862.56,1954.67,1929.05,141000000.0,1686000000.0,27.53,0.014478
417393,801231.ZICN,801231,上海申银万国证券研究所有限公司,申万综合Ⅱ,XSHG,2007-12-04,1929.05,1929.09,1903.75,1968.11,1939.97,143000000.0,1588000000.0,10.92,0.005661
417640,801231.ZICN,801231,上海申银万国证券研究所有限公司,申万综合Ⅱ,XSHG,2007-12-05,1939.97,1935.83,1915.26,1985.06,1963.95,182000000.0,2033000000.0,23.98,0.012361
417887,801231.ZICN,801231,上海申银万国证券研究所有限公司,申万综合Ⅱ,XSHG,2007-12-06,1963.95,1967.29,1937.9,2013.56,1993.03,175000000.0,2132000000.0,29.08,0.014806999999999999
418134,801231.ZICN,801231,上海申银万国证券研究所有限公司,申万综合Ⅱ,XSHG,2007-12-07,1993.03,1995.15,1979.13,2056.88,2032.7,217000000.0,2698000000.0,39.67,0.019903999999999998
418381,801231.ZICN,801231,上海申银万国证券研究所有限公司,申万综合Ⅱ,XSHG,2007-12-10,2032.7,1997.81,1982.11,2103.05,2084.67,265000000.0,3267000000.0,51.97,0.025567
418628,801231.ZICN,801231,上海申银万国证券研究所有限公司,申万综合Ⅱ,XSHG,2007-12-11,2084.67,2081.01,2044.1,2135.27,2093.31,298000000.0,3778000000.0,8.64,0.004145
418875,801231.ZICN,801231,上海申银万国证券研究所有限公司,申万综合Ⅱ,XSHG,2007-12-12,2093.31,2099.0,2056.23,2158.43,2107.05,308000000.0,4040000000.0,13.74,0.006564
419122,801231.ZICN,801231,上海申银万国证券研究所有限公司,申万综合Ⅱ,XSHG,2007-12-13,2107.05,2101.61,2012.85,2143.63,2029.35,268000000.0,3118000000.0,-77.7,-0.036876
419369,801231.ZICN,801231,上海申银万国证券研究所有限公司,申万综合Ⅱ,XSHG,2007-12-14,2029.35,2008.68,1974.7,2088.78,2077.14,211000000.0,2768000000.0,47.79,0.023549
419616,801231.ZICN,801231,上海申银万国证券研究所有限公司,申万综合Ⅱ,XSHG,2007-12-17,2077.14,2078.71,2029.37,2126.97,2059.63,231000000.0,3218000000.0,-17.51,-0.00843
419863,801231.ZICN,801231,上海申银万国证券研究所有限公司,申万综合Ⅱ,XSHG,2007-12-18,2059.63,2050.8,2022.73,2094.92,2057.03,160000000.0,2085000000.0,-2.6,-0.0012619999999999999
420110,801231.ZICN,801231,上海申银万国证券研究所有限公司,申万综合Ⅱ,XSHG,2007-12-19,2057.03,2068.67,2058.97,2148.35,2117.14,240000000.0,3063000000.0,60.11,0.029222
420357,801231.ZICN,801231,上海申银万国证券研究所有限公司,申万综合Ⅱ,XSHG,2007-12-20,2117.14,2121.74,2100.54,2168.76,2140.0,258000000.0,3023000000.0,22.86,0.010798
420604,801231.ZICN,801231,上海申银万国证券研究所有限公司,申万综合Ⅱ,XSHG,2007-12-21,2140.0,2123.35,2104.54,2185.86,2159.42,259000000.0,3191000000.0,19.42,0.009075
420851,801231.ZICN,801231,上海申银万国证券研究所有限公司,申万综合Ⅱ,XSHG,2007-12-24,2159.42,2172.23,2152.66,2235.89,2201.47,342000000.0,4172000000.0,42.05,0.019472999999999997
421098,801231.ZICN,801231,上海申银万国证券研究所有限公司,申万综合Ⅱ,XSHG,2007-12-25,2201.47,2207.47,2165.88,2246.07,2209.87,303000000.0,3684000000.0,8.4,0.0038159999999999995
421345,801231.ZICN,801231,上海申银万国证券研究所有限公司,申万综合Ⅱ,XSHG,2007-12-26,2209.87,2210.67,2195.0,2288.87,2266.65,334000000.0,4131000000.0,56.78,0.025693999999999998
421592,801231.ZICN,801231,上海申银万国证券研究所有限公司,申万综合Ⅱ,XSHG,2007-12-27,2266.65,2261.55,2243.43,2327.87,2288.44,351000000.0,4119000000.0,21.79,0.009613
421839,801231.ZICN,801231,上海申银万国证券研究所有限公司,申万综合Ⅱ,XSHG,2007-12-28,2288.44,2291.44,2241.94,2342.52,2284.05,295000000.0,3742000000.0,-4.39,-0.001918
422086,801231.ZICN,801231,上海申银万国证券研究所有限公司,申万综合Ⅱ,XSHG,2008-01-02,2284.05,2294.57,2270.54,2377.73,2354.61,307000000.0,4135000000.0,70.56,0.030892000000000003
422340,801231.ZICN,801231,上海申银万国证券研究所有限公司,申万综合Ⅱ,XSHG,2008-01-03,2354.61,2369.05,2326.55,2426.34,2395.31,352000000.0,4546000000.0,40.7,0.017285
422594,801231.ZICN,801231,上海申银万国证券研究所有限公司,申万综合Ⅱ,XSHG,2008-01-04,2395.31,2403.7,2361.16,2450.52,2410.9,325000000.0,3659000000.0,15.59,0.006509
422848,801231.ZICN,801231,上海申银万国证券研究所有限公司,申万综合Ⅱ,XSHG,2008-01-07,2410.9,2426.26,2398.76,2499.85,2465.67,379000000.0,5040000000.0,54.77,0.022718000000000002
423102,801231.ZICN,801231,上海申银万国证券研究所有限公司,申万综合Ⅱ,XSHG,2008-01-08,2465.67,2461.25,2366.08,2516.01,2410.03,399000000.0,5438000000.0,-55.64,-0.022566
423356,801231.ZICN,801231,上海申银万国证券研究所有限公司,申万综合Ⅱ,XSHG,2008-01-09,2410.03,2394.0,2371.18,2477.79,2461.3,326000000.0,3862000000.0,51.27,0.021274
423610,801231.ZICN,801231,上海申银万国证券研究所有限公司,申万综合Ⅱ,XSHG,2008-01-10,2461.3,2481.13,2453.66,2559.08,2496.71,405000000.0,4955000000.0,35.41,0.014387
423864,801231.ZICN,801231,上海申银万国证券研究所有限公司,申万综合Ⅱ,XSHG,2008-01-11,2496.71,2500.54,2436.56,2564.28,2510.25,399000000.0,4876000000.0,13.54,0.005423
424118,801231.ZICN,801231,上海申银万国证券研究所有限公司,申万综合Ⅱ,XSHG,2008-01-14,2510.25,2520.5,2472.93,2578.9,2543.51,398000000.0,4959000000.0,33.26,0.01325
424372,801231.ZICN,801231,上海申银万国证券研究所有限公司,申万综合Ⅱ,XSHG,2008-01-15,2543.51,2546.42,2498.83,2589.29,2549.98,365000000.0,4399000000.0,6.47,0.0025440000000000003
424626,801231.ZICN,801231,上海申银万国证券研究所有限公司,申万综合Ⅱ,XSHG,2008-01-16,2549.98,2533.28,2449.49,2574.01,2492.72,417000000.0,5281000000.0,-57.26,-0.022455000000000003
424880,801231.ZICN,801231,上海申银万国证券研究所有限公司,申万综合Ⅱ,XSHG,2008-01-17,2492.72,2472.89,2319.72,2536.85,2405.35,397000000.0,4946000000.0,-87.37,-0.03505
425134,801231.ZICN,801231,上海申银万国证券研究所有限公司,申万综合Ⅱ,XSHG,2008-01-18,2405.35,2403.4,2355.22,2471.32,2429.98,316000000.0,3804000000.0,24.63,0.01024
425388,801231.ZICN,801231,上海申银万国证券研究所有限公司,申万综合Ⅱ,XSHG,2008-01-21,2429.98,2443.05,2297.57,2479.57,2325.91,403000000.0,4738000000.0,-104.07,-0.042828
425642,801231.ZICN,801231,上海申银万国证券研究所有限公司,申万综合Ⅱ,XSHG,2008-01-22,2325.91,2263.33,2112.68,2291.69,2127.86,477000000.0,5184000000.0,-198.05,-0.085149
425896,801231.ZICN,801231,上海申银万国证券研究所有限公司,申万综合Ⅱ,XSHG,2008-01-23,2127.86,2111.1,2058.07,2236.01,2213.68,518000000.0,5650000000.0,85.82,0.040332
426150,801231.ZICN,801231,上海申银万国证券研究所有限公司,申万综合Ⅱ,XSHG,2008-01-24,2213.68,2234.58,2170.88,2310.42,2268.75,488000000.0,5700000000.0,55.07,0.024877
426404,801231.ZICN,801231,上海申银万国证券研究所有限公司,申万综合Ⅱ,XSHG,2008-01-25,2268.75,2276.83,2219.15,2359.27,2291.95,588000000.0,6724000000.0,23.2,0.010226
426658,801231.ZICN,801231,上海申银万国证券研究所有限公司,申万综合Ⅱ,XSHG,2008-01-28,2291.95,2288.27,2096.34,2314.35,2120.99,434000000.0,4817000000.0,-170.96,-0.07459199999999999
426912,801231.ZICN,801231,上海申银万国证券研究所有限公司,申万综合Ⅱ,XSHG,2008-01-29,2120.99,2127.45,2088.77,2209.5,2165.82,335000000.0,3751000000.0,44.83,0.021136000000000002
427166,801231.ZICN,801231,上海申银万国证券研究所有限公司,申万综合Ⅱ,XSHG,2008-01-30,2165.82,2180.6,2092.32,2230.55,2159.47,316000000.0,3444000000.0,-6.35,-0.002932
427420,801231.ZICN,801231,上海申银万国证券研究所有限公司,申万综合Ⅱ,XSHG,2008-01-31,2159.47,2157.2,2078.46,2202.97,2103.0,230000000.0,2731000000.0,-56.47,-0.02615
427674,801231.ZICN,801231,上海申银万国证券研究所有限公司,申万综合Ⅱ,XSHG,2008-02-01,2103.0,2106.39,1932.35,2137.3,2004.42,261000000.0,2725000000.0,-98.58,-0.046876
427928,801231.ZICN,801231,上海申银万国证券研究所有限公司,申万综合Ⅱ,XSHG,2008-02-04,2004.42,2060.77,2041.18,2175.27,2167.86,250000000.0,2788000000.0,163.44,0.08154
428182,801231.ZICN,801231,上海申银万国证券研究所有限公司,申万综合Ⅱ,XSHG,2008-02-05,2167.86,2164.28,2115.46,2238.18,2196.87,270000000.0,3291000000.0,29.01,0.013382
428436,801231.ZICN,801231,上海申银万国证券研究所有限公司,申万综合Ⅱ,XSHG,2008-02-13,2196.87,2170.86,2134.35,2233.56,2177.51,211000000.0,2681000000.0,-19.36,-0.008813
428690,801231.ZICN,801231,上海申银万国证券研究所有限公司,申万综合Ⅱ,XSHG,2008-02-14,2177.51,2189.65,2174.3,2245.96,2218.82,185000000.0,2173000000.0,41.31,0.018971000000000002
428944,801231.ZICN,801231,上海申银万国证券研究所有限公司,申万综合Ⅱ,XSHG,2008-02-15,2218.82,2207.28,2131.44,2231.54,2190.57,217000000.0,2486000000.0,-28.25,-0.012731999999999999
429198,801231.ZICN,801231,上海申银万国证券研究所有限公司,申万综合Ⅱ,XSHG,2008-02-18,2190.57,2211.47,2188.26,2285.3,2247.7,302000000.0,3682000000.0,57.13,0.026080000000000002
429452,801231.ZICN,801231,上海申银万国证券研究所有限公司,申万综合Ⅱ,XSHG,2008-02-19,2247.7,2251.81,2220.81,2332.47,2312.64,321000000.0,4055000000.0,64.94,0.028892
429706,801231.ZICN,801231,上海申银万国证券研究所有限公司,申万综合Ⅱ,XSHG,2008-02-20,2312.64,2310.27,2252.78,2359.57,2289.62,354000000.0,4157000000.0,-23.02,-0.009954000000000001
429960,801231.ZICN,801231,上海申银万国证券研究所有限公司,申万综合Ⅱ,XSHG,2008-02-21,2289.62,2255.0,2217.55,2342.02,2303.98,436000000.0,5366000000.0,14.36,0.006272
430214,801231.ZICN,801231,上海申银万国证券研究所有限公司,申万综合Ⅱ,XSHG,2008-02-22,2303.98,2286.55,2201.4,2341.09,2268.89,412000000.0,4785000000.0,-35.09,-0.01523
430468,801231.ZICN,801231,上海申银万国证券研究所有限公司,申万综合Ⅱ,XSHG,2008-02-25,2268.89,2262.39,2144.95,2306.75,2177.02,329000000.0,3815000000.0,-91.87,-0.040491
430722,801231.ZICN,801231,上海申银万国证券研究所有限公司,申万综合Ⅱ,XSHG,2008-02-26,2177.02,2225.5,2110.36,2266.3,2194.87,302000000.0,3421000000.0,17.85,0.008199
430976,801231.ZICN,801231,上海申银万国证券研究所有限公司,申万综合Ⅱ,XSHG,2008-02-27,2194.87,2207.5,2176.18,2282.42,2251.28,315000000.0,3792000000.0,56.41,0.025700999999999998
431230,801231.ZICN,801231,上海申银万国证券研究所有限公司,申万综合Ⅱ,XSHG,2008-02-28,2251.28,2256.53,2212.37,2314.02,2266.79,407000000.0,4735000000.0,15.51,0.006889
431484,801231.ZICN,801231,上海申银万国证券研究所有限公司,申万综合Ⅱ,XSHG,2008-02-29,2266.79,2268.18,2245.91,2330.17,2299.91,417000000.0,5044000000.0,33.12,0.014611
431736,801231.ZICN,801231,上海申银万国证券研究所有限公司,申万综合Ⅱ,XSHG,2008-03-03,2299.91,2296.86,2253.72,2404.4,2383.14,523000000.0,6742000000.0,83.23,0.036188
431988,801231.ZICN,801231,上海申银万国证券研究所有限公司,申万综合Ⅱ,XSHG,2008-03-04,2383.14,2389.3,2328.23,2443.66,2361.4,554000000.0,7140000000.0,-21.74,-0.009122
432242,801231.ZICN,801231,上海申银万国证券研究所有限公司,申万综合Ⅱ,XSHG,2008-03-05,2361.4,2348.45,2284.62,2425.33,2387.81,444000000.0,5759000000.0,26.41,0.011184
432496,801231.ZICN,801231,上海申银万国证券研究所有限公司,申万综合Ⅱ,XSHG,2008-03-06,2387.81,2391.96,2335.1,2470.39,2386.48,477000000.0,6636000000.0,-1.33,-0.000557
432750,801231.ZICN,801231,上海申银万国证券研究所有限公司,申万综合Ⅱ,XSHG,2008-03-07,2386.48,2370.61,2292.48,2397.65,2322.66,323000000.0,4224000000.0,-63.82,-0.026742000000000002
433004,801231.ZICN,801231,上海申银万国证券研究所有限公司,申万综合Ⅱ,XSHG,2008-03-10,2322.66,2305.26,2214.34,2330.16,2247.84,230000000.0,2879000000.0,-74.82,-0.032213
433258,801231.ZICN,801231,上海申银万国证券研究所有限公司,申万综合Ⅱ,XSHG,2008-03-11,2247.84,2227.36,2175.02,2302.47,2282.22,253000000.0,3570000000.0,34.38,0.015295
433512,801231.ZICN,801231,上海申银万国证券研究所有限公司,申万综合Ⅱ,XSHG,2008-03-12,2282.22,2319.01,2207.8,2348.75,2225.55,278000000.0,3635000000.0,-56.67,-0.024831
433766,801231.ZICN,801231,上海申银万国证券研究所有限公司,申万综合Ⅱ,XSHG,2008-03-13,2225.55,2215.72,2101.76,2252.21,2148.08,259000000.0,2955000000.0,-77.47,-0.034809
434020,801231.ZICN,801231,上海申银万国证券研究所有限公司,申万综合Ⅱ,XSHG,2008-03-14,2148.08,2119.8,2069.79,2182.87,2122.67,200000000.0,2751000000.0,-25.41,-0.011829000000000001
434274,801231.ZICN,801231,上海申银万国证券研究所有限公司,申万综合Ⅱ,XSHG,2008-03-17,2122.67,2112.19,1944.02,2138.11,1955.9,247000000.0,2928000000.0,-166.77,-0.078566
434528,801231.ZICN,801231,上海申银万国证券研究所有限公司,申万综合Ⅱ,XSHG,2008-03-18,1955.9,1917.18,1780.44,1969.0,1804.86,280000000.0,2873000000.0,-151.04,-0.077223
434782,801231.ZICN,801231,上海申银万国证券研究所有限公司,申万综合Ⅱ,XSHG,2008-03-19,1804.86,1850.78,1810.61,1934.71,1895.4,334000000.0,3809000000.0,90.54,0.050164999999999994
435036,801231.ZICN,801231,上海申银万国证券研究所有限公司,申万综合Ⅱ,XSHG,2008-03-20,1895.4,1867.92,1792.25,2026.93,2002.32,410000000.0,5076000000.0,106.92,0.05641
435290,801231.ZICN,801231,上海申银万国证券研究所有限公司,申万综合Ⅱ,XSHG,2008-03-21,2002.32,2005.08,1968.41,2086.93,2035.44,354000000.0,4886000000.0,33.12,0.016541
435544,801231.ZICN,801231,上海申银万国证券研究所有限公司,申万综合Ⅱ,XSHG,2008-03-24,2035.44,2073.9,1974.94,2120.54,2002.98,348000000.0,4617000000.0,-32.46,-0.015947
435798,801231.ZICN,801231,上海申银万国证券研究所有限公司,申万综合Ⅱ,XSHG,2008-03-25,2002.98,1957.68,1908.35,2062.7,2030.76,305000000.0,3944000000.0,27.78,0.013869
436052,801231.ZICN,801231,上海申银万国证券研究所有限公司,申万综合Ⅱ,XSHG,2008-03-26,2030.76,2042.75,1982.46,2084.81,2009.05,253000000.0,3146000000.0,-21.71,-0.010690999999999999
436306,801231.ZICN,801231,上海申银万国证券研究所有限公司,申万综合Ⅱ,XSHG,2008-03-27,2009.05,1968.24,1868.43,2001.08,1885.21,266000000.0,3094000000.0,-123.84,-0.061640999999999994
436560,801231.ZICN,801231,上海申银万国证券研究所有限公司,申万综合Ⅱ,XSHG,2008-03-28,1885.21,1855.28,1796.96,1969.93,1947.6,268000000.0,3308000000.0,62.39,0.033094
436814,801231.ZICN,801231,上海申银万国证券研究所有限公司,申万综合Ⅱ,XSHG,2008-03-31,1947.6,1885.78,1827.78,1945.87,1854.07,208000000.0,2552000000.0,-93.53,-0.048023
437068,801231.ZICN,801231,上海申银万国证券研究所有限公司,申万综合Ⅱ,XSHG,2008-04-01,1854.07,1844.99,1696.14,1886.54,1714.88,245000000.0,2642000000.0,-139.19,-0.075073
437322,801231.ZICN,801231,上海申银万国证券研究所有限公司,申万综合Ⅱ,XSHG,2008-04-02,1714.88,1721.54,1586.36,1753.94,1613.62,240000000.0,2465000000.0,-101.26,-0.059048
437576,801231.ZICN,801231,上海申银万国证券研究所有限公司,申万综合Ⅱ,XSHG,2008-04-03,1613.62,1584.86,1525.66,1679.65,1641.93,235000000.0,2310000000.0,28.31,0.017544
437830,801231.ZICN,801231,上海申银万国证券研究所有限公司,申万综合Ⅱ,XSHG,2008-04-07,1641.93,1616.4,1587.47,1748.24,1727.1,263000000.0,2518000000.0,85.17,0.051872
438084,801231.ZICN,801231,上海申银万国证券研究所有限公司,申万综合Ⅱ,XSHG,2008-04-08,1727.1,1724.87,1694.95,1816.15,1775.25,308000000.0,3230000000.0,48.15,0.027879
438338,801231.ZICN,801231,上海申银万国证券研究所有限公司,申万综合Ⅱ,XSHG,2008-04-09,1775.25,1755.34,1644.57,1802.23,1655.63,273000000.0,2962000000.0,-119.62,-0.06738200000000001
438592,801231.ZICN,801231,上海申银万国证券研究所有限公司,申万综合Ⅱ,XSHG,2008-04-10,1655.63,1630.14,1597.86,1724.26,1710.41,231000000.0,2453000000.0,54.78,0.033087
438846,801231.ZICN,801231,上海申银万国证券研究所有限公司,申万综合Ⅱ,XSHG,2008-04-11,1710.41,1717.32,1691.28,1779.27,1750.41,243000000.0,3007000000.0,40.0,0.023386
439100,801231.ZICN,801231,上海申银万国证券研究所有限公司,申万综合Ⅱ,XSHG,2008-04-14,1750.41,1709.88,1611.97,1736.82,1633.81,245000000.0,2755000000.0,-116.6,-0.066613
439354,801231.ZICN,801231,上海申银万国证券研究所有限公司,申万综合Ⅱ,XSHG,2008-04-15,1633.81,1624.4,1583.79,1702.89,1686.41,249000000.0,2897000000.0,52.6,0.032195
439608,801231.ZICN,801231,上海申银万国证券研究所有限公司,申万综合Ⅱ,XSHG,2008-04-16,1686.41,1681.76,1610.61,1710.33,1641.22,217000000.0,2453000000.0,-45.19,-0.026797
439862,801231.ZICN,801231,上海申银万国证券研究所有限公司,申万综合Ⅱ,XSHG,2008-04-17,1641.22,1636.87,1552.0,1682.38,1590.57,221000000.0,2445000000.0,-50.65,-0.030861000000000003
440116,801231.ZICN,801231,上海申银万国证券研究所有限公司,申万综合Ⅱ,XSHG,2008-04-18,1590.57,1566.95,1489.14,1599.63,1505.76,205000000.0,2073000000.0,-84.81,-0.053321
440370,801231.ZICN,801231,上海申银万国证券研究所有限公司,申万综合Ⅱ,XSHG,2008-04-21,1505.76,1606.22,1473.66,1623.37,1498.49,259000000.0,2881000000.0,-7.27,-0.004828
440624,801231.ZICN,801231,上海申银万国证券研究所有限公司,申万综合Ⅱ,XSHG,2008-04-22,1498.49,1460.37,1379.23,1492.31,1464.94,198000000.0,1966000000.0,-33.55,-0.022389
440878,801231.ZICN,801231,上海申银万国证券研究所有限公司,申万综合Ⅱ,XSHG,2008-04-23,1464.94,1452.53,1413.73,1543.23,1521.45,258000000.0,2483000000.0,56.51,0.038575
441132,801231.ZICN,801231,上海申银万国证券研究所有限公司,申万综合Ⅱ,XSHG,2008-04-24,1521.45,1649.22,1589.16,1659.82,1657.84,505000000.0,5171000000.0,136.39,0.089645
441386,801231.ZICN,801231,上海申银万国证券研究所有限公司,申万综合Ⅱ,XSHG,2008-04-25,1657.84,1661.14,1625.83,1752.39,1687.3,502000000.0,5733000000.0,29.46,0.017769999999999998
441640,801231.ZICN,801231,上海申银万国证券研究所有限公司,申万综合Ⅱ,XSHG,2008-04-28,1687.3,1667.73,1626.87,1740.65,1688.85,326000000.0,3724000000.0,1.55,0.000919
441894,801231.ZICN,801231,上海申银万国证券研究所有限公司,申万综合Ⅱ,XSHG,2008-04-29,1688.85,1687.79,1649.55,1740.2,1710.62,322000000.0,3929000000.0,21.77,0.01289
442148,801231.ZICN,801231,上海申银万国证券研究所有限公司,申万综合Ⅱ,XSHG,2008-04-30,1710.62,1723.38,1697.9,1795.47,1770.78,411000000.0,4809000000.0,60.16,0.035169
442402,801231.ZICN,801231,上海申银万国证券研究所有限公司,申万综合Ⅱ,XSHG,2008-05-05,1770.78,1792.62,1745.0,1842.61,1819.73,393000000.0,4681000000.0,48.95,0.027643
442656,801231.ZICN,801231,上海申银万国证券研究所有限公司,申万综合Ⅱ,XSHG,2008-05-06,1819.73,1806.76,1762.36,1883.45,1831.41,513000000.0,6064000000.0,11.68,0.006418999999999999
442910,801231.ZICN,801231,上海申银万国证券研究所有限公司,申万综合Ⅱ,XSHG,2008-05-07,1831.41,1821.44,1730.41,1861.37,1747.72,432000000.0,5051000000.0,-83.69,-0.045697
443164,801231.ZICN,801231,上海申银万国证券研究所有限公司,申万综合Ⅱ,XSHG,2008-05-08,1747.72,1737.93,1707.79,1816.77,1791.36,408000000.0,4539000000.0,43.64,0.02497
443418,801231.ZICN,801231,上海申银万国证券研究所有限公司,申万综合Ⅱ,XSHG,2008-05-09,1791.36,1801.68,1716.04,1839.53,1772.02,376000000.0,4575000000.0,-19.34,-0.010796
443668,801231.ZICN,801231,上海申银万国证券研究所有限公司,申万综合Ⅱ,XSHG,2008-05-12,1772.02,1745.22,1695.07,1831.81,1798.4,351000000.0,4239000000.0,26.38,0.014887000000000001
443918,801231.ZICN,801231,上海申银万国证券研究所有限公司,申万综合Ⅱ,XSHG,2008-05-13,1798.4,1729.42,1699.51,1818.42,1763.22,426000000.0,4826000000.0,-35.18,-0.019562
444168,801231.ZICN,801231,上海申银万国证券研究所有限公司,申万综合Ⅱ,XSHG,2008-05-14,1763.22,1761.46,1745.06,1843.38,1819.64,352000000.0,3860000000.0,56.42,0.031998
444418,801231.ZICN,801231,上海申银万国证券研究所有限公司,申万综合Ⅱ,XSHG,2008-05-15,1819.64,1828.5,1784.76,1869.59,1802.29,351000000.0,3906000000.0,-17.35,-0.009535
444672,801231.ZICN,801231,上海申银万国证券研究所有限公司,申万综合Ⅱ,XSHG,2008-05-16,1802.29,1806.85,1744.59,1844.38,1783.96,277000000.0,3353000000.0,-18.33,-0.01017
444926,801231.ZICN,801231,上海申银万国证券研究所有限公司,申万综合Ⅱ,XSHG,2008-05-19,1783.96,1772.72,1729.9,1812.66,1780.96,205000000.0,2342000000.0,-3.0,-0.0016820000000000001
445180,801231.ZICN,801231,上海申银万国证券研究所有限公司,申万综合Ⅱ,XSHG,2008-05-20,1780.96,1779.33,1653.11,1820.11,1674.36,273000000.0,3045000000.0,-106.6,-0.059855
445434,801231.ZICN,801231,上海申银万国证券研究所有限公司,申万综合Ⅱ,XSHG,2008-05-21,1674.36,1652.88,1599.86,1742.06,1713.86,287000000.0,3248000000.0,39.5,0.023591
445688,801231.ZICN,801231,上海申银万国证券研究所有限公司,申万综合Ⅱ,XSHG,2008-05-22,1713.86,1698.29,1659.95,1759.46,1702.81,318000000.0,3720000000.0,-11.05,-0.006447
445942,801231.ZICN,801231,上海申银万国证券研究所有限公司,申万综合Ⅱ,XSHG,2008-05-23,1702.81,1690.03,1631.68,1737.54,1688.2,268000000.0,2915000000.0,-14.61,-0.008579999999999999
446196,801231.ZICN,801231,上海申银万国证券研究所有限公司,申万综合Ⅱ,XSHG,2008-05-26,1688.2,1668.64,1604.7,1703.82,1625.9,234000000.0,2573000000.0,-62.3,-0.036903
446450,801231.ZICN,801231,上海申银万国证券研究所有限公司,申万综合Ⅱ,XSHG,2008-05-27,1625.9,1616.14,1591.43,1665.15,1641.3,172000000.0,1898000000.0,15.4,0.009472
446704,801231.ZICN,801231,上海申银万国证券研究所有限公司,申万综合Ⅱ,XSHG,2008-05-28,1641.3,1645.28,1617.82,1714.76,1694.67,219000000.0,2467000000.0,53.37,0.032517000000000004
446958,801231.ZICN,801231,上海申银万国证券研究所有限公司,申万综合Ⅱ,XSHG,2008-05-29,1694.67,1686.91,1623.59,1712.62,1640.49,201000000.0,2286000000.0,-54.18,-0.031971
447212,801231.ZICN,801231,上海申银万国证券研究所有限公司,申万综合Ⅱ,XSHG,2008-05-30,1640.49,1643.22,1609.12,1691.79,1663.23,215000000.0,2407000000.0,22.74,0.013862000000000001
447466,801231.ZICN,801231,上海申银万国证券研究所有限公司,申万综合Ⅱ,XSHG,2008-06-02,1663.23,1655.96,1626.94,1691.53,1666.77,205000000.0,2169000000.0,3.54,0.002128
447726,801231.ZICN,801231,上海申银万国证券研究所有限公司,申万综合Ⅱ,XSHG,2008-06-03,1666.77,1661.27,1622.71,1700.92,1667.35,203000000.0,2534000000.0,0.58,0.000348
447986,801231.ZICN,801231,上海申银万国证券研究所有限公司,申万综合Ⅱ,XSHG,2008-06-04,1667.35,1657.78,1603.01,1684.4,1638.33,210000000.0,2165000000.0,-29.02,-0.017405
448246,801231.ZICN,801231,上海申银万国证券研究所有限公司,申万综合Ⅱ,XSHG,2008-06-05,1638.33,1628.73,1594.32,1661.53,1623.1,164000000.0,1630000000.0,-15.23,-0.009295999999999999
448508,801231.ZICN,801231,上海申银万国证券研究所有限公司,申万综合Ⅱ,XSHG,2008-06-06,1623.1,1624.2,1588.31,1655.12,1615.63,148000000.0,1447000000.0,-7.47,-0.004602
448770,801231.ZICN,801231,上海申银万国证券研究所有限公司,申万综合Ⅱ,XSHG,2008-06-10,1615.63,1556.11,1482.18,1583.77,1492.44,162000000.0,1648000000.0,-123.19,-0.076249
449032,801231.ZICN,801231,上海申银万国证券研究所有限公司,申万综合Ⅱ,XSHG,2008-06-11,1492.44,1435.78,1381.23,1473.22,1425.79,182000000.0,1687000000.0,-66.65,-0.044657999999999996
449294,801231.ZICN,801231,上海申银万国证券研究所有限公司,申万综合Ⅱ,XSHG,2008-06-12,1425.79,1401.89,1345.77,1444.3,1385.76,201000000.0,1863000000.0,-40.03,-0.028076
449556,801231.ZICN,801231,上海申银万国证券研究所有限公司,申万综合Ⅱ,XSHG,2008-06-13,1385.76,1389.88,1303.26,1415.78,1318.53,193000000.0,1767000000.0,-67.23,-0.048514999999999996
449818,801231.ZICN,801231,上海申银万国证券研究所有限公司,申万综合Ⅱ,XSHG,2008-06-16,1318.53,1314.63,1247.26,1345.65,1283.08,160000000.0,1434000000.0,-35.45,-0.026886
450080,801231.ZICN,801231,上海申银万国证券研究所有限公司,申万综合Ⅱ,XSHG,2008-06-17,1283.08,1279.64,1178.47,1302.53,1190.14,199000000.0,1629000000.0,-92.94,-0.072435
450342,801231.ZICN,801231,上海申银万国证券研究所有限公司,申万综合Ⅱ,XSHG,2008-06-18,1190.14,1173.78,1125.39,1269.34,1253.82,328000000.0,2537000000.0,63.68,0.053506
450604,801231.ZICN,801231,上海申银万国证券研究所有限公司,申万综合Ⅱ,XSHG,2008-06-19,1253.82,1237.23,1148.76,1263.45,1156.08,280000000.0,2633000000.0,-97.74,-0.077954
450866,801231.ZICN,801231,上海申银万国证券研究所有限公司,申万综合Ⅱ,XSHG,2008-06-20,1156.08,1163.09,1099.15,1234.64,1186.02,320000000.0,2896000000.0,29.94,0.025898
451128,801231.ZICN,801231,上海申银万国证券研究所有限公司,申万综合Ⅱ,XSHG,2008-06-23,1186.02,1165.46,1130.87,1208.05,1167.35,192000000.0,2030000000.0,-18.67,-0.015742
451390,801231.ZICN,801231,上海申银万国证券研究所有限公司,申万综合Ⅱ,XSHG,2008-06-24,1167.35,1159.64,1145.63,1232.3,1217.33,197000000.0,1932000000.0,49.98,0.042815
451652,801231.ZICN,801231,上海申银万国证券研究所有限公司,申万综合Ⅱ,XSHG,2008-06-25,1217.33,1224.67,1204.35,1304.75,1295.73,281000000.0,2569000000.0,78.4,0.064403
451914,801231.ZICN,801231,上海申银万国证券研究所有限公司,申万综合Ⅱ,XSHG,2008-06-26,1295.73,1293.0,1265.29,1341.91,1306.52,327000000.0,3078000000.0,10.79,0.008327
452176,801231.ZICN,801231,上海申银万国证券研究所有限公司,申万综合Ⅱ,XSHG,2008-06-27,1306.52,1253.88,1185.72,1276.59,1201.54,278000000.0,2447000000.0,-104.98,-0.080351
452438,801231.ZICN,801231,上海申银万国证券研究所有限公司,申万综合Ⅱ,XSHG,2008-06-30,1201.54,1196.38,1166.18,1247.64,1220.74,167000000.0,1934000000.0,19.2,0.015979
452700,801231.ZICN,801231,上海申银万国证券研究所有限公司,申万综合Ⅱ,XSHG,2008-07-01,1220.74,1223.76,1171.73,1244.25,1192.15,171000000.0,1938000000.0,-28.59,-0.02342
452962,801231.ZICN,801231,上海申银万国证券研究所有限公司,申万综合Ⅱ,XSHG,2008-07-02,1192.15,1193.56,1172.34,1236.76,1208.09,167000000.0,1517000000.0,15.94,0.013371000000000001
453224,801231.ZICN,801231,上海申银万国证券研究所有限公司,申万综合Ⅱ,XSHG,2008-07-03,1208.09,1187.96,1162.47,1288.2,1267.47,313000000.0,2971000000.0,59.38,0.049152
453486,801231.ZICN,801231,上海申银万国证券研究所有限公司,申万综合Ⅱ,XSHG,2008-07-04,1267.47,1257.14,1231.58,1307.3,1267.86,281000000.0,2806000000.0,0.39,0.000308
453748,801231.ZICN,801231,上海申银万国证券研究所有限公司,申万综合Ⅱ,XSHG,2008-07-07,1267.86,1269.03,1255.41,1349.42,1318.61,311000000.0,3168000000.0,50.75,0.040027999999999994
454010,801231.ZICN,801231,上海申银万国证券研究所有限公司,申万综合Ⅱ,XSHG,2008-07-08,1318.61,1321.65,1281.42,1361.69,1340.23,355000000.0,3401000000.0,21.62,0.016396
454272,801231.ZICN,801231,上海申银万国证券研究所有限公司,申万综合Ⅱ,XSHG,2008-07-09,1340.23,1344.46,1325.92,1404.45,1386.41,439000000.0,3819000000.0,46.18,0.034457
454534,801231.ZICN,801231,上海申银万国证券研究所有限公司,申万综合Ⅱ,XSHG,2008-07-10,1386.41,1371.3,1342.31,1432.11,1372.54,428000000.0,3730000000.0,-13.87,-0.010004
454796,801231.ZICN,801231,上海申银万国证券研究所有限公司,申万综合Ⅱ,XSHG,2008-07-11,1372.54,1368.0,1322.47,1407.16,1364.56,371000000.0,3339000000.0,-7.98,-0.005814
455058,801231.ZICN,801231,上海申银万国证券研究所有限公司,申万综合Ⅱ,XSHG,2008-07-14,1364.56,1353.09,1336.79,1413.52,1393.65,336000000.0,2948000000.0,29.09,0.021318
455320,801231.ZICN,801231,上海申银万国证券研究所有限公司,申万综合Ⅱ,XSHG,2008-07-15,1393.65,1393.8,1322.0,1420.52,1351.03,356000000.0,3378000000.0,-42.62,-0.030581999999999998
455582,801231.ZICN,801231,上海申银万国证券研究所有限公司,申万综合Ⅱ,XSHG,2008-07-16,1351.03,1333.23,1245.45,1354.54,1271.35,290000000.0,2566000000.0,-79.68,-0.058977
455844,801231.ZICN,801231,上海申银万国证券研究所有限公司,申万综合Ⅱ,XSHG,2008-07-17,1271.35,1288.59,1225.53,1319.17,1238.67,261000000.0,2577000000.0,-32.68,-0.025705000000000002
456106,801231.ZICN,801231,上海申银万国证券研究所有限公司,申万综合Ⅱ,XSHG,2008-07-18,1238.67,1244.47,1200.39,1297.63,1284.68,259000000.0,2465000000.0,46.01,0.037145
456368,801231.ZICN,801231,上海申银万国证券研究所有限公司,申万综合Ⅱ,XSHG,2008-07-21,1284.68,1279.5,1259.13,1364.17,1350.86,308000000.0,2780000000.0,66.18,0.051515
456630,801231.ZICN,801231,上海申银万国证券研究所有限公司,申万综合Ⅱ,XSHG,2008-07-22,1350.86,1348.91,1328.02,1395.91,1350.84,323000000.0,3045000000.0,-0.02,-1.4999999999999999e-05
456892,801231.ZICN,801231,上海申银万国证券研究所有限公司,申万综合Ⅱ,XSHG,2008-07-23,1350.84,1355.77,1320.57,1382.79,1342.72,287000000.0,2485000000.0,-8.12,-0.006011
457154,801231.ZICN,801231,上海申银万国证券研究所有限公司,申万综合Ⅱ,XSHG,2008-07-24,1342.72,1351.25,1338.21,1398.3,1381.06,355000000.0,2912000000.0,38.34,0.028554000000000003
457416,801231.ZICN,801231,上海申银万国证券研究所有限公司,申万综合Ⅱ,XSHG,2008-07-25,1381.06,1360.95,1337.7,1391.49,1361.69,295000000.0,2474000000.0,-19.37,-0.014025
457678,801231.ZICN,801231,上海申银万国证券研究所有限公司,申万综合Ⅱ,XSHG,2008-07-28,1361.69,1370.78,1350.42,1414.8,1387.24,328000000.0,2680000000.0,25.55,0.018763
457940,801231.ZICN,801231,上海申银万国证券研究所有限公司,申万综合Ⅱ,XSHG,2008-07-29,1387.24,1372.89,1322.3,1399.82,1352.3,335000000.0,2908000000.0,-34.94,-0.025187
458202,801231.ZICN,801231,上海申银万国证券研究所有限公司,申万综合Ⅱ,XSHG,2008-07-30,1352.3,1371.26,1323.14,1389.24,1346.26,235000000.0,1986000000.0,-6.04,-0.0044659999999999995
458464,801231.ZICN,801231,上海申银万国证券研究所有限公司,申万综合Ⅱ,XSHG,2008-07-31,1346.26,1355.51,1299.48,1374.0,1313.64,195000000.0,1370000000.0,-32.62,-0.02423
458726,801231.ZICN,801231,上海申银万国证券研究所有限公司,申万综合Ⅱ,XSHG,2008-08-01,1313.64,1298.03,1259.92,1357.99,1334.71,220000000.0,2113000000.0,21.07,0.016038999999999998
458988,801231.ZICN,801231,上海申银万国证券研究所有限公司,申万综合Ⅱ,XSHG,2008-08-04,1334.71,1323.67,1282.56,1352.42,1298.44,181000000.0,1526000000.0,-36.27,-0.027174
459250,801231.ZICN,801231,上海申银万国证券研究所有限公司,申万综合Ⅱ,XSHG,2008-08-05,1298.44,1295.83,1233.29,1318.0,1248.95,182000000.0,1467000000.0,-49.49,-0.038114999999999996
459512,801231.ZICN,801231,上海申银万国证券研究所有限公司,申万综合Ⅱ,XSHG,2008-08-06,1248.95,1259.28,1213.05,1289.51,1255.19,169000000.0,1422000000.0,6.24,0.0049960000000000004
459774,801231.ZICN,801231,上海申银万国证券研究所有限公司,申万综合Ⅱ,XSHG,2008-08-07,1255.19,1256.59,1224.58,1289.72,1273.95,213000000.0,1713000000.0,18.76,0.014946000000000001
460036,801231.ZICN,801231,上海申银万国证券研究所有限公司,申万综合Ⅱ,XSHG,2008-08-08,1273.95,1276.85,1162.89,1292.23,1173.06,240000000.0,1898000000.0,-100.89,-0.079195
460298,801231.ZICN,801231,上海申银万国证券研究所有限公司,申万综合Ⅱ,XSHG,2008-08-11,1173.06,1156.86,1073.55,1180.35,1089.58,261000000.0,1737000000.0,-83.48,-0.071164
460560,801231.ZICN,801231,上海申银万国证券研究所有限公司,申万综合Ⅱ,XSHG,2008-08-12,1089.58,1065.54,1030.45,1091.23,1060.53,202000000.0,1267000000.0,-29.05,-0.026662
460822,801231.ZICN,801231,上海申银万国证券研究所有限公司,申万综合Ⅱ,XSHG,2008-08-13,1060.53,1036.14,991.09,1061.33,1039.44,230000000.0,1566000000.0,-21.09,-0.019886
461084,801231.ZICN,801231,上海申银万国证券研究所有限公司,申万综合Ⅱ,XSHG,2008-08-14,1039.44,1033.19,1007.78,1069.73,1043.04,217000000.0,1607000000.0,3.6,0.0034630000000000004
461346,801231.ZICN,801231,上海申银万国证券研究所有限公司,申万综合Ⅱ,XSHG,2008-08-15,1043.04,1034.14,1012.93,1067.65,1038.76,206000000.0,1538000000.0,-4.28,-0.004103
461608,801231.ZICN,801231,上海申银万国证券研究所有限公司,申万综合Ⅱ,XSHG,2008-08-18,1038.76,1041.21,951.6,1054.22,958.85,205000000.0,1352000000.0,-79.91,-0.076928
461870,801231.ZICN,801231,上海申银万国证券研究所有限公司,申万综合Ⅱ,XSHG,2008-08-19,958.85,936.9,920.05,982.44,968.17,197000000.0,1290000000.0,9.32,0.00972
462132,801231.ZICN,801231,上海申银万国证券研究所有限公司,申万综合Ⅱ,XSHG,2008-08-20,968.17,959.14,940.84,1051.92,1045.09,327000000.0,2147000000.0,76.92,0.079449
462394,801231.ZICN,801231,上海申银万国证券研究所有限公司,申万综合Ⅱ,XSHG,2008-08-21,1045.09,1025.3,995.91,1069.44,1022.57,328000000.0,2152000000.0,-22.52,-0.021547999999999998
462656,801231.ZICN,801231,上海申银万国证券研究所有限公司,申万综合Ⅱ,XSHG,2008-08-22,1022.57,1006.77,966.91,1043.87,1012.5,305000000.0,2058000000.0,-10.07,-0.009848
462918,801231.ZICN,801231,上海申银万国证券研究所有限公司,申万综合Ⅱ,XSHG,2008-08-25,1012.5,1010.5,980.79,1039.03,1002.05,210000000.0,1379000000.0,-10.45,-0.010320999999999999
463180,801231.ZICN,801231,上海申银万国证券研究所有限公司,申万综合Ⅱ,XSHG,2008-08-26,1002.05,987.28,928.66,1006.5,954.9,252000000.0,1552000000.0,-47.15,-0.047054
463442,801231.ZICN,801231,上海申银万国证券研究所有限公司,申万综合Ⅱ,XSHG,2008-08-27,954.9,941.43,919.03,982.17,956.05,244000000.0,1520000000.0,1.15,0.001204
463704,801231.ZICN,801231,上海申银万国证券研究所有限公司,申万综合Ⅱ,XSHG,2008-08-28,956.05,952.79,934.18,977.78,952.94,176000000.0,1070000000.0,-3.11,-0.0032530000000000002
463966,801231.ZICN,801231,上海申银万国证券研究所有限公司,申万综合Ⅱ,XSHG,2008-08-29,952.94,960.82,944.1,1000.75,979.62,202000000.0,1090000000.0,26.68,0.027998000000000002
464228,801231.ZICN,801231,上海申银万国证券研究所有限公司,申万综合Ⅱ,XSHG,2008-09-01,979.62,971.86,938.55,988.64,955.29,210000000.0,1261000000.0,-24.33,-0.024836
464490,801231.ZICN,801231,上海申银万国证券研究所有限公司,申万综合Ⅱ,XSHG,2008-09-02,955.29,947.21,927.04,981.6,964.76,204000000.0,1126000000.0,9.47,0.009913
464752,801231.ZICN,801231,上海申银万国证券研究所有限公司,申万综合Ⅱ,XSHG,2008-09-03,964.76,960.53,932.61,992.96,965.05,279000000.0,1576000000.0,0.29,0.000301
465014,801231.ZICN,801231,上海申银万国证券研究所有限公司,申万综合Ⅱ,XSHG,2008-09-04,965.05,955.97,941.54,987.09,969.2,193000000.0,1053000000.0,4.15,0.0043
465276,801231.ZICN,801231,上海申银万国证券研究所有限公司,申万综合Ⅱ,XSHG,2008-09-05,969.2,942.02,914.71,967.11,930.88,242000000.0,1405000000.0,-38.32,-0.039538
465538,801231.ZICN,801231,上海申银万国证券研究所有限公司,申万综合Ⅱ,XSHG,2008-09-08,930.88,925.61,872.73,945.19,890.08,255000000.0,1439000000.0,-40.8,-0.043829
465800,801231.ZICN,801231,上海申银万国证券研究所有限公司,申万综合Ⅱ,XSHG,2008-09-09,890.08,893.54,872.81,918.36,896.26,220000000.0,1190000000.0,6.18,0.006943
466062,801231.ZICN,801231,上海申银万国证券研究所有限公司,申万综合Ⅱ,XSHG,2008-09-10,896.26,888.21,871.46,932.68,906.34,259000000.0,1461000000.0,10.08,0.011247
466324,801231.ZICN,801231,上海申银万国证券研究所有限公司,申万综合Ⅱ,XSHG,2008-09-11,906.34,898.59,871.66,915.26,884.98,196000000.0,1046000000.0,-21.36,-0.023566999999999998
466586,801231.ZICN,801231,上海申银万国证券研究所有限公司,申万综合Ⅱ,XSHG,2008-09-12,884.98,882.51,866.96,905.18,879.26,172000000.0,882000000.0,-5.72,-0.006462999999999999
466848,801231.ZICN,801231,上海申银万国证券研究所有限公司,申万综合Ⅱ,XSHG,2008-09-16,879.26,874.55,831.97,889.04,847.99,235000000.0,1171000000.0,-31.27,-0.035564
467110,801231.ZICN,801231,上海申银万国证券研究所有限公司,申万综合Ⅱ,XSHG,2008-09-17,847.99,848.32,800.96,866.17,820.27,209000000.0,1030000000.0,-27.72,-0.032688999999999996
467372,801231.ZICN,801231,上海申银万国证券研究所有限公司,申万综合Ⅱ,XSHG,2008-09-18,820.27,796.05,747.87,819.53,792.85,286000000.0,1313000000.0,-27.42,-0.033428
467634,801231.ZICN,801231,上海申银万国证券研究所有限公司,申万综合Ⅱ,XSHG,2008-09-19,792.85,860.47,838.12,866.61,865.94,306000000.0,1542000000.0,73.09,0.092186
467896,801231.ZICN,801231,上海申银万国证券研究所有限公司,申万综合Ⅱ,XSHG,2008-09-22,865.94,916.9,865.37,943.86,907.61,552000000.0,2933000000.0,41.67,0.048121
468158,801231.ZICN,801231,上海申银万国证券研究所有限公司,申万综合Ⅱ,XSHG,2008-09-23,907.61,874.33,837.11,892.18,847.96,307000000.0,1575000000.0,-59.65,-0.065722
468420,801231.ZICN,801231,上海申银万国证券研究所有限公司,申万综合Ⅱ,XSHG,2008-09-24,847.96,827.03,810.8,873.0,868.7,280000000.0,1449000000.0,20.74,0.024459
468682,801231.ZICN,801231,上海申银万国证券研究所有限公司,申万综合Ⅱ,XSHG,2008-09-25,868.7,869.26,856.1,914.22,895.79,459000000.0,2479000000.0,27.09,0.031185
468944,801231.ZICN,801231,上海申银万国证券研究所有限公司,申万综合Ⅱ,XSHG,2008-09-26,895.79,900.13,870.05,927.1,905.3,434000000.0,2290000000.0,9.51,0.010616
469206,801231.ZICN,801231,上海申银万国证券研究所有限公司,申万综合Ⅱ,XSHG,2008-10-06,905.3,884.45,855.44,912.39,882.29,336000000.0,1734000000.0,-23.01,-0.025417
469468,801231.ZICN,801231,上海申银万国证券研究所有限公司,申万综合Ⅱ,XSHG,2008-10-07,882.29,845.97,830.53,894.51,876.56,269000000.0,1376000000.0,-5.73,-0.006494
469730,801231.ZICN,801231,上海申银万国证券研究所有限公司,申万综合Ⅱ,XSHG,2008-10-08,876.56,856.61,830.78,880.79,848.07,244000000.0,1254000000.0,-28.49,-0.032501999999999996
469992,801231.ZICN,801231,上海申银万国证券研究所有限公司,申万综合Ⅱ,XSHG,2008-10-09,848.07,863.75,829.75,876.77,842.69,240000000.0,1185000000.0,-5.38,-0.006344
470254,801231.ZICN,801231,上海申银万国证券研究所有限公司,申万综合Ⅱ,XSHG,2008-10-10,842.69,810.44,771.92,824.66,780.8,270000000.0,1208000000.0,-61.89,-0.073443
470516,801231.ZICN,801231,上海申银万国证券研究所有限公司,申万综合Ⅱ,XSHG,2008-10-13,780.8,766.28,731.59,803.12,797.76,236000000.0,1050000000.0,16.96,0.021721
470778,801231.ZICN,801231,上海申银万国证券研究所有限公司,申万综合Ⅱ,XSHG,2008-10-14,797.76,820.8,765.04,833.45,771.71,286000000.0,1336000000.0,-26.05,-0.032654
471040,801231.ZICN,801231,上海申银万国证券研究所有限公司,申万综合Ⅱ,XSHG,2008-10-15,771.71,762.48,743.34,785.22,767.71,183000000.0,815000000.0,-4.0,-0.005183
471302,801231.ZICN,801231,上海申银万国证券研究所有限公司,申万综合Ⅱ,XSHG,2008-10-16,767.71,735.25,711.34,754.37,719.95,223000000.0,916000000.0,-47.76,-0.062211
471564,801231.ZICN,801231,上海申银万国证券研究所有限公司,申万综合Ⅱ,XSHG,2008-10-17,719.95,729.0,707.85,744.74,726.16,154000000.0,634000000.0,6.21,0.008626
471826,801231.ZICN,801231,上海申银万国证券研究所有限公司,申万综合Ⅱ,XSHG,2008-10-20,726.16,727.18,710.18,762.61,755.25,196000000.0,853000000.0,29.09,0.040060000000000005
472088,801231.ZICN,801231,上海申银万国证券研究所有限公司,申万综合Ⅱ,XSHG,2008-10-21,755.25,757.16,740.53,776.05,750.96,248000000.0,1070000000.0,-4.29,-0.005679999999999999
472350,801231.ZICN,801231,上海申银万国证券研究所有限公司,申万综合Ⅱ,XSHG,2008-10-22,750.96,740.36,723.58,759.88,732.94,209000000.0,832000000.0,-18.02,-0.023996
472612,801231.ZICN,801231,上海申银万国证券研究所有限公司,申万综合Ⅱ,XSHG,2008-10-23,732.94,720.74,709.98,753.71,745.45,185000000.0,761000000.0,12.51,0.017068
472874,801231.ZICN,801231,上海申银万国证券研究所有限公司,申万综合Ⅱ,XSHG,2008-10-24,745.45,744.37,717.62,756.81,729.64,165000000.0,689000000.0,-15.81,-0.021209
473136,801231.ZICN,801231,上海申银万国证券研究所有限公司,申万综合Ⅱ,XSHG,2008-10-27,729.64,711.91,662.8,722.17,664.07,176000000.0,683000000.0,-65.57,-0.089866
473398,801231.ZICN,801231,上海申银万国证券研究所有限公司,申万综合Ⅱ,XSHG,2008-10-28,664.07,647.07,636.29,690.72,681.33,204000000.0,755000000.0,17.26,0.025991000000000004
473660,801231.ZICN,801231,上海申银万国证券研究所有限公司,申万综合Ⅱ,XSHG,2008-10-29,681.33,690.96,645.3,698.38,649.81,188000000.0,689000000.0,-31.52,-0.046262
473922,801231.ZICN,801231,上海申银万国证券研究所有限公司,申万综合Ⅱ,XSHG,2008-10-30,649.81,655.53,638.44,670.88,652.5,162000000.0,572000000.0,2.69,0.00414
474184,801231.ZICN,801231,上海申银万国证券研究所有限公司,申万综合Ⅱ,XSHG,2008-10-31,652.5,653.7,629.63,666.12,640.49,165000000.0,581000000.0,-12.01,-0.018406
474446,801231.ZICN,801231,上海申银万国证券研究所有限公司,申万综合Ⅱ,XSHG,2008-11-03,640.49,636.05,614.12,645.4,624.35,138000000.0,467000000.0,-16.14,-0.025199
474708,801231.ZICN,801231,上海申银万国证券研究所有限公司,申万综合Ⅱ,XSHG,2008-11-04,624.35,621.25,598.35,634.46,615.47,162000000.0,516000000.0,-8.88,-0.014223
474970,801231.ZICN,801231,上海申银万国证券研究所有限公司,申万综合Ⅱ,XSHG,2008-11-05,615.47,619.19,612.65,646.5,635.24,220000000.0,710000000.0,19.77,0.032122000000000005
475232,801231.ZICN,801231,上海申银万国证券研究所有限公司,申万综合Ⅱ,XSHG,2008-11-06,635.24,619.78,603.65,634.59,619.71,177000000.0,572000000.0,-15.53,-0.024447
475494,801231.ZICN,801231,上海申银万国证券研究所有限公司,申万综合Ⅱ,XSHG,2008-11-07,619.71,606.3,600.47,644.02,633.87,207000000.0,676000000.0,14.16,0.022849
475756,801231.ZICN,801231,上海申银万国证券研究所有限公司,申万综合Ⅱ,XSHG,2008-11-10,633.87,645.98,639.49,685.12,680.75,328000000.0,1157000000.0,46.88,0.07395800000000001
476018,801231.ZICN,801231,上海申银万国证券研究所有限公司,申万综合Ⅱ,XSHG,2008-11-11,680.75,678.38,664.23,701.49,674.55,365000000.0,1331000000.0,-6.2,-0.009108
476280,801231.ZICN,801231,上海申银万国证券研究所有限公司,申万综合Ⅱ,XSHG,2008-11-12,674.55,666.81,659.87,700.99,695.52,268000000.0,947000000.0,20.97,0.031087
476542,801231.ZICN,801231,上海申银万国证券研究所有限公司,申万综合Ⅱ,XSHG,2008-11-13,695.52,689.3,682.45,741.29,728.1,485000000.0,1811000000.0,32.58,0.046843
476804,801231.ZICN,801231,上海申银万国证券研究所有限公司,申万综合Ⅱ,XSHG,2008-11-14,728.1,736.05,720.18,766.25,760.15,535000000.0,2090000000.0,32.05,0.044019
477066,801231.ZICN,801231,上海申银万国证券研究所有限公司,申万综合Ⅱ,XSHG,2008-11-17,760.15,755.1,740.87,803.05,795.96,557000000.0,2244000000.0,35.81,0.047109
477328,801231.ZICN,801231,上海申银万国证券研究所有限公司,申万综合Ⅱ,XSHG,2008-11-18,795.96,792.65,730.12,816.7,738.64,663000000.0,2704000000.0,-57.32,-0.072014
477590,801231.ZICN,801231,上海申银万国证券研究所有限公司,申万综合Ⅱ,XSHG,2008-11-19,738.64,733.35,724.03,794.73,787.61,512000000.0,2077000000.0,48.97,0.066298
477852,801231.ZICN,801231,上海申银万国证券研究所有限公司,申万综合Ⅱ,XSHG,2008-11-20,787.61,775.17,760.18,821.3,795.95,569000000.0,2332000000.0,8.34,0.010589
478114,801231.ZICN,801231,上海申银万国证券研究所有限公司,申万综合Ⅱ,XSHG,2008-11-21,795.95,772.07,739.67,817.86,788.35,562000000.0,2339000000.0,-7.6,-0.009548000000000001
478376,801231.ZICN,801231,上海申银万国证券研究所有限公司,申万综合Ⅱ,XSHG,2008-11-24,788.35,785.85,737.76,799.41,744.54,348000000.0,1411000000.0,-43.81,-0.055572
478638,801231.ZICN,801231,上海申银万国证券研究所有限公司,申万综合Ⅱ,XSHG,2008-11-25,744.54,755.81,716.44,770.18,742.44,270000000.0,1047000000.0,-2.1,-0.002821
478900,801231.ZICN,801231,上海申银万国证券研究所有限公司,申万综合Ⅱ,XSHG,2008-11-26,742.44,741.59,726.61,761.12,742.63,222000000.0,847000000.0,0.19,0.000256
479162,801231.ZICN,801231,上海申银万国证券研究所有限公司,申万综合Ⅱ,XSHG,2008-11-27,742.63,794.85,746.88,802.52,752.45,494000000.0,1912000000.0,9.82,0.013222999999999999
479424,801231.ZICN,801231,上海申银万国证券研究所有限公司,申万综合Ⅱ,XSHG,2008-11-28,752.45,743.96,723.03,765.57,744.38,313000000.0,1225000000.0,-8.07,-0.010725
479686,801231.ZICN,801231,上海申银万国证券研究所有限公司,申万综合Ⅱ,XSHG,2008-12-01,744.38,742.69,730.47,787.66,782.4,396000000.0,1660000000.0,38.02,0.051075999999999996
479948,801231.ZICN,801231,上海申银万国证券研究所有限公司,申万综合Ⅱ,XSHG,2008-12-02,782.4,769.62,756.12,817.41,799.74,550000000.0,2508000000.0,17.34,0.022163
480210,801231.ZICN,801231,上海申银万国证券研究所有限公司,申万综合Ⅱ,XSHG,2008-12-03,799.74,803.82,793.83,841.98,831.1,629000000.0,2792000000.0,31.36,0.039213
480472,801231.ZICN,801231,上海申银万国证券研究所有限公司,申万综合Ⅱ,XSHG,2008-12-04,831.1,841.03,820.79,875.87,833.15,779000000.0,3515000000.0,2.05,0.002467
480734,801231.ZICN,801231,上海申银万国证券研究所有限公司,申万综合Ⅱ,XSHG,2008-12-05,833.15,828.18,821.2,872.61,862.19,546000000.0,2561000000.0,29.04,0.034856
480996,801231.ZICN,801231,上海申银万国证券研究所有限公司,申万综合Ⅱ,XSHG,2008-12-08,862.19,873.66,860.66,907.13,898.3,714000000.0,3403000000.0,36.11,0.041882
481258,801231.ZICN,801231,上海申银万国证券研究所有限公司,申万综合Ⅱ,XSHG,2008-12-09,898.3,902.01,867.51,924.51,882.5,717000000.0,3530000000.0,-15.8,-0.017588999999999997
481520,801231.ZICN,801231,上海申银万国证券研究所有限公司,申万综合Ⅱ,XSHG,2008-12-10,882.5,873.92,859.04,916.3,905.09,588000000.0,2771000000.0,22.59,0.025598
481782,801231.ZICN,801231,上海申银万国证券研究所有限公司,申万综合Ⅱ,XSHG,2008-12-11,905.09,903.8,866.37,921.99,876.33,569000000.0,2652000000.0,-28.76,-0.031776
482044,801231.ZICN,801231,上海申银万国证券研究所有限公司,申万综合Ⅱ,XSHG,2008-12-12,876.33,866.5,820.24,890.53,842.07,480000000.0,2156000000.0,-34.26,-0.039095
482306,801231.ZICN,801231,上海申银万国证券研究所有限公司,申万综合Ⅱ,XSHG,2008-12-15,842.07,856.93,831.52,884.9,863.33,447000000.0,2143000000.0,21.26,0.025247
482568,801231.ZICN,801231,上海申银万国证券研究所有限公司,申万综合Ⅱ,XSHG,2008-12-16,863.33,856.83,820.99,876.98,866.5,425000000.0,2086000000.0,3.17,0.003672
482830,801231.ZICN,801231,上海申银万国证券研究所有限公司,申万综合Ⅱ,XSHG,2008-12-17,866.5,868.13,856.55,906.72,884.47,480000000.0,2361000000.0,17.97,0.020738999999999997
483092,801231.ZICN,801231,上海申银万国证券研究所有限公司,申万综合Ⅱ,XSHG,2008-12-18,884.47,884.46,869.57,916.48,905.04,518000000.0,2365000000.0,20.57,0.023257
483354,801231.ZICN,801231,上海申银万国证券研究所有限公司,申万综合Ⅱ,XSHG,2008-12-19,905.04,902.54,888.39,925.65,903.77,498000000.0,2361000000.0,-1.27,-0.001403
483616,801231.ZICN,801231,上海申银万国证券研究所有限公司,申万综合Ⅱ,XSHG,2008-12-22,903.77,903.58,866.14,918.75,891.87,460000000.0,2209000000.0,-11.9,-0.013166999999999998
483878,801231.ZICN,801231,上海申银万国证券研究所有限公司,申万综合Ⅱ,XSHG,2008-12-23,891.87,896.02,831.01,909.8,838.27,533000000.0,2548000000.0,-53.6,-0.060098
484140,801231.ZICN,801231,上海申银万国证券研究所有限公司,申万综合Ⅱ,XSHG,2008-12-24,838.27,823.83,798.43,851.45,822.01,426000000.0,1960000000.0,-16.26,-0.019397
484402,801231.ZICN,801231,上海申银万国证券研究所有限公司,申万综合Ⅱ,XSHG,2008-12-25,822.01,822.89,794.6,846.01,819.57,389000000.0,1724000000.0,-2.44,-0.002968
484664,801231.ZICN,801231,上海申银万国证券研究所有限公司,申万综合Ⅱ,XSHG,2008-12-26,819.57,816.23,794.64,830.41,806.45,274000000.0,1212000000.0,-13.12,-0.016008
484926,801231.ZICN,801231,上海申银万国证券研究所有限公司,申万综合Ⅱ,XSHG,2008-12-29,806.45,806.14,774.61,820.38,805.68,255000000.0,1142000000.0,-0.77,-0.0009550000000000001
485188,801231.ZICN,801231,上海申银万国证券研究所有限公司,申万综合Ⅱ,XSHG,2008-12-30,805.68,803.67,780.64,822.56,798.2,250000000.0,1179000000.0,-7.48,-0.009284
485450,801231.ZICN,801231,上海申银万国证券研究所有限公司,申万综合Ⅱ,XSHG,2008-12-31,798.2,797.42,764.84,809.86,778.53,246000000.0,1179000000.0,-19.67,-0.024643
485712,801231.ZICN,801231,上海申银万国证券研究所有限公司,申万综合Ⅱ,XSHG,2009-01-05,778.53,787.71,774.67,811.25,806.01,251000000.0,1169000000.0,27.48,0.035297
485974,801231.ZICN,801231,上海申银万国证券研究所有限公司,申万综合Ⅱ,XSHG,2009-01-06,806.01,802.67,789.11,839.93,832.83,378000000.0,1759000000.0,26.82,0.033275
486236,801231.ZICN,801231,上海申银万国证券研究所有限公司,申万综合Ⅱ,XSHG,2009-01-07,832.83,830.46,812.61,853.48,836.13,386000000.0,1814000000.0,3.3,0.003961999999999999
486498,801231.ZICN,801231,上海申银万国证券研究所有限公司,申万综合Ⅱ,XSHG,2009-01-08,836.13,824.22,800.02,847.82,820.86,363000000.0,1768000000.0,-15.27,-0.018262999999999998
486760,801231.ZICN,801231,上海申银万国证券研究所有限公司,申万综合Ⅱ,XSHG,2009-01-09,820.86,819.1,805.89,845.21,835.18,278000000.0,1315000000.0,14.32,0.017445
487022,801231.ZICN,801231,上海申银万国证券研究所有限公司,申万综合Ⅱ,XSHG,2009-01-12,835.18,835.03,821.03,866.19,847.47,396000000.0,2081000000.0,12.29,0.014715
487284,801231.ZICN,801231,上海申银万国证券研究所有限公司,申万综合Ⅱ,XSHG,2009-01-13,847.47,837.06,813.84,858.39,837.17,371000000.0,1959000000.0,-10.3,-0.012154
487546,801231.ZICN,801231,上海申银万国证券研究所有限公司,申万综合Ⅱ,XSHG,2009-01-14,837.17,836.32,824.07,875.95,867.57,425000000.0,2233000000.0,30.4,0.036313
487808,801231.ZICN,801231,上海申银万国证券研究所有限公司,申万综合Ⅱ,XSHG,2009-01-15,867.57,862.47,847.92,902.14,882.75,576000000.0,3128000000.0,15.18,0.017497
488070,801231.ZICN,801231,上海申银万国证券研究所有限公司,申万综合Ⅱ,XSHG,2009-01-16,882.75,890.66,865.64,917.01,886.04,582000000.0,3122000000.0,3.29,0.0037270000000000003
488328,801231.ZICN,801231,上海申银万国证券研究所有限公司,申万综合Ⅱ,XSHG,2009-01-19,886.04,893.87,864.69,910.35,888.81,400000000.0,2131000000.0,2.77,0.0031260000000000003
488586,801231.ZICN,801231,上海申银万国证券研究所有限公司,申万综合Ⅱ,XSHG,2009-01-20,888.81,884.96,869.22,909.91,902.05,335000000.0,1828000000.0,13.24,0.014896000000000001
488844,801231.ZICN,801231,上海申银万国证券研究所有限公司,申万综合Ⅱ,XSHG,2009-01-21,902.05,886.61,875.52,922.17,904.8,387000000.0,2054000000.0,2.75,0.0030489999999999996
489102,801231.ZICN,801231,上海申银万国证券研究所有限公司,申万综合Ⅱ,XSHG,2009-01-22,904.8,909.04,892.79,933.43,917.62,431000000.0,2313000000.0,12.82,0.014169
489364,801231.ZICN,801231,上海申银万国证券研究所有限公司,申万综合Ⅱ,XSHG,2009-01-23,917.62,917.48,896.58,935.33,910.71,356000000.0,1939000000.0,-6.91,-0.007529999999999999
489626,801231.ZICN,801231,上海申银万国证券研究所有限公司,申万综合Ⅱ,XSHG,2009-02-02,910.71,918.75,904.99,951.13,942.63,427000000.0,2302000000.0,31.92,0.03505
489888,801231.ZICN,801231,上海申银万国证券研究所有限公司,申万综合Ⅱ,XSHG,2009-02-03,942.63,940.24,929.53,976.64,965.82,588000000.0,3041000000.0,23.19,0.024600999999999998
490150,801231.ZICN,801231,上海申银万国证券研究所有限公司,申万综合Ⅱ,XSHG,2009-02-04,965.82,973.78,959.11,1009.17,996.36,729000000.0,3895000000.0,30.54,0.031620999999999996
490412,801231.ZICN,801231,上海申银万国证券研究所有限公司,申万综合Ⅱ,XSHG,2009-02-05,996.36,996.28,958.8,1017.77,974.59,735000000.0,4076000000.0,-21.77,-0.02185
490670,801231.ZICN,801231,上海申银万国证券研究所有限公司,申万综合Ⅱ,XSHG,2009-02-06,974.59,975.92,972.81,1033.77,1024.45,755000000.0,4180000000.0,49.86,0.051160000000000004
490928,801231.ZICN,801231,上海申银万国证券研究所有限公司,申万综合Ⅱ,XSHG,2009-02-09,1024.45,1038.8,1015.97,1078.57,1064.2,938000000.0,5474000000.0,39.75,0.038801
491190,801231.ZICN,801231,上海申银万国证券研究所有限公司,申万综合Ⅱ,XSHG,2009-02-10,1064.2,1057.95,1037.26,1110.18,1101.35,888000000.0,5386000000.0,37.15,0.034908999999999996
491452,801231.ZICN,801231,上海申银万国证券研究所有限公司,申万综合Ⅱ,XSHG,2009-02-11,1101.35,1081.99,1061.59,1143.66,1098.46,1000000000.0,6250000000.0,-2.89,-0.002624
491714,801231.ZICN,801231,上海申银万国证券研究所有限公司,申万综合Ⅱ,XSHG,2009-02-12,1098.46,1103.49,1061.26,1140.28,1120.75,857000000.0,5407000000.0,22.29,0.020291999999999998
491976,801231.ZICN,801231,上海申银万国证券研究所有限公司,申万综合Ⅱ,XSHG,2009-02-13,1120.75,1119.85,1099.7,1172.31,1158.85,889000000.0,5729000000.0,38.1,0.033995
492238,801231.ZICN,801231,上海申银万国证券研究所有限公司,申万综合Ⅱ,XSHG,2009-02-16,1158.85,1166.98,1134.0,1205.08,1182.5,861000000.0,5672000000.0,23.65,0.020408000000000003
492496,801231.ZICN,801231,上海申银万国证券研究所有限公司,申万综合Ⅱ,XSHG,2009-02-17,1182.5,1178.65,1119.99,1212.31,1150.45,910000000.0,6305000000.0,-32.05,-0.027104000000000003
492758,801231.ZICN,801231,上海申银万国证券研究所有限公司,申万综合Ⅱ,XSHG,2009-02-18,1150.45,1119.01,1077.71,1160.69,1093.63,720000000.0,4802000000.0,-56.82,-0.049388999999999995
493020,801231.ZICN,801231,上海申银万国证券研究所有限公司,申万综合Ⅱ,XSHG,2009-02-19,1093.63,1106.64,1071.16,1132.63,1105.88,557000000.0,3760000000.0,12.25,0.011201000000000001
493282,801231.ZICN,801231,上海申银万国证券研究所有限公司,申万综合Ⅱ,XSHG,2009-02-20,1105.88,1104.19,1088.13,1158.06,1148.07,582000000.0,3938000000.0,42.19,0.038151
493544,801231.ZICN,801231,上海申银万国证券研究所有限公司,申万综合Ⅱ,XSHG,2009-02-23,1148.07,1144.71,1130.69,1215.68,1199.21,778000000.0,5321000000.0,51.14,0.044544
493806,801231.ZICN,801231,上海申银万国证券研究所有限公司,申万综合Ⅱ,XSHG,2009-02-24,1199.21,1181.56,1128.57,1228.85,1147.08,918000000.0,6253000000.0,-52.13,-0.04347
494068,801231.ZICN,801231,上海申银万国证券研究所有限公司,申万综合Ⅱ,XSHG,2009-02-25,1147.08,1157.76,1099.16,1188.15,1157.24,768000000.0,5054000000.0,10.16,0.008856999999999999
494330,801231.ZICN,801231,上海申银万国证券研究所有限公司,申万综合Ⅱ,XSHG,2009-02-26,1157.24,1158.68,1055.57,1185.05,1073.41,746000000.0,4537000000.0,-83.83,-0.07244
494592,801231.ZICN,801231,上海申银万国证券研究所有限公司,申万综合Ⅱ,XSHG,2009-02-27,1073.41,1055.28,986.71,1074.52,1002.42,606000000.0,3472000000.0,-70.99,-0.066135
494850,801231.ZICN,801231,上海申银万国证券研究所有限公司,申万综合Ⅱ,XSHG,2009-03-02,1002.42,992.36,980.85,1044.42,1029.28,453000000.0,2748000000.0,26.86,0.026795
495112,801231.ZICN,801231,上海申银万国证券研究所有限公司,申万综合Ⅱ,XSHG,2009-03-03,1029.28,998.04,984.33,1049.58,1030.21,487000000.0,2867000000.0,0.93,0.000904
495374,801231.ZICN,801231,上海申银万国证券研究所有限公司,申万综合Ⅱ,XSHG,2009-03-04,1030.21,1034.04,1028.66,1103.43,1094.11,696000000.0,4131000000.0,63.9,0.062026
495636,801231.ZICN,801231,上海申银万国证券研究所有限公司,申万综合Ⅱ,XSHG,2009-03-05,1094.11,1107.03,1068.22,1140.19,1109.57,776000000.0,4960000000.0,15.46,0.014130000000000002
495894,801231.ZICN,801231,上海申银万国证券研究所有限公司,申万综合Ⅱ,XSHG,2009-03-06,1109.57,1088.33,1071.97,1136.9,1110.23,632000000.0,4142000000.0,0.66,0.000595
496156,801231.ZICN,801231,上海申银万国证券研究所有限公司,申万综合Ⅱ,XSHG,2009-03-09,1110.23,1112.43,1041.93,1138.77,1055.91,584000000.0,3658000000.0,-54.32,-0.048927
496418,801231.ZICN,801231,上海申银万国证券研究所有限公司,申万综合Ⅱ,XSHG,2009-03-10,1055.91,1042.46,1027.67,1092.56,1089.16,405000000.0,2508000000.0,33.25,0.031488999999999996
496676,801231.ZICN,801231,上海申银万国证券研究所有限公司,申万综合Ⅱ,XSHG,2009-03-11,1089.16,1108.8,1072.46,1126.79,1087.84,503000000.0,3294000000.0,-1.32,-0.001212
496938,801231.ZICN,801231,上海申银万国证券研究所有限公司,申万综合Ⅱ,XSHG,2009-03-12,1087.84,1082.98,1049.25,1118.78,1104.53,565000000.0,3528000000.0,16.69,0.015341999999999998
497200,801231.ZICN,801231,上海申银万国证券研究所有限公司,申万综合Ⅱ,XSHG,2009-03-13,1104.53,1107.74,1074.42,1130.02,1089.83,507000000.0,3251000000.0,-14.7,-0.013309
497462,801231.ZICN,801231,上海申银万国证券研究所有限公司,申万综合Ⅱ,XSHG,2009-03-16,1089.83,1088.61,1062.77,1117.88,1105.17,331000000.0,1952000000.0,15.34,0.014075999999999998
497724,801231.ZICN,801231,上海申银万国证券研究所有限公司,申万综合Ⅱ,XSHG,2009-03-17,1105.17,1108.58,1095.22,1156.48,1143.03,621000000.0,4091000000.0,37.86,0.034257
497986,801231.ZICN,801231,上海申银万国证券研究所有限公司,申万综合Ⅱ,XSHG,2009-03-18,1143.03,1143.35,1128.62,1185.51,1160.58,727000000.0,4930000000.0,17.55,0.015354
498244,801231.ZICN,801231,上海申银万国证券研究所有限公司,申万综合Ⅱ,XSHG,2009-03-19,1160.58,1163.4,1150.9,1208.96,1192.36,767000000.0,5137000000.0,31.78,0.027382999999999998
498506,801231.ZICN,801231,上海申银万国证券研究所有限公司,申万综合Ⅱ,XSHG,2009-03-20,1192.36,1191.93,1154.55,1216.31,1190.9,732000000.0,4969000000.0,-1.46,-0.001224
498768,801231.ZICN,801231,上海申银万国证券研究所有限公司,申万综合Ⅱ,XSHG,2009-03-23,1190.9,1191.83,1177.43,1238.75,1216.66,724000000.0,5200000000.0,25.76,0.021631
499030,801231.ZICN,801231,上海申银万国证券研究所有限公司,申万综合Ⅱ,XSHG,2009-03-24,1216.66,1227.85,1198.99,1247.55,1218.65,724000000.0,5035000000.0,1.99,0.0016359999999999999
499292,801231.ZICN,801231,上海申银万国证券研究所有限公司,申万综合Ⅱ,XSHG,2009-03-25,1218.65,1213.69,1182.39,1246.52,1192.14,763000000.0,5038000000.0,-26.51,-0.021754
499550,801231.ZICN,801231,上海申银万国证券研究所有限公司,申万综合Ⅱ,XSHG,2009-03-26,1192.14,1196.04,1168.65,1234.82,1225.41,705000000.0,4652000000.0,33.27,0.027908
499812,801231.ZICN,801231,上海申银万国证券研究所有限公司,申万综合Ⅱ,XSHG,2009-03-27,1225.41,1232.44,1213.38,1266.38,1242.6,747000000.0,5137000000.0,17.19,0.014028
500070,801231.ZICN,801231,上海申银万国证券研究所有限公司,申万综合Ⅱ,XSHG,2009-03-30,1242.6,1245.85,1223.61,1279.45,1250.53,648000000.0,4719000000.0,7.93,0.006382
500332,801231.ZICN,801231,上海申银万国证券研究所有限公司,申万综合Ⅱ,XSHG,2009-03-31,1250.53,1227.78,1206.68,1284.71,1269.72,788000000.0,5968000000.0,19.19,0.015345
500594,801231.ZICN,801231,上海申银万国证券研究所有限公司,申万综合Ⅱ,XSHG,2009-04-01,1269.72,1270.59,1256.03,1319.95,1289.8,898000000.0,6618000000.0,20.08,0.015815
500856,801231.ZICN,801231,上海申银万国证券研究所有限公司,申万综合Ⅱ,XSHG,2009-04-02,1289.8,1293.86,1264.05,1318.46,1281.97,735000000.0,5316000000.0,-7.83,-0.006071
501118,801231.ZICN,801231,上海申银万国证券研究所有限公司,申万综合Ⅱ,XSHG,2009-04-03,1281.97,1290.77,1241.27,1303.41,1256.69,649000000.0,4893000000.0,-25.28,-0.019719999999999998
501380,801231.ZICN,801231,上海申银万国证券研究所有限公司,申万综合Ⅱ,XSHG,2009-04-07,1256.69,1256.83,1242.67,1293.15,1279.1,473000000.0,3617000000.0,22.41,0.017833
501638,801231.ZICN,801231,上海申银万国证券研究所有限公司,申万综合Ⅱ,XSHG,2009-04-08,1279.1,1272.64,1229.91,1305.37,1242.09,688000000.0,5115000000.0,-37.01,-0.028933999999999998
501900,801231.ZICN,801231,上海申银万国证券研究所有限公司,申万综合Ⅱ,XSHG,2009-04-09,1242.09,1239.75,1218.64,1274.53,1266.34,558000000.0,3953000000.0,24.25,0.019524
502162,801231.ZICN,801231,上海申银万国证券研究所有限公司,申万综合Ⅱ,XSHG,2009-04-10,1266.34,1276.42,1257.77,1326.95,1313.21,761000000.0,5955000000.0,46.87,0.037012
502424,801231.ZICN,801231,上海申银万国证券研究所有限公司,申万综合Ⅱ,XSHG,2009-04-13,1313.21,1328.76,1303.35,1355.23,1329.22,779000000.0,6261000000.0,16.01,0.012192
502686,801231.ZICN,801231,上海申银万国证券研究所有限公司,申万综合Ⅱ,XSHG,2009-04-14,1329.22,1325.15,1306.73,1369.58,1353.64,808000000.0,6091000000.0,24.42,0.018372
502948,801231.ZICN,801231,上海申银万国证券研究所有限公司,申万综合Ⅱ,XSHG,2009-04-15,1353.64,1347.21,1318.04,1397.08,1381.05,967000000.0,7578000000.0,27.41,0.020249
503210,801231.ZICN,801231,上海申银万国证券研究所有限公司,申万综合Ⅱ,XSHG,2009-04-16,1381.05,1385.07,1350.91,1428.07,1395.94,986000000.0,7610000000.0,14.89,0.010782
503472,801231.ZICN,801231,上海申银万国证券研究所有限公司,申万综合Ⅱ,XSHG,2009-04-17,1395.94,1398.49,1339.77,1428.8,1372.93,836000000.0,6549000000.0,-23.01,-0.016484
503734,801231.ZICN,801231,上海申银万国证券研究所有限公司,申万综合Ⅱ,XSHG,2009-04-20,1372.93,1370.75,1353.24,1428.85,1410.62,703000000.0,5402000000.0,37.69,0.027451999999999997
503996,801231.ZICN,801231,上海申银万国证券研究所有限公司,申万综合Ⅱ,XSHG,2009-04-21,1410.62,1400.85,1364.58,1445.29,1414.97,806000000.0,6355000000.0,4.35,0.003084
504258,801231.ZICN,801231,上海申银万国证券研究所有限公司,申万综合Ⅱ,XSHG,2009-04-22,1414.97,1418.03,1309.62,1444.42,1328.41,861000000.0,6558000000.0,-86.56,-0.061174
504520,801231.ZICN,801231,上海申银万国证券研究所有限公司,申万综合Ⅱ,XSHG,2009-04-23,1328.41,1315.66,1288.2,1361.82,1335.91,563000000.0,4270000000.0,7.5,0.005646
504782,801231.ZICN,801231,上海申银万国证券研究所有限公司,申万综合Ⅱ,XSHG,2009-04-24,1335.91,1338.61,1300.68,1362.23,1314.64,452000000.0,3387000000.0,-21.27,-0.015922
505040,801231.ZICN,801231,上海申银万国证券研究所有限公司,申万综合Ⅱ,XSHG,2009-04-27,1314.64,1307.38,1255.55,1337.77,1277.14,515000000.0,3697000000.0,-37.5,-0.028525
505302,801231.ZICN,801231,上海申银万国证券研究所有限公司,申万综合Ⅱ,XSHG,2009-04-28,1277.14,1267.98,1254.65,1320.25,1301.67,503000000.0,3388000000.0,24.53,0.019207
505560,801231.ZICN,801231,上海申银万国证券研究所有限公司,申万综合Ⅱ,XSHG,2009-04-29,1301.67,1302.29,1285.67,1361.2,1343.29,652000000.0,4701000000.0,41.62,0.031974
505822,801231.ZICN,801231,上海申银万国证券研究所有限公司,申万综合Ⅱ,XSHG,2009-04-30,1343.29,1353.36,1329.41,1391.51,1359.33,718000000.0,5390000000.0,16.04,0.011941
506080,801231.ZICN,801231,上海申银万国证券研究所有限公司,申万综合Ⅱ,XSHG,2009-05-04,1359.33,1364.93,1347.65,1418.03,1400.67,674000000.0,5263000000.0,41.34,0.030412
506342,801231.ZICN,801231,上海申银万国证券研究所有限公司,申万综合Ⅱ,XSHG,2009-05-05,1400.67,1412.62,1385.55,1447.25,1415.25,719000000.0,5736000000.0,14.58,0.010409
506604,801231.ZICN,801231,上海申银万国证券研究所有限公司,申万综合Ⅱ,XSHG,2009-05-06,1415.25,1414.38,1397.18,1461.64,1445.82,753000000.0,5885000000.0,30.57,0.0216
506862,801231.ZICN,801231,上海申银万国证券研究所有限公司,申万综合Ⅱ,XSHG,2009-05-07,1445.82,1456.25,1397.67,1483.16,1436.3,922000000.0,7503000000.0,-9.52,-0.0065840000000000004
507120,801231.ZICN,801231,上海申银万国证券研究所有限公司,申万综合Ⅱ,XSHG,2009-05-08,1436.3,1423.22,1386.67,1478.22,1448.94,929000000.0,7001000000.0,12.64,0.0088
507382,801231.ZICN,801231,上海申银万国证券研究所有限公司,申万综合Ⅱ,XSHG,2009-05-11,1448.94,1454.56,1382.79,1483.54,1392.97,860000000.0,6707000000.0,-55.97,-0.038627999999999996
507640,801231.ZICN,801231,上海申银万国证券研究所有限公司,申万综合Ⅱ,XSHG,2009-05-12,1392.97,1380.33,1365.64,1442.5,1435.81,588000000.0,4523000000.0,42.84,0.030754000000000004
507898,801231.ZICN,801231,上海申银万国证券研究所有限公司,申万综合Ⅱ,XSHG,2009-05-13,1435.81,1432.36,1409.96,1469.54,1444.27,624000000.0,4558000000.0,8.46,0.0058920000000000005
508160,801231.ZICN,801231,上海申银万国证券研究所有限公司,申万综合Ⅱ,XSHG,2009-05-14,1444.27,1432.34,1407.93,1469.66,1445.41,633000000.0,4799000000.0,1.14,0.000789
508422,801231.ZICN,801231,上海申银万国证券研究所有限公司,申万综合Ⅱ,XSHG,2009-05-15,1445.41,1448.82,1420.77,1481.97,1455.21,603000000.0,4721000000.0,9.8,0.00678
508680,801231.ZICN,801231,上海申银万国证券研究所有限公司,申万综合Ⅱ,XSHG,2009-05-18,1455.21,1447.66,1414.82,1484.43,1467.55,620000000.0,4611000000.0,12.34,0.00848
508942,801231.ZICN,801231,上海申银万国证券研究所有限公司,申万综合Ⅱ,XSHG,2009-05-19,1467.55,1475.58,1450.14,1505.8,1475.29,734000000.0,5519000000.0,7.74,0.005274
509204,801231.ZICN,801231,上海申银万国证券研究所有限公司,申万综合Ⅱ,XSHG,2009-05-20,1475.29,1477.35,1447.88,1509.61,1467.96,769000000.0,5664000000.0,-7.33,-0.0049689999999999995
509466,801231.ZICN,801231,上海申银万国证券研究所有限公司,申万综合Ⅱ,XSHG,2009-05-21,1467.96,1458.92,1420.7,1494.45,1449.03,793000000.0,5858000000.0,-18.93,-0.012894999999999998
509728,801231.ZICN,801231,上海申银万国证券研究所有限公司,申万综合Ⅱ,XSHG,2009-05-22,1449.03,1444.88,1424.92,1484.64,1455.72,541000000.0,4349000000.0,6.69,0.0046170000000000004
509990,801231.ZICN,801231,上海申银万国证券研究所有限公司,申万综合Ⅱ,XSHG,2009-05-25,1455.72,1414.55,1388.66,1472.65,1457.39,514000000.0,4082000000.0,1.67,0.001147
510252,801231.ZICN,801231,上海申银万国证券研究所有限公司,申万综合Ⅱ,XSHG,2009-05-26,1457.39,1461.24,1433.63,1509.35,1460.59,640000000.0,5160000000.0,3.2,0.002196
510514,801231.ZICN,801231,上海申银万国证券研究所有限公司,申万综合Ⅱ,XSHG,2009-05-27,1460.59,1467.61,1438.24,1493.91,1457.6,476000000.0,3646000000.0,-2.99,-0.0020469999999999998
510772,801231.ZICN,801231,上海申银万国证券研究所有限公司,申万综合Ⅱ,XSHG,2009-06-01,1457.6,1472.4,1452.87,1506.49,1488.05,556000000.0,4179000000.0,30.45,0.020891
511034,801231.ZICN,801231,上海申银万国证券研究所有限公司,申万综合Ⅱ,XSHG,2009-06-02,1488.05,1493.46,1469.31,1523.77,1496.47,591000000.0,4572000000.0,8.42,0.005658
511296,801231.ZICN,801231,上海申银万国证券研究所有限公司,申万综合Ⅱ,XSHG,2009-06-03,1496.47,1496.64,1478.0,1536.8,1513.27,621000000.0,4906000000.0,16.8,0.011226
511554,801231.ZICN,801231,上海申银万国证券研究所有限公司,申万综合Ⅱ,XSHG,2009-06-04,1513.27,1508.23,1471.74,1531.81,1502.59,627000000.0,4720000000.0,-10.68,-0.007058
511816,801231.ZICN,801231,上海申银万国证券研究所有限公司,申万综合Ⅱ,XSHG,2009-06-05,1502.59,1503.91,1478.56,1540.29,1492.54,593000000.0,4379000000.0,-10.05,-0.0066879999999999995
512074,801231.ZICN,801231,上海申银万国证券研究所有限公司,申万综合Ⅱ,XSHG,2009-06-08,1492.54,1491.95,1458.99,1521.3,1494.56,505000000.0,3810000000.0,2.02,0.001353
512332,801231.ZICN,801231,上海申银万国证券研究所有限公司,申万综合Ⅱ,XSHG,2009-06-09,1494.56,1491.72,1451.76,1522.37,1505.67,513000000.0,3873000000.0,11.11,0.0074340000000000005
512594,801231.ZICN,801231,上海申银万国证券研究所有限公司,申万综合Ⅱ,XSHG,2009-06-10,1505.67,1504.22,1484.62,1535.97,1515.99,527000000.0,3840000000.0,10.32,0.006854000000000001
512856,801231.ZICN,801231,上海申银万国证券研究所有限公司,申万综合Ⅱ,XSHG,2009-06-11,1515.99,1518.15,1489.52,1548.86,1511.3,585000000.0,4409000000.0,-4.69,-0.003094
513118,801231.ZICN,801231,上海申银万国证券研究所有限公司,申万综合Ⅱ,XSHG,2009-06-12,1511.3,1510.65,1451.78,1530.72,1473.59,556000000.0,4118000000.0,-37.71,-0.024952000000000002
513380,801231.ZICN,801231,上海申银万国证券研究所有限公司,申万综合Ⅱ,XSHG,2009-06-15,1473.59,1473.09,1455.9,1512.16,1501.77,426000000.0,3204000000.0,28.18,0.019122999999999998
513642,801231.ZICN,801231,上海申银万国证券研究所有限公司,申万综合Ⅱ,XSHG,2009-06-16,1501.77,1489.15,1469.61,1523.07,1498.87,458000000.0,3478000000.0,-2.9,-0.0019309999999999998
513904,801231.ZICN,801231,上海申银万国证券研究所有限公司,申万综合Ⅱ,XSHG,2009-06-17,1498.87,1500.3,1478.73,1535.29,1518.32,521000000.0,4032000000.0,19.45,0.012976
514162,801231.ZICN,801231,上海申银万国证券研究所有限公司,申万综合Ⅱ,XSHG,2009-06-18,1518.32,1518.08,1495.64,1546.69,1523.68,524000000.0,3950000000.0,5.36,0.0035299999999999997
514424,801231.ZICN,801231,上海申银万国证券研究所有限公司,申万综合Ⅱ,XSHG,2009-06-19,1523.68,1520.67,1494.86,1544.92,1514.62,500000000.0,3768000000.0,-9.06,-0.005946
514686,801231.ZICN,801231,上海申银万国证券研究所有限公司,申万综合Ⅱ,XSHG,2009-06-22,1514.62,1523.11,1488.59,1543.69,1506.57,457000000.0,3520000000.0,-8.05,-0.005315
514948,801231.ZICN,801231,上海申银万国证券研究所有限公司,申万综合Ⅱ,XSHG,2009-06-23,1506.57,1493.9,1476.03,1532.24,1506.38,392000000.0,3017000000.0,-0.19,-0.000126
515210,801231.ZICN,801231,上海申银万国证券研究所有限公司,申万综合Ⅱ,XSHG,2009-06-24,1506.38,1505.52,1490.14,1538.15,1520.36,394000000.0,3036000000.0,13.98,0.009281000000000001
515472,801231.ZICN,801231,上海申银万国证券研究所有限公司,申万综合Ⅱ,XSHG,2009-06-25,1520.36,1522.76,1500.24,1551.69,1520.86,519000000.0,3891000000.0,0.5,0.00032900000000000003
515734,801231.ZICN,801231,上海申银万国证券研究所有限公司,申万综合Ⅱ,XSHG,2009-06-26,1520.86,1521.22,1503.55,1554.4,1533.79,433000000.0,3298000000.0,12.93,0.008502
515996,801231.ZICN,801231,上海申银万国证券研究所有限公司,申万综合Ⅱ,XSHG,2009-06-29,1533.79,1538.99,1525.22,1583.59,1552.05,589000000.0,4658000000.0,18.26,0.011904999999999999
516258,801231.ZICN,801231,上海申银万国证券研究所有限公司,申万综合Ⅱ,XSHG,2009-06-30,1552.05,1554.48,1518.67,1576.61,1535.94,370000000.0,2864000000.0,-16.11,-0.01038
516520,801231.ZICN,801231,上海申银万国证券研究所有限公司,申万综合Ⅱ,XSHG,2009-07-01,1535.94,1537.43,1521.53,1589.32,1563.71,559000000.0,4434000000.0,27.77,0.018080000000000002
516782,801231.ZICN,801231,上海申银万国证券研究所有限公司,申万综合Ⅱ,XSHG,2009-07-02,1563.71,1572.69,1545.27,1621.38,1594.44,817000000.0,6661000000.0,30.73,0.019652
517044,801231.ZICN,801231,上海申银万国证券研究所有限公司,申万综合Ⅱ,XSHG,2009-07-03,1594.44,1583.55,1562.86,1634.35,1611.74,762000000.0,6074000000.0,17.3,0.01085
517306,801231.ZICN,801231,上海申银万国证券研究所有限公司,申万综合Ⅱ,XSHG,2009-07-06,1611.74,1617.15,1578.97,1657.89,1609.13,787000000.0,6318000000.0,-2.61,-0.0016190000000000002
517564,801231.ZICN,801231,上海申银万国证券研究所有限公司,申万综合Ⅱ,XSHG,2009-07-07,1609.13,1611.18,1576.02,1635.04,1590.96,677000000.0,5173000000.0,-18.17,-0.011292
517822,801231.ZICN,801231,上海申银万国证券研究所有限公司,申万综合Ⅱ,XSHG,2009-07-08,1590.96,1583.54,1567.44,1630.41,1615.48,517000000.0,4162000000.0,24.52,0.015412
518080,801231.ZICN,801231,上海申银万国证券研究所有限公司,申万综合Ⅱ,XSHG,2009-07-09,1615.48,1613.95,1593.49,1664.0,1646.55,659000000.0,5703000000.0,31.07,0.019233
518338,801231.ZICN,801231,上海申银万国证券研究所有限公司,申万综合Ⅱ,XSHG,2009-07-10,1646.55,1649.32,1623.51,1696.71,1666.49,776000000.0,6592000000.0,19.94,0.01211
518600,801231.ZICN,801231,上海申银万国证券研究所有限公司,申万综合Ⅱ,XSHG,2009-07-13,1666.49,1649.28,1632.66,1717.95,1681.53,654000000.0,5724000000.0,15.04,0.009025
518862,801231.ZICN,801231,上海申银万国证券研究所有限公司,申万综合Ⅱ,XSHG,2009-07-14,1681.53,1687.83,1666.36,1716.45,1698.76,638000000.0,5573000000.0,17.23,0.010247
519124,801231.ZICN,801231,上海申银万国证券研究所有限公司,申万综合Ⅱ,XSHG,2009-07-15,1698.76,1704.69,1676.42,1739.54,1707.7,720000000.0,6299000000.0,8.94,0.005263
519386,801231.ZICN,801231,上海申银万国证券研究所有限公司,申万综合Ⅱ,XSHG,2009-07-16,1707.7,1711.08,1672.57,1743.55,1690.77,738000000.0,6379000000.0,-16.93,-0.009914
519648,801231.ZICN,801231,上海申银万国证券研究所有限公司,申万综合Ⅱ,XSHG,2009-07-17,1690.77,1692.33,1668.22,1730.62,1701.85,585000000.0,5084000000.0,11.08,0.006553
519910,801231.ZICN,801231,上海申银万国证券研究所有限公司,申万综合Ⅱ,XSHG,2009-07-20,1701.85,1706.41,1683.0,1755.69,1735.9,794000000.0,6845000000.0,34.05,0.020008
520168,801231.ZICN,801231,上海申银万国证券研究所有限公司,申万综合Ⅱ,XSHG,2009-07-21,1735.9,1735.09,1677.85,1772.2,1700.82,795000000.0,6950000000.0,-35.08,-0.020209
520430,801231.ZICN,801231,上海申银万国证券研究所有限公司,申万综合Ⅱ,XSHG,2009-07-22,1700.82,1701.49,1689.39,1754.25,1729.42,699000000.0,6063000000.0,28.6,0.016815
520692,801231.ZICN,801231,上海申银万国证券研究所有限公司,申万综合Ⅱ,XSHG,2009-07-23,1729.42,1731.99,1708.74,1800.85,1776.02,767000000.0,6843000000.0,46.6,0.026945
520954,801231.ZICN,801231,上海申银万国证券研究所有限公司,申万综合Ⅱ,XSHG,2009-07-24,1776.02,1792.13,1724.14,1813.36,1768.16,785000000.0,6972000000.0,-7.86,-0.004425999999999999
521212,801231.ZICN,801231,上海申银万国证券研究所有限公司,申万综合Ⅱ,XSHG,2009-07-27,1768.16,1764.77,1738.23,1812.71,1790.11,754000000.0,6774000000.0,21.95,0.012414
521470,801231.ZICN,801231,上海申银万国证券研究所有限公司,申万综合Ⅱ,XSHG,2009-07-28,1790.11,1790.29,1748.59,1827.38,1800.74,747000000.0,6825000000.0,10.63,0.005938000000000001
521728,801231.ZICN,801231,上海申银万国证券研究所有限公司,申万综合Ⅱ,XSHG,2009-07-29,1800.74,1792.39,1631.24,1807.72,1665.43,801000000.0,6945000000.0,-135.31,-0.075141
521986,801231.ZICN,801231,上海申银万国证券研究所有限公司,申万综合Ⅱ,XSHG,2009-07-30,1665.43,1667.2,1600.2,1703.61,1672.08,566000000.0,4755000000.0,6.65,0.003993
522244,801231.ZICN,801231,上海申银万国证券研究所有限公司,申万综合Ⅱ,XSHG,2009-07-31,1672.08,1677.23,1658.82,1739.46,1723.63,602000000.0,5165000000.0,51.55,0.03083
522502,801231.ZICN,801231,上海申银万国证券研究所有限公司,申万综合Ⅱ,XSHG,2009-08-03,1723.63,1733.4,1704.68,1767.87,1745.25,585000000.0,5051000000.0,21.62,0.012543
522760,801231.ZICN,801231,上海申银万国证券研究所有限公司,申万综合Ⅱ,XSHG,2009-08-04,1745.25,1744.89,1694.9,1776.03,1746.74,617000000.0,5366000000.0,1.49,0.0008539999999999999
523022,801231.ZICN,801231,上海申银万国证券研究所有限公司,申万综合Ⅱ,XSHG,2009-08-05,1746.74,1744.12,1709.61,1784.23,1751.48,614000000.0,5216000000.0,4.74,0.0027140000000000003
523284,801231.ZICN,801231,上海申银万国证券研究所有限公司,申万综合Ⅱ,XSHG,2009-08-06,1751.48,1739.9,1680.66,1778.45,1727.22,604000000.0,5254000000.0,-24.26,-0.013850999999999999
523542,801231.ZICN,801231,上海申银万国证券研究所有限公司,申万综合Ⅱ,XSHG,2009-08-07,1727.22,1727.04,1659.13,1757.22,1677.31,535000000.0,4455000000.0,-49.91,-0.028895999999999998
523800,801231.ZICN,801231,上海申银万国证券研究所有限公司,申万综合Ⅱ,XSHG,2009-08-10,1677.31,1696.28,1648.13,1720.87,1686.28,418000000.0,3349000000.0,8.97,0.0053479999999999995
524062,801231.ZICN,801231,上海申银万国证券研究所有限公司,申万综合Ⅱ,XSHG,2009-08-11,1686.28,1690.05,1669.73,1722.76,1705.53,376000000.0,3116000000.0,19.25,0.011415999999999999
524324,801231.ZICN,801231,上海申银万国证券研究所有限公司,申万综合Ⅱ,XSHG,2009-08-12,1705.53,1699.53,1606.34,1713.93,1617.81,441000000.0,3699000000.0,-87.72,-0.051433000000000006
524582,801231.ZICN,801231,上海申银万国证券研究所有限公司,申万综合Ⅱ,XSHG,2009-08-13,1617.81,1618.27,1580.35,1653.97,1624.94,367000000.0,2947000000.0,7.13,0.004407
524840,801231.ZICN,801231,上海申银万国证券研究所有限公司,申万综合Ⅱ,XSHG,2009-08-14,1624.94,1625.45,1529.84,1647.84,1541.33,412000000.0,3408000000.0,-83.61,-0.051454
525102,801231.ZICN,801231,上海申银万国证券研究所有限公司,申万综合Ⅱ,XSHG,2009-08-17,1541.33,1522.49,1414.43,1540.26,1420.44,379000000.0,2890000000.0,-120.89,-0.078432
525364,801231.ZICN,801231,上海申银万国证券研究所有限公司,申万综合Ⅱ,XSHG,2009-08-18,1420.44,1394.56,1375.58,1449.26,1432.43,297000000.0,2141000000.0,11.99,0.008440999999999999
525626,801231.ZICN,801231,上海申银万国证券研究所有限公司,申万综合Ⅱ,XSHG,2009-08-19,1432.43,1432.59,1322.96,1450.66,1342.25,344000000.0,2383000000.0,-90.18,-0.062956
525888,801231.ZICN,801231,上海申银万国证券研究所有限公司,申万综合Ⅱ,XSHG,2009-08-20,1342.25,1345.78,1333.46,1406.23,1397.61,341000000.0,2339000000.0,55.36,0.041244
526150,801231.ZICN,801231,上海申银万国证券研究所有限公司,申万综合Ⅱ,XSHG,2009-08-21,1397.61,1395.71,1377.94,1452.8,1440.88,393000000.0,2870000000.0,43.27,0.03096
526412,801231.ZICN,801231,上海申银万国证券研究所有限公司,申万综合Ⅱ,XSHG,2009-08-24,1440.88,1439.54,1419.25,1487.48,1471.3,395000000.0,2954000000.0,30.42,0.021112
526674,801231.ZICN,801231,上海申银万国证券研究所有限公司,申万综合Ⅱ,XSHG,2009-08-25,1471.3,1464.04,1395.99,1503.21,1463.7,526000000.0,3965000000.0,-7.6,-0.0051649999999999995
526932,801231.ZICN,801231,上海申银万国证券研究所有限公司,申万综合Ⅱ,XSHG,2009-08-26,1463.7,1449.13,1433.88,1536.38,1506.15,474000000.0,3600000000.0,42.45,0.029001999999999997
527190,801231.ZICN,801231,上海申银万国证券研究所有限公司,申万综合Ⅱ,XSHG,2009-08-27,1506.15,1505.79,1475.8,1561.65,1524.24,518000000.0,4098000000.0,18.09,0.012010999999999999
527448,801231.ZICN,801231,上海申银万国证券研究所有限公司,申万综合Ⅱ,XSHG,2009-08-28,1524.24,1514.06,1460.36,1538.62,1490.52,376000000.0,2773000000.0,-33.72,-0.022123
527706,801231.ZICN,801231,上海申银万国证券研究所有限公司,申万综合Ⅱ,XSHG,2009-08-31,1490.52,1471.0,1384.1,1492.4,1393.45,380000000.0,2892000000.0,-97.07,-0.065125
527968,801231.ZICN,801231,上海申银万国证券研究所有限公司,申万综合Ⅱ,XSHG,2009-09-01,1393.45,1381.6,1341.08,1431.75,1382.38,325000000.0,2479000000.0,-11.07,-0.007944
528230,801231.ZICN,801231,上海申银万国证券研究所有限公司,申万综合Ⅱ,XSHG,2009-09-02,1382.38,1377.89,1345.27,1408.4,1383.86,251000000.0,1834000000.0,1.48,0.0010710000000000001
528492,801231.ZICN,801231,上海申银万国证券研究所有限公司,申万综合Ⅱ,XSHG,2009-09-03,1383.86,1383.16,1371.63,1463.8,1451.07,423000000.0,3118000000.0,67.21,0.048567
528750,801231.ZICN,801231,上海申银万国证券研究所有限公司,申万综合Ⅱ,XSHG,2009-09-04,1451.07,1445.18,1430.72,1500.93,1477.65,422000000.0,3225000000.0,26.58,0.018318
529012,801231.ZICN,801231,上海申银万国证券研究所有限公司,申万综合Ⅱ,XSHG,2009-09-07,1477.65,1482.08,1457.08,1518.86,1492.06,471000000.0,3626000000.0,14.41,0.009752
529274,801231.ZICN,801231,上海申银万国证券研究所有限公司,申万综合Ⅱ,XSHG,2009-09-08,1492.06,1480.96,1455.5,1532.05,1515.91,448000000.0,3476000000.0,23.85,0.015985
529536,801231.ZICN,801231,上海申银万国证券研究所有限公司,申万综合Ⅱ,XSHG,2009-09-09,1515.91,1514.47,1483.42,1542.55,1518.79,441000000.0,3446000000.0,2.88,0.0019
529798,801231.ZICN,801231,上海申银万国证券研究所有限公司,申万综合Ⅱ,XSHG,2009-09-10,1518.79,1515.12,1481.2,1545.15,1496.21,391000000.0,3093000000.0,-22.58,-0.014866999999999998
530060,801231.ZICN,801231,上海申银万国证券研究所有限公司,申万综合Ⅱ,XSHG,2009-09-11,1496.21,1490.4,1483.83,1554.15,1535.08,439000000.0,3541000000.0,38.87,0.025979000000000002
530322,801231.ZICN,801231,上海申银万国证券研究所有限公司,申万综合Ⅱ,XSHG,2009-09-14,1535.08,1550.27,1530.07,1602.66,1576.94,602000000.0,5260000000.0,41.86,0.027268999999999998
530580,801231.ZICN,801231,上海申银万国证券研究所有限公司,申万综合Ⅱ,XSHG,2009-09-15,1576.94,1579.93,1555.87,1617.74,1591.59,533000000.0,4384000000.0,14.65,0.009290000000000001
530838,801231.ZICN,801231,上海申银万国证券研究所有限公司,申万综合Ⅱ,XSHG,2009-09-16,1591.59,1588.81,1560.77,1632.24,1607.44,626000000.0,4994000000.0,15.85,0.009959
531100,801231.ZICN,801231,上海申银万国证券研究所有限公司,申万综合Ⅱ,XSHG,2009-09-17,1607.44,1609.46,1597.46,1677.36,1653.89,691000000.0,5803000000.0,46.45,0.028897000000000003
531362,801231.ZICN,801231,上海申银万国证券研究所有限公司,申万综合Ⅱ,XSHG,2009-09-18,1653.89,1661.9,1571.74,1685.62,1592.3,764000000.0,6345000000.0,-61.59,-0.037239
531624,801231.ZICN,801231,上海申银万国证券研究所有限公司,申万综合Ⅱ,XSHG,2009-09-21,1592.3,1578.98,1527.36,1622.72,1605.53,460000000.0,3836000000.0,13.23,0.008309
531886,801231.ZICN,801231,上海申银万国证券研究所有限公司,申万综合Ⅱ,XSHG,2009-09-22,1605.53,1593.7,1535.21,1620.69,1553.29,368000000.0,2948000000.0,-52.24,-0.032538
532144,801231.ZICN,801231,上海申银万国证券研究所有限公司,申万综合Ⅱ,XSHG,2009-09-23,1553.29,1541.85,1481.35,1578.15,1498.98,436000000.0,3728000000.0,-54.31,-0.034964
532406,801231.ZICN,801231,上海申银万国证券研究所有限公司,申万综合Ⅱ,XSHG,2009-09-24,1498.98,1491.04,1437.59,1526.55,1488.8,351000000.0,2851000000.0,-10.18,-0.006790999999999999
532664,801231.ZICN,801231,上海申银万国证券研究所有限公司,申万综合Ⅱ,XSHG,2009-09-25,1488.8,1483.61,1453.2,1509.28,1469.91,225000000.0,1777000000.0,-18.89,-0.012688
532926,801231.ZICN,801231,上海申银万国证券研究所有限公司,申万综合Ⅱ,XSHG,2009-09-28,1469.91,1479.46,1411.22,1503.99,1426.21,238000000.0,1904000000.0,-43.7,-0.02973
533188,801231.ZICN,801231,上海申银万国证券研究所有限公司,申万综合Ⅱ,XSHG,2009-09-29,1426.21,1426.44,1358.44,1446.11,1394.87,239000000.0,1810000000.0,-31.34,-0.021974
533450,801231.ZICN,801231,上海申银万国证券研究所有限公司,申万综合Ⅱ,XSHG,2009-09-30,1394.87,1406.48,1387.01,1437.74,1406.17,201000000.0,1542000000.0,11.3,0.008101
533708,801231.ZICN,801231,上海申银万国证券研究所有限公司,申万综合Ⅱ,XSHG,2009-10-09,1406.17,1432.32,1421.82,1492.01,1484.67,298000000.0,2288000000.0,78.5,0.055825
533970,801231.ZICN,801231,上海申银万国证券研究所有限公司,申万综合Ⅱ,XSHG,2009-10-12,1484.67,1489.9,1461.73,1522.89,1490.3,327000000.0,2660000000.0,5.63,0.0037920000000000002
534228,801231.ZICN,801231,上海申银万国证券研究所有限公司,申万综合Ⅱ,XSHG,2009-10-13,1490.3,1488.64,1472.93,1524.11,1512.88,287000000.0,2218000000.0,22.58,0.015151
534490,801231.ZICN,801231,上海申银万国证券研究所有限公司,申万综合Ⅱ,XSHG,2009-10-14,1512.88,1518.27,1504.98,1561.98,1532.28,424000000.0,3301000000.0,19.4,0.012823
534752,801231.ZICN,801231,上海申银万国证券研究所有限公司,申万综合Ⅱ,XSHG,2009-10-15,1532.28,1541.41,1514.81,1564.95,1535.13,366000000.0,2769000000.0,2.85,0.00186
535010,801231.ZICN,801231,上海申银万国证券研究所有限公司,申万综合Ⅱ,XSHG,2009-10-16,1535.13,1539.06,1505.62,1564.6,1544.22,391000000.0,3076000000.0,9.09,0.005921
535272,801231.ZICN,801231,上海申银万国证券研究所有限公司,申万综合Ⅱ,XSHG,2009-10-19,1544.22,1546.29,1532.8,1596.24,1585.36,492000000.0,3934000000.0,41.14,0.026641
535534,801231.ZICN,801231,上海申银万国证券研究所有限公司,申万综合Ⅱ,XSHG,2009-10-20,1585.36,1591.58,1570.98,1627.29,1606.61,589000000.0,4659000000.0,21.25,0.013404
535796,801231.ZICN,801231,上海申银万国证券研究所有限公司,申万综合Ⅱ,XSHG,2009-10-21,1606.61,1603.47,1581.97,1652.34,1611.02,678000000.0,5517000000.0,4.41,0.002745
536058,801231.ZICN,801231,上海申银万国证券研究所有限公司,申万综合Ⅱ,XSHG,2009-10-22,1611.02,1603.82,1582.03,1642.06,1612.39,518000000.0,4003000000.0,1.37,0.00085
536320,801231.ZICN,801231,上海申银万国证券研究所有限公司,申万综合Ⅱ,XSHG,2009-10-23,1612.39,1614.83,1600.91,1675.99,1646.19,721000000.0,5862000000.0,33.8,0.020963
536582,801231.ZICN,801231,上海申银万国证券研究所有限公司,申万综合Ⅱ,XSHG,2009-10-26,1646.19,1646.49,1610.03,1667.54,1638.57,538000000.0,4385000000.0,-7.62,-0.004629
536844,801231.ZICN,801231,上海申银万国证券研究所有限公司,申万综合Ⅱ,XSHG,2009-10-27,1638.57,1629.51,1581.15,1659.01,1599.45,563000000.0,4790000000.0,-39.12,-0.023874
537106,801231.ZICN,801231,上海申银万国证券研究所有限公司,申万综合Ⅱ,XSHG,2009-10-28,1599.45,1592.15,1562.93,1640.57,1621.4,468000000.0,3914000000.0,21.95,0.013722999999999999
537364,801231.ZICN,801231,上海申银万国证券研究所有限公司,申万综合Ⅱ,XSHG,2009-10-29,1621.4,1595.8,1560.48,1631.36,1585.39,393000000.0,3252000000.0,-36.01,-0.022209
537626,801231.ZICN,801231,上海申银万国证券研究所有限公司,申万综合Ⅱ,XSHG,2009-10-30,1585.39,1609.94,1576.15,1645.79,1597.92,433000000.0,3489000000.0,12.53,0.007903
537888,801231.ZICN,801231,上海申银万国证券研究所有限公司,申万综合Ⅱ,XSHG,2009-11-02,1597.92,1569.26,1547.36,1658.9,1643.44,558000000.0,4443000000.0,45.52,0.028487000000000002
538146,801231.ZICN,801231,上海申银万国证券研究所有限公司,申万综合Ⅱ,XSHG,2009-11-03,1643.44,1650.72,1635.15,1716.55,1690.54,745000000.0,6261000000.0,47.1,0.028658999999999997
538408,801231.ZICN,801231,上海申银万国证券研究所有限公司,申万综合Ⅱ,XSHG,2009-11-04,1690.54,1695.2,1664.53,1726.62,1693.92,656000000.0,5680000000.0,3.38,0.001999
538670,801231.ZICN,801231,上海申银万国证券研究所有限公司,申万综合Ⅱ,XSHG,2009-11-05,1693.92,1694.51,1678.28,1738.32,1709.96,608000000.0,5292000000.0,16.04,0.009469
538932,801231.ZICN,801231,上海申银万国证券研究所有限公司,申万综合Ⅱ,XSHG,2009-11-06,1709.96,1716.17,1691.77,1753.64,1714.35,676000000.0,5849000000.0,4.39,0.0025670000000000003
539194,801231.ZICN,801231,上海申银万国证券研究所有限公司,申万综合Ⅱ,XSHG,2009-11-09,1714.35,1718.06,1695.29,1758.36,1735.89,624000000.0,5346000000.0,21.54,0.012565
539456,801231.ZICN,801231,上海申银万国证券研究所有限公司,申万综合Ⅱ,XSHG,2009-11-10,1735.89,1747.6,1716.11,1782.08,1735.16,616000000.0,5473000000.0,-0.73,-0.000421
539718,801231.ZICN,801231,上海申银万国证券研究所有限公司,申万综合Ⅱ,XSHG,2009-11-11,1735.16,1728.38,1702.65,1763.06,1741.19,504000000.0,4408000000.0,6.03,0.003475
539980,801231.ZICN,801231,上海申银万国证券研究所有限公司,申万综合Ⅱ,XSHG,2009-11-12,1741.19,1741.65,1723.23,1779.4,1745.75,541000000.0,4852000000.0,4.56,0.0026190000000000002
540242,801231.ZICN,801231,上海申银万国证券研究所有限公司,申万综合Ⅱ,XSHG,2009-11-13,1745.75,1737.62,1706.92,1787.34,1770.05,583000000.0,5379000000.0,24.3,0.013919999999999998
540504,801231.ZICN,801231,上海申银万国证券研究所有限公司,申万综合Ⅱ,XSHG,2009-11-16,1770.05,1777.28,1759.61,1825.22,1801.83,709000000.0,6479000000.0,31.78,0.017953999999999998
540766,801231.ZICN,801231,上海申银万国证券研究所有限公司,申万综合Ⅱ,XSHG,2009-11-17,1801.83,1804.06,1779.26,1841.6,1814.23,630000000.0,5831000000.0,12.4,0.006881999999999999
541028,801231.ZICN,801231,上海申银万国证券研究所有限公司,申万综合Ⅱ,XSHG,2009-11-18,1814.23,1811.34,1783.61,1852.71,1823.43,715000000.0,6701000000.0,9.2,0.005071
541290,801231.ZICN,801231,上海申银万国证券研究所有限公司,申万综合Ⅱ,XSHG,2009-11-19,1823.43,1823.9,1799.11,1869.61,1849.34,767000000.0,7340000000.0,25.91,0.014209000000000001
541552,801231.ZICN,801231,上海申银万国证券研究所有限公司,申万综合Ⅱ,XSHG,2009-11-20,1849.34,1844.43,1817.98,1890.22,1861.96,728000000.0,6868000000.0,12.62,0.006823999999999999
541814,801231.ZICN,801231,上海申银万国证券研究所有限公司,申万综合Ⅱ,XSHG,2009-11-23,1861.96,1870.05,1850.83,1928.12,1910.53,836000000.0,8048000000.0,48.57,0.026085
542076,801231.ZICN,801231,上海申银万国证券研究所有限公司,申万综合Ⅱ,XSHG,2009-11-24,1910.53,1915.34,1777.98,1945.8,1794.77,1002000000.0,9411000000.0,-115.76,-0.060591
542338,801231.ZICN,801231,上海申银万国证券研究所有限公司,申万综合Ⅱ,XSHG,2009-11-25,1794.77,1785.49,1761.98,1870.03,1858.57,738000000.0,6749000000.0,63.8,0.035548
542600,801231.ZICN,801231,上海申银万国证券研究所有限公司,申万综合Ⅱ,XSHG,2009-11-26,1858.57,1851.3,1763.78,1896.7,1801.68,842000000.0,7542000000.0,-56.89,-0.030610000000000002
542862,801231.ZICN,801231,上海申银万国证券研究所有限公司,申万综合Ⅱ,XSHG,2009-11-27,1801.68,1761.87,1706.83,1810.64,1732.36,590000000.0,5248000000.0,-69.32,-0.038475
543126,801231.ZICN,801231,上海申银万国证券研究所有限公司,申万综合Ⅱ,XSHG,2009-11-30,1732.36,1751.84,1737.39,1821.05,1805.26,557000000.0,5164000000.0,72.9,0.042081
543390,801231.ZICN,801231,上海申银万国证券研究所有限公司,申万综合Ⅱ,XSHG,2009-12-01,1805.26,1801.33,1781.79,1877.12,1859.71,660000000.0,6263000000.0,54.45,0.030162
543654,801231.ZICN,801231,上海申银万国证券研究所有限公司,申万综合Ⅱ,XSHG,2009-12-02,1859.71,1862.64,1839.86,1920.06,1893.23,750000000.0,7136000000.0,33.52,0.018024000000000002
543918,801231.ZICN,801231,上海申银万国证券研究所有限公司,申万综合Ⅱ,XSHG,2009-12-03,1893.23,1884.97,1848.99,1923.26,1895.88,680000000.0,6740000000.0,2.65,0.0014
544182,801231.ZICN,801231,上海申银万国证券研究所有限公司,申万综合Ⅱ,XSHG,2009-12-04,1895.88,1892.91,1792.01,1928.26,1842.81,771000000.0,7410000000.0,-53.07,-0.027992000000000003
544446,801231.ZICN,801231,上海申银万国证券研究所有限公司,申万综合Ⅱ,XSHG,2009-12-07,1842.81,1841.77,1824.73,1903.81,1884.93,513000000.0,4924000000.0,42.12,0.022856
544710,801231.ZICN,801231,上海申银万国证券研究所有限公司,申万综合Ⅱ,XSHG,2009-12-08,1884.93,1887.04,1849.02,1917.26,1880.63,547000000.0,5172000000.0,-4.3,-0.002281
544974,801231.ZICN,801231,上海申银万国证券研究所有限公司,申万综合Ⅱ,XSHG,2009-12-09,1880.63,1864.47,1822.78,1890.97,1845.42,477000000.0,4550000000.0,-35.21,-0.018722
545238,801231.ZICN,801231,上海申银万国证券研究所有限公司,申万综合Ⅱ,XSHG,2009-12-10,1845.42,1851.52,1820.39,1884.95,1849.88,360000000.0,3410000000.0,4.46,0.0024170000000000003
545502,801231.ZICN,801231,上海申银万国证券研究所有限公司,申万综合Ⅱ,XSHG,2009-12-11,1849.88,1853.4,1824.95,1882.74,1848.06,382000000.0,3637000000.0,-1.82,-0.000984
545766,801231.ZICN,801231,上海申银万国证券研究所有限公司,申万综合Ⅱ,XSHG,2009-12-14,1848.06,1851.81,1791.95,1874.69,1845.14,439000000.0,4073000000.0,-2.92,-0.00158
546030,801231.ZICN,801231,上海申银万国证券研究所有限公司,申万综合Ⅱ,XSHG,2009-12-15,1845.14,1841.3,1815.3,1876.57,1840.44,399000000.0,3797000000.0,-4.7,-0.002547
546294,801231.ZICN,801231,上海申银万国证券研究所有限公司,申万综合Ⅱ,XSHG,2009-12-16,1840.44,1832.55,1803.23,1857.42,1821.94,328000000.0,3061000000.0,-18.5,-0.010052
546554,801231.ZICN,801231,上海申银万国证券研究所有限公司,申万综合Ⅱ,XSHG,2009-12-17,1821.94,1821.6,1745.82,1841.62,1758.5,368000000.0,3467000000.0,-63.44,-0.03482
546818,801231.ZICN,801231,上海申银万国证券研究所有限公司,申万综合Ⅱ,XSHG,2009-12-18,1758.5,1742.33,1670.31,1759.87,1684.19,343000000.0,3149000000.0,-74.31,-0.042258
547082,801231.ZICN,801231,上海申银万国证券研究所有限公司,申万综合Ⅱ,XSHG,2009-12-21,1684.19,1682.72,1662.83,1715.76,1705.29,243000000.0,2196000000.0,21.1,0.012528000000000001
547346,801231.ZICN,801231,上海申银万国证券研究所有限公司,申万综合Ⅱ,XSHG,2009-12-22,1705.29,1707.17,1628.61,1719.61,1642.48,282000000.0,2423000000.0,-62.81,-0.036832
547610,801231.ZICN,801231,上海申银万国证券研究所有限公司,申万综合Ⅱ,XSHG,2009-12-23,1642.48,1642.27,1628.2,1681.4,1666.88,256000000.0,2285000000.0,24.4,0.014856
547874,801231.ZICN,801231,上海申银万国证券研究所有限公司,申万综合Ⅱ,XSHG,2009-12-24,1666.88,1667.75,1656.22,1725.3,1715.03,312000000.0,2737000000.0,48.15,0.028886000000000002
548138,801231.ZICN,801231,上海申银万国证券研究所有限公司,申万综合Ⅱ,XSHG,2009-12-25,1715.03,1713.18,1692.62,1745.15,1720.54,283000000.0,2578000000.0,5.51,0.003213
548402,801231.ZICN,801231,上海申银万国证券研究所有限公司,申万综合Ⅱ,XSHG,2009-12-28,1720.54,1724.17,1713.76,1761.7,1746.65,278000000.0,2474000000.0,26.11,0.015175
548666,801231.ZICN,801231,上海申银万国证券研究所有限公司,申万综合Ⅱ,XSHG,2009-12-29,1746.65,1748.75,1712.4,1766.95,1746.15,289000000.0,2675000000.0,-0.5,-0.000286
548930,801231.ZICN,801231,上海申银万国证券研究所有限公司,申万综合Ⅱ,XSHG,2009-12-30,1746.15,1748.07,1719.58,1772.19,1748.31,312000000.0,2853000000.0,2.16,0.0012369999999999998
549190,801231.ZICN,801231,上海申银万国证券研究所有限公司,申万综合Ⅱ,XSHG,2009-12-31,1748.31,1748.62,1732.78,1782.58,1766.44,354000000.0,3191000000.0,18.13,0.01037
549454,801231.ZICN,801231,上海申银万国证券研究所有限公司,申万综合Ⅱ,XSHG,2010-01-04,1766.44,1772.92,1749.63,1804.56,1774.92,394000000.0,3736000000.0,8.48,0.004801
549718,801231.ZICN,801231,上海申银万国证券研究所有限公司,申万综合Ⅱ,XSHG,2010-01-05,1774.92,1774.45,1739.48,1808.11,1788.96,439000000.0,4180000000.0,14.04,0.007909999999999999
549982,801231.ZICN,801231,上海申银万国证券研究所有限公司,申万综合Ⅱ,XSHG,2010-01-06,1788.96,1788.13,1763.37,1828.34,1785.75,440000000.0,4292000000.0,-3.21,-0.001794
550242,801231.ZICN,801231,上海申银万国证券研究所有限公司,申万综合Ⅱ,XSHG,2010-01-07,1785.75,1780.45,1732.49,1822.27,1760.59,603000000.0,5524000000.0,-25.16,-0.014088999999999999
550506,801231.ZICN,801231,上海申银万国证券研究所有限公司,申万综合Ⅱ,XSHG,2010-01-08,1760.59,1750.94,1733.01,1800.01,1785.6,477000000.0,4550000000.0,25.01,0.014205
550770,801231.ZICN,801231,上海申银万国证券研究所有限公司,申万综合Ⅱ,XSHG,2010-01-11,1785.6,1800.47,1764.19,1839.89,1789.78,473000000.0,4634000000.0,4.18,0.002341
551034,801231.ZICN,801231,上海申银万国证券研究所有限公司,申万综合Ⅱ,XSHG,2010-01-12,1789.78,1789.35,1769.63,1834.29,1819.15,457000000.0,4424000000.0,29.37,0.01641
551294,801231.ZICN,801231,上海申银万国证券研究所有限公司,申万综合Ⅱ,XSHG,2010-01-13,1819.15,1786.88,1760.91,1838.17,1793.02,504000000.0,4985000000.0,-26.13,-0.014363999999999998
551558,801231.ZICN,801231,上海申银万国证券研究所有限公司,申万综合Ⅱ,XSHG,2010-01-14,1793.02,1793.65,1779.22,1843.56,1827.52,468000000.0,4549000000.0,34.5,0.019241
551822,801231.ZICN,801231,上海申银万国证券研究所有限公司,申万综合Ⅱ,XSHG,2010-01-15,1827.52,1828.61,1809.74,1868.02,1845.67,455000000.0,4307000000.0,18.15,0.009931
552082,801231.ZICN,801231,上海申银万国证券研究所有限公司,申万综合Ⅱ,XSHG,2010-01-18,1845.67,1847.79,1830.51,1892.47,1879.24,547000000.0,5237000000.0,33.57,0.018189
552342,801231.ZICN,801231,上海申银万国证券研究所有限公司,申万综合Ⅱ,XSHG,2010-01-19,1879.24,1882.33,1851.3,1910.87,1885.81,547000000.0,5373000000.0,6.57,0.003496
552606,801231.ZICN,801231,上海申银万国证券研究所有限公司,申万综合Ⅱ,XSHG,2010-01-20,1885.81,1889.12,1817.09,1924.57,1845.31,800000000.0,7687000000.0,-40.5,-0.021476
552866,801231.ZICN,801231,上海申银万国证券研究所有限公司,申万综合Ⅱ,XSHG,2010-01-21,1845.31,1844.03,1808.34,1888.77,1857.45,685000000.0,6396000000.0,12.14,0.006579000000000001
553126,801231.ZICN,801231,上海申银万国证券研究所有限公司,申万综合Ⅱ,XSHG,2010-01-22,1857.45,1830.83,1763.96,1864.97,1814.77,604000000.0,5678000000.0,-42.68,-0.022978
553390,801231.ZICN,801231,上海申银万国证券研究所有限公司,申万综合Ⅱ,XSHG,2010-01-25,1814.77,1804.46,1767.91,1847.72,1794.27,463000000.0,4388000000.0,-20.5,-0.011295999999999999
553654,801231.ZICN,801231,上海申银万国证券研究所有限公司,申万综合Ⅱ,XSHG,2010-01-26,1794.27,1791.62,1696.45,1811.94,1720.39,434000000.0,4001000000.0,-73.88,-0.041176
553918,801231.ZICN,801231,上海申银万国证券研究所有限公司,申万综合Ⅱ,XSHG,2010-01-27,1720.39,1719.66,1677.54,1752.49,1705.92,305000000.0,2794000000.0,-14.47,-0.008411
554178,801231.ZICN,801231,上海申银万国证券研究所有限公司,申万综合Ⅱ,XSHG,2010-01-28,1705.92,1706.87,1687.17,1750.69,1732.73,314000000.0,2818000000.0,26.81,0.015716
554438,801231.ZICN,801231,上海申银万国证券研究所有限公司,申万综合Ⅱ,XSHG,2010-01-29,1732.73,1717.84,1704.75,1782.76,1747.53,433000000.0,3850000000.0,14.8,0.008541
554699,801231.ZICN,801231,上海申银万国证券研究所有限公司,申万综合Ⅱ,XSHG,2010-02-01,1747.53,1744.97,1696.2,1783.61,1743.23,509000000.0,4985000000.0,-4.3,-0.002461
554960,801231.ZICN,801231,上海申银万国证券研究所有限公司,申万综合Ⅱ,XSHG,2010-02-02,1743.23,1746.69,1713.99,1787.15,1734.1,555000000.0,5289000000.0,-9.13,-0.0052369999999999995
555225,801231.ZICN,801231,上海申银万国证券研究所有限公司,申万综合Ⅱ,XSHG,2010-02-03,1734.1,1734.04,1675.18,1787.16,1773.33,632000000.0,5713000000.0,39.23,0.022622999999999997
555490,801231.ZICN,801231,上海申银万国证券研究所有限公司,申万综合Ⅱ,XSHG,2010-02-04,1773.33,1760.98,1738.96,1829.39,1798.38,684000000.0,6331000000.0,25.05,0.014126
555755,801231.ZICN,801231,上海申银万国证券研究所有限公司,申万综合Ⅱ,XSHG,2010-02-05,1798.38,1763.22,1722.2,1826.53,1769.91,648000000.0,6164000000.0,-28.47,-0.015831
556020,801231.ZICN,801231,上海申银万国证券研究所有限公司,申万综合Ⅱ,XSHG,2010-02-08,1769.91,1761.96,1733.68,1818.5,1780.91,483000000.0,4405000000.0,11.0,0.006215
556285,801231.ZICN,801231,上海申银万国证券研究所有限公司,申万综合Ⅱ,XSHG,2010-02-09,1780.91,1775.04,1738.86,1808.04,1771.67,374000000.0,3373000000.0,-9.24,-0.005188
556546,801231.ZICN,801231,上海申银万国证券研究所有限公司,申万综合Ⅱ,XSHG,2010-02-10,1771.67,1785.47,1754.78,1806.89,1786.7,312000000.0,2971000000.0,15.03,0.008484
556811,801231.ZICN,801231,上海申银万国证券研究所有限公司,申万综合Ⅱ,XSHG,2010-02-11,1786.7,1788.23,1760.78,1811.96,1772.21,308000000.0,2866000000.0,-14.49,-0.00811
557072,801231.ZICN,801231,上海申银万国证券研究所有限公司,申万综合Ⅱ,XSHG,2010-02-12,1772.21,1779.49,1765.1,1813.91,1801.75,314000000.0,3020000000.0,29.54,0.016668000000000002
557337,801231.ZICN,801231,上海申银万国证券研究所有限公司,申万综合Ⅱ,XSHG,2010-02-22,1801.75,1805.57,1784.62,1851.18,1821.76,400000000.0,3819000000.0,20.01,0.011106
557598,801231.ZICN,801231,上海申银万国证券研究所有限公司,申万综合Ⅱ,XSHG,2010-02-23,1821.76,1826.42,1796.53,1875.87,1857.97,595000000.0,5872000000.0,36.21,0.019875999999999998
557863,801231.ZICN,801231,上海申银万国证券研究所有限公司,申万综合Ⅱ,XSHG,2010-02-24,1857.97,1852.52,1830.87,1907.62,1890.35,712000000.0,7129000000.0,32.38,0.017428
558124,801231.ZICN,801231,上海申银万国证券研究所有限公司,申万综合Ⅱ,XSHG,2010-02-25,1890.35,1905.39,1888.04,1968.25,1941.4,788000000.0,8025000000.0,51.05,0.027006
558389,801231.ZICN,801231,上海申银万国证券研究所有限公司,申万综合Ⅱ,XSHG,2010-02-26,1941.4,1943.04,1912.94,1993.9,1952.3,841000000.0,9080000000.0,10.9,0.005615
558650,801231.ZICN,801231,上海申银万国证券研究所有限公司,申万综合Ⅱ,XSHG,2010-03-01,1952.3,1951.44,1927.98,2013.51,1978.63,820000000.0,8339000000.0,26.33,0.013487
558915,801231.ZICN,801231,上海申银万国证券研究所有限公司,申万综合Ⅱ,XSHG,2010-03-02,1978.63,1976.69,1938.58,2019.52,1982.17,815000000.0,8719000000.0,3.54,0.001789
559180,801231.ZICN,801231,上海申银万国证券研究所有限公司,申万综合Ⅱ,XSHG,2010-03-03,1982.17,1976.46,1955.29,2041.93,2017.21,764000000.0,8006000000.0,35.04,0.017678
559441,801231.ZICN,801231,上海申银万国证券研究所有限公司,申万综合Ⅱ,XSHG,2010-03-04,2017.21,2021.59,1924.87,2059.51,1943.34,860000000.0,8771000000.0,-73.87,-0.03662
559702,801231.ZICN,801231,上海申银万国证券研究所有限公司,申万综合Ⅱ,XSHG,2010-03-05,1943.34,1945.18,1913.21,2005.49,1966.43,668000000.0,6752000000.0,23.09,0.011881999999999998
559963,801231.ZICN,801231,上海申银万国证券研究所有限公司,申万综合Ⅱ,XSHG,2010-03-08,1966.43,1967.76,1944.58,2008.33,1983.25,499000000.0,5182000000.0,16.82,0.008554
560228,801231.ZICN,801231,上海申银万国证券研究所有限公司,申万综合Ⅱ,XSHG,2010-03-09,1983.25,1981.82,1943.34,2012.53,1978.63,479000000.0,4883000000.0,-4.62,-0.00233
560493,801231.ZICN,801231,上海申银万国证券研究所有限公司,申万综合Ⅱ,XSHG,2010-03-10,1978.63,1979.41,1926.51,2012.64,1959.32,502000000.0,5087000000.0,-19.31,-0.009759
560758,801231.ZICN,801231,上海申银万国证券研究所有限公司,申万综合Ⅱ,XSHG,2010-03-11,1959.32,1950.76,1905.19,1980.87,1938.48,458000000.0,4677000000.0,-20.84,-0.010636
561019,801231.ZICN,801231,上海申银万国证券研究所有限公司,申万综合Ⅱ,XSHG,2010-03-12,1938.48,1934.03,1891.53,1959.36,1903.51,399000000.0,4153000000.0,-34.97,-0.01804
561284,801231.ZICN,801231,上海申银万国证券研究所有限公司,申万综合Ⅱ,XSHG,2010-03-15,1903.51,1897.7,1863.23,1929.9,1892.4,370000000.0,3682000000.0,-11.11,-0.005837
561545,801231.ZICN,801231,上海申银万国证券研究所有限公司,申万综合Ⅱ,XSHG,2010-03-16,1892.4,1888.25,1863.51,1925.34,1907.65,287000000.0,2956000000.0,15.25,0.008059
561806,801231.ZICN,801231,上海申银万国证券研究所有限公司,申万综合Ⅱ,XSHG,2010-03-17,1907.65,1912.69,1900.53,1979.81,1966.4,522000000.0,5435000000.0,58.75,0.030797
562071,801231.ZICN,801231,上海申银万国证券研究所有限公司,申万综合Ⅱ,XSHG,2010-03-18,1966.4,1965.65,1943.53,2005.47,1971.58,522000000.0,5721000000.0,5.18,0.002634
562332,801231.ZICN,801231,上海申银万国证券研究所有限公司,申万综合Ⅱ,XSHG,2010-03-19,1971.58,1972.15,1954.14,2011.26,1991.8,455000000.0,4984000000.0,20.22,0.010256
562593,801231.ZICN,801231,上海申银万国证券研究所有限公司,申万综合Ⅱ,XSHG,2010-03-22,1991.8,1998.11,1972.8,2032.8,2008.04,471000000.0,5076000000.0,16.24,0.008153
562854,801231.ZICN,801231,上海申银万国证券研究所有限公司,申万综合Ⅱ,XSHG,2010-03-23,2008.04,2007.73,1970.61,2038.69,1992.52,449000000.0,5036000000.0,-15.52,-0.007729000000000001
563119,801231.ZICN,801231,上海申银万国证券研究所有限公司,申万综合Ⅱ,XSHG,2010-03-24,1992.52,1990.83,1965.81,2022.16,1991.95,448000000.0,4900000000.0,-0.57,-0.000286
563384,801231.ZICN,801231,上海申银万国证券研究所有限公司,申万综合Ⅱ,XSHG,2010-03-25,1991.95,1988.01,1941.27,2012.5,1957.03,495000000.0,5303000000.0,-34.92,-0.017531
563649,801231.ZICN,801231,上海申银万国证券研究所有限公司,申万综合Ⅱ,XSHG,2010-03-26,1957.03,1953.97,1938.8,2010.16,1986.36,399000000.0,4252000000.0,29.33,0.014987
563914,801231.ZICN,801231,上海申银万国证券研究所有限公司,申万综合Ⅱ,XSHG,2010-03-29,1986.36,1990.02,1968.82,2028.71,2007.18,442000000.0,4615000000.0,20.82,0.010481
564175,801231.ZICN,801231,上海申银万国证券研究所有限公司,申万综合Ⅱ,XSHG,2010-03-30,2007.18,2005.3,1982.64,2038.22,2017.7,467000000.0,4846000000.0,10.52,0.005241
564436,801231.ZICN,801231,上海申银万国证券研究所有限公司,申万综合Ⅱ,XSHG,2010-03-31,2017.7,2016.67,1995.45,2050.73,2020.11,456000000.0,4661000000.0,2.41,0.001194
564697,801231.ZICN,801231,上海申银万国证券研究所有限公司,申万综合Ⅱ,XSHG,2010-04-01,2020.11,2028.43,2018.67,2082.58,2057.19,636000000.0,6547000000.0,37.08,0.018355
564958,801231.ZICN,801231,上海申银万国证券研究所有限公司,申万综合Ⅱ,XSHG,2010-04-02,2057.19,2055.64,2034.26,2093.41,2063.86,579000000.0,6066000000.0,6.67,0.003242
565219,801231.ZICN,801231,上海申银万国证券研究所有限公司,申万综合Ⅱ,XSHG,2010-04-06,2063.86,2067.43,2034.44,2109.74,2081.52,588000000.0,6246000000.0,17.66,0.008556999999999999
565484,801231.ZICN,801231,上海申银万国证券研究所有限公司,申万综合Ⅱ,XSHG,2010-04-07,2081.52,2078.58,2050.33,2112.79,2085.6,488000000.0,5139000000.0,4.08,0.00196
565749,801231.ZICN,801231,上海申银万国证券研究所有限公司,申万综合Ⅱ,XSHG,2010-04-08,2085.6,2080.86,2051.91,2120.88,2083.27,526000000.0,5404000000.0,-2.33,-0.001117
566014,801231.ZICN,801231,上海申银万国证券研究所有限公司,申万综合Ⅱ,XSHG,2010-04-09,2083.27,2081.74,2062.88,2126.9,2106.54,516000000.0,5236000000.0,23.27,0.011170000000000001
566275,801231.ZICN,801231,上海申银万国证券研究所有限公司,申万综合Ⅱ,XSHG,2010-04-12,2106.54,2109.42,2068.05,2146.17,2107.23,642000000.0,6838000000.0,0.69,0.000328
566540,801231.ZICN,801231,上海申银万国证券研究所有限公司,申万综合Ⅱ,XSHG,2010-04-13,2107.23,2105.96,2016.84,2145.94,2088.36,737000000.0,7765000000.0,-18.87,-0.008955
566805,801231.ZICN,801231,上海申银万国证券研究所有限公司,申万综合Ⅱ,XSHG,2010-04-14,2088.36,2083.94,2061.36,2137.4,2109.68,508000000.0,5381000000.0,21.32,0.010209000000000001
567066,801231.ZICN,801231,上海申银万国证券研究所有限公司,申万综合Ⅱ,XSHG,2010-04-15,2109.68,2102.99,2059.05,2136.93,2090.05,498000000.0,5189000000.0,-19.63,-0.009304999999999999
567331,801231.ZICN,801231,上海申银万国证券研究所有限公司,申万综合Ⅱ,XSHG,2010-04-16,2090.05,2086.39,2044.26,2124.95,2087.92,364000000.0,3928000000.0,-2.13,-0.001019
567596,801231.ZICN,801231,上海申银万国证券研究所有限公司,申万综合Ⅱ,XSHG,2010-04-19,2087.92,2065.38,1957.74,2095.85,1971.55,554000000.0,5671000000.0,-116.37,-0.055735
567861,801231.ZICN,801231,上海申银万国证券研究所有限公司,申万综合Ⅱ,XSHG,2010-04-20,1971.55,1980.79,1912.79,2031.21,1986.14,462000000.0,4796000000.0,14.59,0.0074
568122,801231.ZICN,801231,上海申银万国证券研究所有限公司,申万综合Ⅱ,XSHG,2010-04-21,1986.14,1986.53,1969.34,2072.47,2050.92,564000000.0,6007000000.0,64.78,0.032616
568387,801231.ZICN,801231,上海申银万国证券研究所有限公司,申万综合Ⅱ,XSHG,2010-04-22,2050.92,2044.84,2007.15,2104.46,2057.59,589000000.0,6531000000.0,6.67,0.003252
568648,801231.ZICN,801231,上海申银万国证券研究所有限公司,申万综合Ⅱ,XSHG,2010-04-23,2057.59,2051.27,2015.69,2099.93,2049.67,469000000.0,5124000000.0,-7.92,-0.003849
568909,801231.ZICN,801231,上海申银万国证券研究所有限公司,申万综合Ⅱ,XSHG,2010-04-26,2049.67,2044.74,2015.94,2091.76,2044.02,382000000.0,3969000000.0,-5.65,-0.002757
569170,801231.ZICN,801231,上海申银万国证券研究所有限公司,申万综合Ⅱ,XSHG,2010-04-27,2044.02,2037.89,1937.39,2056.35,1988.67,481000000.0,4896000000.0,-55.35,-0.027079000000000002
569435,801231.ZICN,801231,上海申银万国证券研究所有限公司,申万综合Ⅱ,XSHG,2010-04-28,1988.67,1972.99,1931.72,2017.92,1973.77,330000000.0,3579000000.0,-14.9,-0.007492
569700,801231.ZICN,801231,上海申银万国证券研究所有限公司,申万综合Ⅱ,XSHG,2010-04-29,1973.77,1981.16,1910.13,2022.3,1922.16,382000000.0,4039000000.0,-51.61,-0.026148
569961,801231.ZICN,801231,上海申银万国证券研究所有限公司,申万综合Ⅱ,XSHG,2010-04-30,1922.16,1910.14,1804.04,1930.76,1848.3,366000000.0,3558000000.0,-73.86,-0.038426
570222,801231.ZICN,801231,上海申银万国证券研究所有限公司,申万综合Ⅱ,XSHG,2010-05-04,1848.3,1810.82,1783.26,1871.75,1830.88,247000000.0,2376000000.0,-17.42,-0.009425
570487,801231.ZICN,801231,上海申银万国证券研究所有限公司,申万综合Ⅱ,XSHG,2010-05-05,1830.88,1809.9,1784.9,1889.8,1880.72,315000000.0,3027000000.0,49.84,0.027222000000000003
570752,801231.ZICN,801231,上海申银万国证券研究所有限公司,申万综合Ⅱ,XSHG,2010-05-06,1880.72,1874.44,1812.01,1911.83,1826.77,349000000.0,3471000000.0,-53.95,-0.028686
571017,801231.ZICN,801231,上海申银万国证券研究所有限公司,申万综合Ⅱ,XSHG,2010-05-07,1826.77,1780.47,1754.97,1854.85,1808.8,313000000.0,3017000000.0,-17.97,-0.009837
571282,801231.ZICN,801231,上海申银万国证券研究所有限公司,申万综合Ⅱ,XSHG,2010-05-10,1808.8,1807.55,1730.6,1846.17,1790.98,286000000.0,2767000000.0,-17.82,-0.009852
571547,801231.ZICN,801231,上海申银万国证券研究所有限公司,申万综合Ⅱ,XSHG,2010-05-11,1790.98,1826.84,1717.6,1843.7,1735.98,309000000.0,3021000000.0,-55.0,-0.030708999999999997
571812,801231.ZICN,801231,上海申银万国证券研究所有限公司,申万综合Ⅱ,XSHG,2010-05-12,1735.98,1717.44,1643.38,1756.12,1686.56,377000000.0,3198000000.0,-49.42,-0.028468
572073,801231.ZICN,801231,上海申银万国证券研究所有限公司,申万综合Ⅱ,XSHG,2010-05-13,1686.56,1686.8,1636.89,1732.36,1721.86,401000000.0,3252000000.0,35.3,0.02093
572334,801231.ZICN,801231,上海申银万国证券研究所有限公司,申万综合Ⅱ,XSHG,2010-05-14,1721.86,1704.11,1678.31,1747.6,1719.03,289000000.0,2592000000.0,-2.83,-0.001644
572599,801231.ZICN,801231,上海申银万国证券研究所有限公司,申万综合Ⅱ,XSHG,2010-05-17,1719.03,1695.06,1592.96,1714.67,1606.61,330000000.0,2757000000.0,-112.42,-0.065397
572864,801231.ZICN,801231,上海申银万国证券研究所有限公司,申万综合Ⅱ,XSHG,2010-05-18,1606.61,1594.96,1540.52,1654.85,1617.66,350000000.0,2739000000.0,11.05,0.006878
573125,801231.ZICN,801231,上海申银万国证券研究所有限公司,申万综合Ⅱ,XSHG,2010-05-19,1617.66,1603.63,1574.28,1643.38,1607.88,274000000.0,2253000000.0,-9.78,-0.006046
573390,801231.ZICN,801231,上海申银万国证券研究所有限公司,申万综合Ⅱ,XSHG,2010-05-20,1607.88,1590.3,1549.64,1642.12,1573.44,295000000.0,2385000000.0,-34.44,-0.021419999999999998
573655,801231.ZICN,801231,上海申银万国证券研究所有限公司,申万综合Ⅱ,XSHG,2010-05-21,1573.44,1523.35,1500.9,1613.34,1601.72,350000000.0,2828000000.0,28.28,0.017973
573920,801231.ZICN,801231,上海申银万国证券研究所有限公司,申万综合Ⅱ,XSHG,2010-05-24,1601.72,1613.75,1606.49,1701.98,1680.46,472000000.0,4054000000.0,78.74,0.04916
574185,801231.ZICN,801231,上海申银万国证券研究所有限公司,申万综合Ⅱ,XSHG,2010-05-25,1680.46,1662.32,1630.58,1697.98,1665.38,411000000.0,3526000000.0,-15.08,-0.008974
574450,801231.ZICN,801231,上海申银万国证券研究所有限公司,申万综合Ⅱ,XSHG,2010-05-26,1665.38,1655.77,1639.41,1698.49,1673.53,265000000.0,2272000000.0,8.15,0.004894
574711,801231.ZICN,801231,上海申银万国证券研究所有限公司,申万综合Ⅱ,XSHG,2010-05-27,1673.53,1666.26,1633.67,1712.0,1698.29,384000000.0,3220000000.0,24.76,0.014794999999999999
574976,801231.ZICN,801231,上海申银万国证券研究所有限公司,申万综合Ⅱ,XSHG,2010-05-28,1698.29,1713.43,1675.15,1737.36,1698.84,382000000.0,3269000000.0,0.55,0.000324
575237,801231.ZICN,801231,上海申银万国证券研究所有限公司,申万综合Ⅱ,XSHG,2010-05-31,1698.84,1689.36,1629.35,1716.36,1637.81,353000000.0,2903000000.0,-61.03,-0.035925
575502,801231.ZICN,801231,上海申银万国证券研究所有限公司,申万综合Ⅱ,XSHG,2010-06-01,1637.81,1620.74,1554.85,1645.34,1597.57,276000000.0,2297000000.0,-40.24,-0.024569
575763,801231.ZICN,801231,上海申银万国证券研究所有限公司,申万综合Ⅱ,XSHG,2010-06-02,1597.57,1587.98,1560.14,1629.41,1622.49,207000000.0,1737000000.0,24.92,0.015599000000000002
576028,801231.ZICN,801231,上海申银万国证券研究所有限公司,申万综合Ⅱ,XSHG,2010-06-03,1622.49,1629.34,1592.87,1657.88,1603.33,235000000.0,2020000000.0,-19.16,-0.011809
576293,801231.ZICN,801231,上海申银万国证券研究所有限公司,申万综合Ⅱ,XSHG,2010-06-04,1603.33,1593.61,1575.75,1632.14,1617.99,168000000.0,1435000000.0,14.66,0.009143
576558,801231.ZICN,801231,上海申银万国证券研究所有限公司,申万综合Ⅱ,XSHG,2010-06-07,1617.99,1580.89,1557.9,1625.16,1602.7,228000000.0,1908000000.0,-15.29,-0.00945
576823,801231.ZICN,801231,上海申银万国证券研究所有限公司,申万综合Ⅱ,XSHG,2010-06-08,1602.7,1600.38,1587.2,1649.18,1631.36,249000000.0,2147000000.0,28.66,0.017882
577088,801231.ZICN,801231,上海申银万国证券研究所有限公司,申万综合Ⅱ,XSHG,2010-06-09,1631.36,1642.02,1619.76,1687.59,1674.06,345000000.0,2944000000.0,42.7,0.026174
577353,801231.ZICN,801231,上海申银万国证券研究所有限公司,申万综合Ⅱ,XSHG,2010-06-10,1674.06,1662.23,1647.73,1696.83,1669.86,272000000.0,2325000000.0,-4.2,-0.002509
577618,801231.ZICN,801231,上海申银万国证券研究所有限公司,申万综合Ⅱ,XSHG,2010-06-11,1669.86,1686.64,1659.97,1704.32,1674.42,236000000.0,2050000000.0,4.56,0.002731
577883,801231.ZICN,801231,上海申银万国证券研究所有限公司,申万综合Ⅱ,XSHG,2010-06-17,1674.42,1688.32,1659.44,1712.73,1671.55,197000000.0,1764000000.0,-2.87,-0.001714
578148,801231.ZICN,801231,上海申银万国证券研究所有限公司,申万综合Ⅱ,XSHG,2010-06-18,1671.55,1665.76,1596.7,1684.22,1614.7,220000000.0,1895000000.0,-56.85,-0.034010000000000006
578413,801231.ZICN,801231,上海申银万国证券研究所有限公司,申万综合Ⅱ,XSHG,2010-06-21,1614.7,1613.35,1589.13,1678.54,1667.64,294000000.0,2419000000.0,52.94,0.032786
578678,801231.ZICN,801231,上海申银万国证券研究所有限公司,申万综合Ⅱ,XSHG,2010-06-22,1667.64,1663.53,1649.27,1702.39,1679.58,308000000.0,2573000000.0,11.94,0.00716
578943,801231.ZICN,801231,上海申银万国证券研究所有限公司,申万综合Ⅱ,XSHG,2010-06-23,1679.58,1666.15,1636.28,1696.67,1668.36,275000000.0,2205000000.0,-11.22,-0.006679999999999999
579208,801231.ZICN,801231,上海申银万国证券研究所有限公司,申万综合Ⅱ,XSHG,2010-06-24,1668.36,1664.49,1641.78,1695.69,1674.6,239000000.0,1966000000.0,6.24,0.00374
579473,801231.ZICN,801231,上海申银万国证券研究所有限公司,申万综合Ⅱ,XSHG,2010-06-25,1674.6,1662.11,1626.7,1686.93,1653.6,221000000.0,1830000000.0,-21.0,-0.01254
579734,801231.ZICN,801231,上海申银万国证券研究所有限公司,申万综合Ⅱ,XSHG,2010-06-28,1653.6,1650.47,1613.02,1677.05,1635.35,211000000.0,1722000000.0,-18.25,-0.011037
579999,801231.ZICN,801231,上海申银万国证券研究所有限公司,申万综合Ⅱ,XSHG,2010-06-29,1635.35,1636.85,1520.12,1652.54,1529.74,269000000.0,2072000000.0,-105.61,-0.064579
580260,801231.ZICN,801231,上海申银万国证券研究所有限公司,申万综合Ⅱ,XSHG,2010-06-30,1529.74,1519.9,1466.06,1537.59,1484.06,178000000.0,1359000000.0,-45.68,-0.029861000000000002
580525,801231.ZICN,801231,上海申银万国证券研究所有限公司,申万综合Ⅱ,XSHG,2010-07-01,1484.06,1482.63,1445.55,1507.88,1459.27,202000000.0,1395000000.0,-24.79,-0.016704
580790,801231.ZICN,801231,上海申银万国证券研究所有限公司,申万综合Ⅱ,XSHG,2010-07-02,1459.27,1456.24,1386.05,1486.65,1461.11,239000000.0,1685000000.0,1.84,0.001261
581055,801231.ZICN,801231,上海申银万国证券研究所有限公司,申万综合Ⅱ,XSHG,2010-07-05,1461.11,1442.24,1404.64,1468.72,1443.11,163000000.0,1133000000.0,-18.0,-0.012319
581320,801231.ZICN,801231,上海申银万国证券研究所有限公司,申万综合Ⅱ,XSHG,2010-07-06,1443.11,1441.4,1430.76,1498.3,1483.02,214000000.0,1556000000.0,39.91,0.027656
581585,801231.ZICN,801231,上海申银万国证券研究所有限公司,申万综合Ⅱ,XSHG,2010-07-07,1483.02,1483.06,1462.77,1519.05,1505.02,243000000.0,1690000000.0,22.0,0.014835
581850,801231.ZICN,801231,上海申银万国证券研究所有限公司,申万综合Ⅱ,XSHG,2010-07-08,1505.02,1506.92,1473.5,1530.53,1495.2,225000000.0,1574000000.0,-9.82,-0.006525
582115,801231.ZICN,801231,上海申银万国证券研究所有限公司,申万综合Ⅱ,XSHG,2010-07-09,1495.2,1495.13,1478.77,1556.53,1536.59,318000000.0,2379000000.0,41.39,0.027682
582380,801231.ZICN,801231,上海申银万国证券研究所有限公司,申万综合Ⅱ,XSHG,2010-07-12,1536.59,1533.61,1518.04,1582.91,1556.26,285000000.0,2185000000.0,19.67,0.012801
582645,801231.ZICN,801231,上海申银万国证券研究所有限公司,申万综合Ⅱ,XSHG,2010-07-13,1556.26,1556.84,1522.93,1583.19,1554.17,299000000.0,2327000000.0,-2.09,-0.001343
582910,801231.ZICN,801231,上海申银万国证券研究所有限公司,申万综合Ⅱ,XSHG,2010-07-14,1554.17,1568.76,1558.64,1620.82,1592.62,350000000.0,2755000000.0,38.45,0.02474
583175,801231.ZICN,801231,上海申银万国证券研究所有限公司,申万综合Ⅱ,XSHG,2010-07-15,1592.62,1586.42,1545.26,1613.04,1558.65,326000000.0,2470000000.0,-33.97,-0.021330000000000002
583440,801231.ZICN,801231,上海申银万国证券研究所有限公司,申万综合Ⅱ,XSHG,2010-07-16,1558.65,1548.48,1524.39,1584.67,1569.83,269000000.0,2033000000.0,11.18,0.0071730000000000006
583705,801231.ZICN,801231,上海申银万国证券研究所有限公司,申万综合Ⅱ,XSHG,2010-07-19,1569.83,1555.91,1544.94,1619.66,1608.36,321000000.0,2473000000.0,38.53,0.024544
583970,801231.ZICN,801231,上海申银万国证券研究所有限公司,申万综合Ⅱ,XSHG,2010-07-20,1608.36,1624.14,1613.03,1671.33,1658.76,424000000.0,3320000000.0,50.4,0.031336
584235,801231.ZICN,801231,上海申银万国证券研究所有限公司,申万综合Ⅱ,XSHG,2010-07-21,1658.76,1663.9,1638.16,1706.35,1673.26,502000000.0,4336000000.0,14.5,0.008741
584500,801231.ZICN,801231,上海申银万国证券研究所有限公司,申万综合Ⅱ,XSHG,2010-07-22,1673.26,1660.49,1643.76,1701.83,1690.39,400000000.0,3392000000.0,17.13,0.010237999999999999
584765,801231.ZICN,801231,上海申银万国证券研究所有限公司,申万综合Ⅱ,XSHG,2010-07-23,1690.39,1684.83,1650.8,1707.41,1687.65,351000000.0,2968000000.0,-2.74,-0.001621
585030,801231.ZICN,801231,上海申银万国证券研究所有限公司,申万综合Ⅱ,XSHG,2010-07-26,1687.65,1694.09,1678.72,1739.28,1716.65,465000000.0,4058000000.0,29.0,0.017184
585295,801231.ZICN,801231,上海申银万国证券研究所有限公司,申万综合Ⅱ,XSHG,2010-07-27,1716.65,1712.33,1688.48,1734.66,1706.64,349000000.0,3026000000.0,-10.01,-0.005831
585556,801231.ZICN,801231,上海申银万国证券研究所有限公司,申万综合Ⅱ,XSHG,2010-07-28,1706.64,1703.44,1689.98,1763.18,1743.44,522000000.0,4514000000.0,36.8,0.021563
585821,801231.ZICN,801231,上海申银万国证券研究所有限公司,申万综合Ⅱ,XSHG,2010-07-29,1743.44,1744.2,1722.47,1786.32,1762.21,572000000.0,4730000000.0,18.77,0.010766
586086,801231.ZICN,801231,上海申银万国证券研究所有限公司,申万综合Ⅱ,XSHG,2010-07-30,1762.21,1753.19,1727.13,1781.72,1759.93,383000000.0,3091000000.0,-2.28,-0.001294
586351,801231.ZICN,801231,上海申银万国证券研究所有限公司,申万综合Ⅱ,XSHG,2010-08-02,1759.93,1760.99,1744.15,1802.77,1789.98,487000000.0,4248000000.0,30.05,0.017075
586616,801231.ZICN,801231,上海申银万国证券研究所有限公司,申万综合Ⅱ,XSHG,2010-08-03,1789.98,1789.36,1744.18,1822.09,1755.48,550000000.0,4959000000.0,-34.5,-0.019274
586877,801231.ZICN,801231,上海申银万国证券研究所有限公司,申万综合Ⅱ,XSHG,2010-08-04,1755.48,1748.13,1719.78,1785.11,1774.8,415000000.0,3681000000.0,19.32,0.011006
587142,801231.ZICN,801231,上海申银万国证券研究所有限公司,申万综合Ⅱ,XSHG,2010-08-05,1774.8,1771.82,1747.62,1807.48,1777.81,392000000.0,3453000000.0,3.01,0.001696
587407,801231.ZICN,801231,上海申银万国证券研究所有限公司,申万综合Ⅱ,XSHG,2010-08-06,1777.81,1775.75,1747.47,1824.04,1806.67,462000000.0,4055000000.0,28.86,0.016233
587672,801231.ZICN,801231,上海申银万国证券研究所有限公司,申万综合Ⅱ,XSHG,2010-08-09,1806.67,1806.03,1785.56,1843.11,1823.37,436000000.0,3915000000.0,16.7,0.009244
587937,801231.ZICN,801231,上海申银万国证券研究所有限公司,申万综合Ⅱ,XSHG,2010-08-10,1823.37,1824.13,1746.55,1846.04,1756.89,509000000.0,4568000000.0,-66.48,-0.03646
588203,801231.ZICN,801231,上海申银万国证券研究所有限公司,申万综合Ⅱ,XSHG,2010-08-11,1756.89,1751.38,1739.74,1798.43,1780.01,320000000.0,2906000000.0,23.12,0.01316
588469,801231.ZICN,801231,上海申银万国证券研究所有限公司,申万综合Ⅱ,XSHG,2010-08-12,1780.01,1759.35,1731.88,1800.48,1754.7,358000000.0,3170000000.0,-25.31,-0.014218999999999999
588735,801231.ZICN,801231,上海申银万国证券研究所有限公司,申万综合Ⅱ,XSHG,2010-08-13,1754.7,1754.43,1731.9,1795.36,1784.78,303000000.0,2721000000.0,30.08,0.017143000000000002
588997,801231.ZICN,801231,上海申银万国证券研究所有限公司,申万综合Ⅱ,XSHG,2010-08-16,1784.78,1782.85,1768.71,1832.97,1818.32,409000000.0,3712000000.0,33.54,0.018792
589263,801231.ZICN,801231,上海申银万国证券研究所有限公司,申万综合Ⅱ,XSHG,2010-08-17,1818.32,1820.78,1801.86,1858.0,1839.04,442000000.0,3956000000.0,20.72,0.011395
589525,801231.ZICN,801231,上海申银万国证券研究所有限公司,申万综合Ⅱ,XSHG,2010-08-18,1839.04,1841.87,1805.51,1866.22,1835.29,469000000.0,4071000000.0,-3.75,-0.002039
589791,801231.ZICN,801231,上海申银万国证券研究所有限公司,申万综合Ⅱ,XSHG,2010-08-19,1835.29,1832.79,1807.25,1864.99,1837.93,452000000.0,4031000000.0,2.64,0.001438
590057,801231.ZICN,801231,上海申银万国证券研究所有限公司,申万综合Ⅱ,XSHG,2010-08-20,1837.93,1828.54,1790.24,1868.18,1817.53,508000000.0,4405000000.0,-20.4,-0.011099
590323,801231.ZICN,801231,上海申银万国证券研究所有限公司,申万综合Ⅱ,XSHG,2010-08-23,1817.53,1818.47,1801.78,1880.68,1853.73,514000000.0,4532000000.0,36.2,0.019916999999999997
590589,801231.ZICN,801231,上海申银万国证券研究所有限公司,申万综合Ⅱ,XSHG,2010-08-24,1853.73,1854.67,1829.34,1905.07,1872.18,539000000.0,4954000000.0,18.45,0.009953
590855,801231.ZICN,801231,上海申银万国证券研究所有限公司,申万综合Ⅱ,XSHG,2010-08-25,1872.18,1862.2,1811.29,1894.13,1834.78,577000000.0,5229000000.0,-37.4,-0.019977
591121,801231.ZICN,801231,上海申银万国证券研究所有限公司,申万综合Ⅱ,XSHG,2010-08-26,1834.78,1836.62,1807.11,1870.14,1839.0,426000000.0,3782000000.0,4.22,0.0023
591383,801231.ZICN,801231,上海申银万国证券研究所有限公司,申万综合Ⅱ,XSHG,2010-08-27,1839.0,1834.47,1807.36,1866.99,1842.82,367000000.0,3431000000.0,3.82,0.002077
591645,801231.ZICN,801231,上海申银万国证券研究所有限公司,申万综合Ⅱ,XSHG,2010-08-30,1842.82,1851.67,1836.49,1901.21,1887.29,511000000.0,4794000000.0,44.47,0.024131
591907,801231.ZICN,801231,上海申银万国证券研究所有限公司,申万综合Ⅱ,XSHG,2010-08-31,1887.29,1876.16,1850.87,1918.51,1893.59,490000000.0,4805000000.0,6.3,0.0033380000000000003
592173,801231.ZICN,801231,上海申银万国证券研究所有限公司,申万综合Ⅱ,XSHG,2010-09-01,1893.59,1895.22,1829.18,1937.0,1866.69,585000000.0,5513000000.0,-26.9,-0.014206
592435,801231.ZICN,801231,上海申银万国证券研究所有限公司,申万综合Ⅱ,XSHG,2010-09-02,1866.69,1880.39,1853.48,1922.34,1899.37,526000000.0,5058000000.0,32.68,0.017506999999999998
592697,801231.ZICN,801231,上海申银万国证券研究所有限公司,申万综合Ⅱ,XSHG,2010-09-03,1899.37,1902.78,1879.97,1959.92,1927.5,621000000.0,6011000000.0,28.13,0.01481
592959,801231.ZICN,801231,上海申银万国证券研究所有限公司,申万综合Ⅱ,XSHG,2010-09-06,1927.5,1933.46,1898.7,1971.66,1937.35,576000000.0,5695000000.0,9.85,0.00511
593221,801231.ZICN,801231,上海申银万国证券研究所有限公司,申万综合Ⅱ,XSHG,2010-09-07,1937.35,1937.2,1910.23,1977.4,1957.53,409000000.0,4109000000.0,20.18,0.010416
593483,801231.ZICN,801231,上海申银万国证券研究所有限公司,申万综合Ⅱ,XSHG,2010-09-08,1957.53,1947.86,1921.76,1992.14,1971.1,473000000.0,4993000000.0,13.57,0.006931999999999999
593745,801231.ZICN,801231,上海申银万国证券研究所有限公司,申万综合Ⅱ,XSHG,2010-09-09,1971.1,1971.83,1920.96,2009.65,1945.6,605000000.0,6062000000.0,-25.5,-0.012937
594007,801231.ZICN,801231,上海申银万国证券研究所有限公司,申万综合Ⅱ,XSHG,2010-09-10,1945.6,1941.44,1895.89,1980.57,1953.26,504000000.0,4875000000.0,7.66,0.0039369999999999995
594269,801231.ZICN,801231,上海申银万国证券研究所有限公司,申万综合Ⅱ,XSHG,2010-09-13,1953.26,1953.27,1932.03,1999.48,1976.05,444000000.0,4399000000.0,22.79,0.011668000000000001
594531,801231.ZICN,801231,上海申银万国证券研究所有限公司,申万综合Ⅱ,XSHG,2010-09-14,1976.05,1995.45,1958.82,2035.47,1999.05,543000000.0,5712000000.0,23.0,0.011639
594793,801231.ZICN,801231,上海申银万国证券研究所有限公司,申万综合Ⅱ,XSHG,2010-09-15,1999.05,1989.5,1938.19,2042.7,1966.49,575000000.0,5980000000.0,-32.56,-0.016288
595055,801231.ZICN,801231,上海申银万国证券研究所有限公司,申万综合Ⅱ,XSHG,2010-09-16,1966.49,1962.4,1876.68,2007.99,1928.68,549000000.0,5561000000.0,-37.81,-0.019227
595317,801231.ZICN,801231,上海申银万国证券研究所有限公司,申万综合Ⅱ,XSHG,2010-09-17,1928.68,1928.75,1881.73,1982.83,1932.36,296000000.0,2802000000.0,3.68,0.0019079999999999998
595579,801231.ZICN,801231,上海申银万国证券研究所有限公司,申万综合Ⅱ,XSHG,2010-09-20,1932.36,1923.43,1872.38,1974.9,1920.91,286000000.0,2746000000.0,-11.45,-0.005925
595841,801231.ZICN,801231,上海申银万国证券研究所有限公司,申万综合Ⅱ,XSHG,2010-09-21,1920.91,1901.33,1876.75,1952.13,1909.05,257000000.0,2619000000.0,-11.86,-0.006174
596103,801231.ZICN,801231,上海申银万国证券研究所有限公司,申万综合Ⅱ,XSHG,2010-09-27,1909.05,1915.17,1893.13,1958.79,1941.5,264000000.0,2612000000.0,32.45,0.016998
596365,801231.ZICN,801231,上海申银万国证券研究所有限公司,申万综合Ⅱ,XSHG,2010-09-28,1941.5,1939.74,1903.78,1975.33,1936.75,323000000.0,3222000000.0,-4.75,-0.002447
596627,801231.ZICN,801231,上海申银万国证券研究所有限公司,申万综合Ⅱ,XSHG,2010-09-29,1936.75,1931.56,1890.69,1961.83,1911.2,299000000.0,2961000000.0,-25.55,-0.013191999999999999
596889,801231.ZICN,801231,上海申银万国证券研究所有限公司,申万综合Ⅱ,XSHG,2010-09-30,1911.2,1900.61,1882.73,1950.33,1936.79,301000000.0,2992000000.0,25.59,0.013388999999999998
597151,801231.ZICN,801231,上海申银万国证券研究所有限公司,申万综合Ⅱ,XSHG,2010-10-08,1936.79,1947.82,1925.55,2004.42,1980.8,431000000.0,4070000000.0,44.01,0.022723
597413,801231.ZICN,801231,上海申银万国证券研究所有限公司,申万综合Ⅱ,XSHG,2010-10-11,1980.8,1976.63,1958.99,2040.21,2007.14,531000000.0,5150000000.0,26.34,0.013297999999999999
597675,801231.ZICN,801231,上海申银万国证券研究所有限公司,申万综合Ⅱ,XSHG,2010-10-12,2007.14,2000.08,1975.85,2052.58,2026.09,508000000.0,4884000000.0,18.95,0.009441
597937,801231.ZICN,801231,上海申银万国证券研究所有限公司,申万综合Ⅱ,XSHG,2010-10-13,2026.09,2024.74,1993.07,2082.01,2048.68,582000000.0,5750000000.0,22.59,0.01115
598199,801231.ZICN,801231,上海申银万国证券研究所有限公司,申万综合Ⅱ,XSHG,2010-10-14,2048.68,2049.2,1968.45,2078.09,1994.97,511000000.0,5146000000.0,-53.71,-0.026217
598461,801231.ZICN,801231,上海申银万国证券研究所有限公司,申万综合Ⅱ,XSHG,2010-10-15,1994.97,1983.34,1952.71,2042.23,2000.51,470000000.0,4600000000.0,5.54,0.002777
598723,801231.ZICN,801231,上海申银万国证券研究所有限公司,申万综合Ⅱ,XSHG,2010-10-18,2000.51,2010.69,1939.79,2063.39,1994.1,557000000.0,5338000000.0,-6.41,-0.003204
598985,801231.ZICN,801231,上海申银万国证券研究所有限公司,申万综合Ⅱ,XSHG,2010-10-19,1994.1,1984.46,1960.29,2064.28,2046.69,427000000.0,4337000000.0,52.59,0.026373
599247,801231.ZICN,801231,上海申银万国证券研究所有限公司,申万综合Ⅱ,XSHG,2010-10-20,2046.69,2006.18,1980.65,2085.46,2047.43,503000000.0,5132000000.0,0.74,0.000362
599509,801231.ZICN,801231,上海申银万国证券研究所有限公司,申万综合Ⅱ,XSHG,2010-10-21,2047.43,2049.55,2022.18,2115.79,2081.92,459000000.0,4963000000.0,34.49,0.016846
599771,801231.ZICN,801231,上海申银万国证券研究所有限公司,申万综合Ⅱ,XSHG,2010-10-22,2081.92,2081.88,2040.14,2130.04,2096.46,444000000.0,4895000000.0,14.54,0.006984000000000001
600033,801231.ZICN,801231,上海申银万国证券研究所有限公司,申万综合Ⅱ,XSHG,2010-10-25,2096.46,2102.75,2078.78,2181.0,2155.89,569000000.0,5835000000.0,59.43,0.028348
600295,801231.ZICN,801231,上海申银万国证券研究所有限公司,申万综合Ⅱ,XSHG,2010-10-26,2155.89,2168.54,2122.41,2223.01,2184.07,692000000.0,7559000000.0,28.18,0.013071000000000001
600557,801231.ZICN,801231,上海申银万国证券研究所有限公司,申万综合Ⅱ,XSHG,2010-10-27,2184.07,2179.93,2133.64,2240.67,2161.5,608000000.0,6602000000.0,-22.57,-0.010334000000000001
600819,801231.ZICN,801231,上海申银万国证券研究所有限公司,申万综合Ⅱ,XSHG,2010-10-28,2161.5,2154.49,2122.1,2210.74,2169.92,453000000.0,4844000000.0,8.42,0.0038950000000000005
601081,801231.ZICN,801231,上海申银万国证券研究所有限公司,申万综合Ⅱ,XSHG,2010-10-29,2169.92,2164.89,2131.91,2227.29,2193.6,450000000.0,5087000000.0,23.68,0.010912999999999999
601343,801231.ZICN,801231,上海申银万国证券研究所有限公司,申万综合Ⅱ,XSHG,2010-11-01,2193.6,2196.66,2174.95,2268.28,2234.38,584000000.0,6595000000.0,40.78,0.01859
601605,801231.ZICN,801231,上海申银万国证券研究所有限公司,申万综合Ⅱ,XSHG,2010-11-02,2234.38,2234.33,2183.33,2306.75,2238.02,714000000.0,8102000000.0,3.64,0.001629
601867,801231.ZICN,801231,上海申银万国证券研究所有限公司,申万综合Ⅱ,XSHG,2010-11-03,2238.02,2225.12,2166.43,2288.41,2196.66,621000000.0,7046000000.0,-41.36,-0.018481
602129,801231.ZICN,801231,上海申银万国证券研究所有限公司,申万综合Ⅱ,XSHG,2010-11-04,2196.66,2204.79,2178.47,2287.57,2260.64,623000000.0,6853000000.0,63.98,0.029126
602391,801231.ZICN,801231,上海申银万国证券研究所有限公司,申万综合Ⅱ,XSHG,2010-11-05,2260.64,2275.12,2233.92,2344.54,2294.33,685000000.0,7691000000.0,33.69,0.014903
602653,801231.ZICN,801231,上海申银万国证券研究所有限公司,申万综合Ⅱ,XSHG,2010-11-08,2294.33,2300.46,2262.57,2366.36,2333.04,673000000.0,7456000000.0,38.71,0.016872
602915,801231.ZICN,801231,上海申银万国证券研究所有限公司,申万综合Ⅱ,XSHG,2010-11-09,2333.04,2342.36,2298.42,2396.91,2361.38,820000000.0,8392000000.0,28.34,0.012147
603177,801231.ZICN,801231,上海申银万国证券研究所有限公司,申万综合Ⅱ,XSHG,2010-11-10,2361.38,2356.24,2313.49,2418.53,2367.46,758000000.0,7849000000.0,6.08,0.002575
603439,801231.ZICN,801231,上海申银万国证券研究所有限公司,申万综合Ⅱ,XSHG,2010-11-11,2367.46,2358.52,2315.14,2420.73,2334.17,698000000.0,7647000000.0,-33.29,-0.014061
603701,801231.ZICN,801231,上海申银万国证券研究所有限公司,申万综合Ⅱ,XSHG,2010-11-12,2334.17,2318.03,2159.77,2364.21,2186.38,839000000.0,8581000000.0,-147.79,-0.063316
603967,801231.ZICN,801231,上海申银万国证券研究所有限公司,申万综合Ⅱ,XSHG,2010-11-15,2186.38,2180.6,2132.28,2247.62,2219.44,554000000.0,5663000000.0,33.06,0.015121
604229,801231.ZICN,801231,上海申银万国证券研究所有限公司,申万综合Ⅱ,XSHG,2010-11-16,2219.44,2217.39,2089.89,2259.86,2125.19,633000000.0,6205000000.0,-94.25,-0.042466000000000004
604491,801231.ZICN,801231,上海申银万国证券研究所有限公司,申万综合Ⅱ,XSHG,2010-11-17,2125.19,2103.52,2025.05,2151.91,2055.07,414000000.0,4073000000.0,-70.12,-0.032995
604753,801231.ZICN,801231,上海申银万国证券研究所有限公司,申万综合Ⅱ,XSHG,2010-11-18,2055.07,2069.56,2030.04,2121.61,2085.29,310000000.0,3118000000.0,30.22,0.014705000000000001
605015,801231.ZICN,801231,上海申银万国证券研究所有限公司,申万综合Ⅱ,XSHG,2010-11-19,2085.29,2089.7,2053.09,2158.9,2147.9,406000000.0,4101000000.0,62.61,0.030025
605277,801231.ZICN,801231,上海申银万国证券研究所有限公司,申万综合Ⅱ,XSHG,2010-11-22,2147.9,2137.53,2115.51,2214.44,2172.79,419000000.0,4495000000.0,24.89,0.011588
605539,801231.ZICN,801231,上海申银万国证券研究所有限公司,申万综合Ⅱ,XSHG,2010-11-23,2172.79,2165.41,2070.12,2198.4,2144.03,419000000.0,4278000000.0,-28.76,-0.013236000000000001
605801,801231.ZICN,801231,上海申银万国证券研究所有限公司,申万综合Ⅱ,XSHG,2010-11-24,2144.03,2131.11,2109.02,2210.83,2192.67,386000000.0,4078000000.0,48.64,0.022686
606063,801231.ZICN,801231,上海申银万国证券研究所有限公司,申万综合Ⅱ,XSHG,2010-11-25,2192.67,2197.41,2169.97,2264.59,2218.39,426000000.0,4564000000.0,25.72,0.011729999999999999
606325,801231.ZICN,801231,上海申银万国证券研究所有限公司,申万综合Ⅱ,XSHG,2010-11-26,2218.39,2210.24,2165.06,2255.35,2216.54,380000000.0,3933000000.0,-1.85,-0.000834
606587,801231.ZICN,801231,上海申银万国证券研究所有限公司,申万综合Ⅱ,XSHG,2010-11-29,2216.54,2209.19,2166.12,2258.08,2219.35,402000000.0,4283000000.0,2.81,0.001268
606849,801231.ZICN,801231,上海申银万国证券研究所有限公司,申万综合Ⅱ,XSHG,2010-11-30,2219.35,2210.01,2073.73,2234.97,2143.78,447000000.0,4620000000.0,-75.57,-0.034051
607111,801231.ZICN,801231,上海申银万国证券研究所有限公司,申万综合Ⅱ,XSHG,2010-12-01,2143.78,2124.35,2092.49,2161.78,2135.43,276000000.0,2743000000.0,-8.35,-0.0038950000000000005
607373,801231.ZICN,801231,上海申银万国证券研究所有限公司,申万综合Ⅱ,XSHG,2010-12-02,2135.43,2152.21,2113.58,2193.37,2143.48,395000000.0,4366000000.0,8.05,0.0037700000000000003
607635,801231.ZICN,801231,上海申银万国证券研究所有限公司,申万综合Ⅱ,XSHG,2010-12-03,2143.48,2148.53,2092.71,2176.61,2134.92,303000000.0,3336000000.0,-8.56,-0.003994
607897,801231.ZICN,801231,上海申银万国证券研究所有限公司,申万综合Ⅱ,XSHG,2010-12-06,2134.92,2130.14,2065.87,2160.02,2101.65,250000000.0,2751000000.0,-33.27,-0.015584
608159,801231.ZICN,801231,上海申银万国证券研究所有限公司,申万综合Ⅱ,XSHG,2010-12-07,2101.65,2093.91,2047.41,2143.01,2126.29,246000000.0,2654000000.0,24.64,0.011724
608421,801231.ZICN,801231,上海申银万国证券研究所有限公司,申万综合Ⅱ,XSHG,2010-12-08,2126.29,2122.74,2087.54,2157.81,2115.11,242000000.0,2863000000.0,-11.18,-0.005258
608683,801231.ZICN,801231,上海申银万国证券研究所有限公司,申万综合Ⅱ,XSHG,2010-12-09,2115.11,2102.96,2034.04,2124.27,2057.68,286000000.0,2957000000.0,-57.43,-0.027152
608945,801231.ZICN,801231,上海申银万国证券研究所有限公司,申万综合Ⅱ,XSHG,2010-12-10,2057.68,2046.52,2024.13,2101.01,2084.38,220000000.0,2357000000.0,26.7,0.012976
609207,801231.ZICN,801231,上海申银万国证券研究所有限公司,申万综合Ⅱ,XSHG,2010-12-13,2084.38,2085.37,2069.91,2144.99,2128.4,257000000.0,2786000000.0,44.02,0.021119
609469,801231.ZICN,801231,上海申银万国证券研究所有限公司,申万综合Ⅱ,XSHG,2010-12-14,2128.4,2138.75,2107.51,2181.13,2162.28,365000000.0,4142000000.0,33.88,0.015918
609731,801231.ZICN,801231,上海申银万国证券研究所有限公司,申万综合Ⅱ,XSHG,2010-12-15,2162.28,2164.7,2124.63,2198.49,2157.55,356000000.0,4028000000.0,-4.73,-0.002188
609993,801231.ZICN,801231,上海申银万国证券研究所有限公司,申万综合Ⅱ,XSHG,2010-12-16,2157.55,2149.2,2125.55,2195.12,2160.02,277000000.0,3080000000.0,2.47,0.001145
610255,801231.ZICN,801231,上海申银万国证券研究所有限公司,申万综合Ⅱ,XSHG,2010-12-17,2160.02,2154.05,2123.22,2195.03,2167.48,226000000.0,2556000000.0,7.46,0.003454
610517,801231.ZICN,801231,上海申银万国证券研究所有限公司,申万综合Ⅱ,XSHG,2010-12-20,2167.48,2170.0,2072.86,2204.37,2142.01,322000000.0,3619000000.0,-25.47,-0.011751000000000001
610779,801231.ZICN,801231,上海申银万国证券研究所有限公司,申万综合Ⅱ,XSHG,2010-12-21,2142.01,2138.7,2104.55,2183.57,2163.44,260000000.0,2795000000.0,21.43,0.010005
611041,801231.ZICN,801231,上海申银万国证券研究所有限公司,申万综合Ⅱ,XSHG,2010-12-22,2163.44,2163.37,2113.85,2184.94,2137.29,236000000.0,2619000000.0,-26.15,-0.012087
611303,801231.ZICN,801231,上海申银万国证券研究所有限公司,申万综合Ⅱ,XSHG,2010-12-23,2137.29,2135.33,2081.02,2163.64,2110.24,240000000.0,2656000000.0,-27.05,-0.012656
611565,801231.ZICN,801231,上海申银万国证券研究所有限公司,申万综合Ⅱ,XSHG,2010-12-24,2110.24,2101.25,2044.46,2125.36,2080.41,203000000.0,2241000000.0,-29.83,-0.014136000000000001
611827,801231.ZICN,801231,上海申银万国证券研究所有限公司,申万综合Ⅱ,XSHG,2010-12-27,2080.41,2079.68,2005.76,2124.18,2032.48,223000000.0,2317000000.0,-47.93,-0.023038999999999997
612089,801231.ZICN,801231,上海申银万国证券研究所有限公司,申万综合Ⅱ,XSHG,2010-12-28,2032.48,2025.97,1956.48,2055.62,1995.43,211000000.0,2005000000.0,-37.05,-0.018229
612351,801231.ZICN,801231,上海申银万国证券研究所有限公司,申万综合Ⅱ,XSHG,2010-12-29,1995.43,1993.58,1965.15,2036.95,2024.13,160000000.0,1554000000.0,28.7,0.014383000000000002
612613,801231.ZICN,801231,上海申银万国证券研究所有限公司,申万综合Ⅱ,XSHG,2010-12-30,2024.13,2017.8,1978.03,2041.08,2015.23,168000000.0,1591000000.0,-8.9,-0.004397
612875,801231.ZICN,801231,上海申银万国证券研究所有限公司,申万综合Ⅱ,XSHG,2010-12-31,2015.23,2020.98,1995.1,2068.75,2053.56,198000000.0,2177000000.0,38.33,0.01902
613137,801231.ZICN,801231,上海申银万国证券研究所有限公司,申万综合Ⅱ,XSHG,2011-01-04,2053.56,2066.48,2032.53,2104.9,2081.08,253000000.0,2561000000.0,27.52,0.013401
613403,801231.ZICN,801231,上海申银万国证券研究所有限公司,申万综合Ⅱ,XSHG,2011-01-05,2081.08,2073.96,2043.9,2117.47,2089.96,243000000.0,2561000000.0,8.88,0.004267
613669,801231.ZICN,801231,上海申银万国证券研究所有限公司,申万综合Ⅱ,XSHG,2011-01-06,2089.96,2093.25,2055.77,2122.67,2081.17,230000000.0,2387000000.0,-8.79,-0.0042060000000000005
613935,801231.ZICN,801231,上海申银万国证券研究所有限公司,申万综合Ⅱ,XSHG,2011-01-07,2081.17,2077.05,2045.45,2124.75,2085.52,248000000.0,2672000000.0,4.35,0.00209
614201,801231.ZICN,801231,上海申银万国证券研究所有限公司,申万综合Ⅱ,XSHG,2011-01-10,2085.52,2084.26,2017.87,2120.45,2051.58,250000000.0,2510000000.0,-33.94,-0.016274
614467,801231.ZICN,801231,上海申银万国证券研究所有限公司,申万综合Ⅱ,XSHG,2011-01-11,2051.58,2044.39,1997.59,2074.92,2048.59,200000000.0,2004000000.0,-2.99,-0.001457
614733,801231.ZICN,801231,上海申银万国证券研究所有限公司,申万综合Ⅱ,XSHG,2011-01-12,2048.59,2046.83,2016.6,2092.49,2073.63,195000000.0,2081000000.0,25.04,0.012223000000000001
614995,801231.ZICN,801231,上海申银万国证券研究所有限公司,申万综合Ⅱ,XSHG,2011-01-13,2073.63,2073.87,2037.5,2101.64,2065.4,164000000.0,1725000000.0,-8.23,-0.0039689999999999994
615257,801231.ZICN,801231,上海申银万国证券研究所有限公司,申万综合Ⅱ,XSHG,2011-01-14,2065.4,2059.96,2000.84,2080.42,2031.94,206000000.0,2009000000.0,-33.46,-0.0162
615520,801231.ZICN,801231,上海申银万国证券研究所有限公司,申万综合Ⅱ,XSHG,2011-01-17,2031.94,2018.65,1931.36,2038.68,1955.37,205000000.0,1946000000.0,-76.57,-0.037683
615783,801231.ZICN,801231,上海申银万国证券研究所有限公司,申万综合Ⅱ,XSHG,2011-01-18,1955.37,1949.74,1916.02,1987.68,1961.0,134000000.0,1248000000.0,5.63,0.002879
616046,801231.ZICN,801231,上海申银万国证券研究所有限公司,申万综合Ⅱ,XSHG,2011-01-19,1961.0,1962.04,1941.75,2019.85,2005.0,226000000.0,1934000000.0,44.0,0.022438
616309,801231.ZICN,801231,上海申银万国证券研究所有限公司,申万综合Ⅱ,XSHG,2011-01-20,2005.0,1997.58,1911.73,2022.94,1931.24,226000000.0,1999000000.0,-73.76,-0.036788
616572,801231.ZICN,801231,上海申银万国证券研究所有限公司,申万综合Ⅱ,XSHG,2011-01-21,1931.24,1924.92,1892.02,1973.12,1945.0,189000000.0,1725000000.0,13.76,0.007125
616835,801231.ZICN,801231,上海申银万国证券研究所有限公司,申万综合Ⅱ,XSHG,2011-01-24,1945.0,1940.37,1894.56,1967.47,1915.23,156000000.0,1450000000.0,-29.77,-0.015306
617098,801231.ZICN,801231,上海申银万国证券研究所有限公司,申万综合Ⅱ,XSHG,2011-01-25,1915.23,1909.58,1854.39,1929.74,1883.26,136000000.0,1225000000.0,-31.97,-0.016693
617361,801231.ZICN,801231,上海申银万国证券研究所有限公司,申万综合Ⅱ,XSHG,2011-01-26,1883.26,1884.07,1866.96,1929.38,1912.56,126000000.0,1125000000.0,29.3,0.015558
617624,801231.ZICN,801231,上海申银万国证券研究所有限公司,申万综合Ⅱ,XSHG,2011-01-27,1912.56,1898.31,1872.45,1956.21,1937.0,193000000.0,1863000000.0,24.44,0.012779
617887,801231.ZICN,801231,上海申银万国证券研究所有限公司,申万综合Ⅱ,XSHG,2011-01-28,1937.0,1931.99,1911.71,1979.03,1953.08,207000000.0,2111000000.0,16.08,0.008301000000000001
618150,801231.ZICN,801231,上海申银万国证券研究所有限公司,申万综合Ⅱ,XSHG,2011-01-31,1953.08,1954.4,1932.65,2002.63,1986.45,192000000.0,1849000000.0,33.37,0.017086
618413,801231.ZICN,801231,上海申银万国证券研究所有限公司,申万综合Ⅱ,XSHG,2011-02-01,1986.45,1988.73,1962.49,2013.13,1992.23,145000000.0,1377000000.0,5.78,0.0029100000000000003
618676,801231.ZICN,801231,上海申银万国证券研究所有限公司,申万综合Ⅱ,XSHG,2011-02-09,1992.23,1981.42,1958.95,2038.7,2000.45,212000000.0,1995000000.0,8.22,0.0041259999999999995
618939,801231.ZICN,801231,上海申银万国证券研究所有限公司,申万综合Ⅱ,XSHG,2011-02-10,2000.45,2004.72,1978.43,2066.99,2055.16,244000000.0,2601000000.0,54.71,0.027349000000000002
619202,801231.ZICN,801231,上海申银万国证券研究所有限公司,申万综合Ⅱ,XSHG,2011-02-11,2055.16,2050.73,2027.95,2108.49,2079.63,282000000.0,2873000000.0,24.47,0.011907
619465,801231.ZICN,801231,上海申银万国证券研究所有限公司,申万综合Ⅱ,XSHG,2011-02-14,2079.63,2080.54,2063.22,2136.27,2107.2,313000000.0,3240000000.0,27.57,0.013257
619728,801231.ZICN,801231,上海申银万国证券研究所有限公司,申万综合Ⅱ,XSHG,2011-02-15,2107.2,2107.78,2081.98,2155.04,2104.9,336000000.0,3448000000.0,-2.3,-0.001091
619991,801231.ZICN,801231,上海申银万国证券研究所有限公司,申万综合Ⅱ,XSHG,2011-02-16,2104.9,2100.87,2084.8,2158.9,2147.44,304000000.0,3235000000.0,42.54,0.02021
620254,801231.ZICN,801231,上海申银万国证券研究所有限公司,申万综合Ⅱ,XSHG,2011-02-17,2147.44,2152.28,2107.87,2191.37,2158.89,391000000.0,4195000000.0,11.45,0.005332
620517,801231.ZICN,801231,上海申银万国证券研究所有限公司,申万综合Ⅱ,XSHG,2011-02-18,2158.89,2156.76,2102.22,2183.64,2134.73,323000000.0,3722000000.0,-24.16,-0.011191
620780,801231.ZICN,801231,上海申银万国证券研究所有限公司,申万综合Ⅱ,XSHG,2011-02-21,2134.73,2119.86,2098.79,2184.6,2164.1,332000000.0,3696000000.0,29.37,0.013758000000000001
621043,801231.ZICN,801231,上海申银万国证券研究所有限公司,申万综合Ⅱ,XSHG,2011-02-22,2164.1,2163.21,2081.31,2193.4,2111.31,412000000.0,4442000000.0,-52.79,-0.024394
621306,801231.ZICN,801231,上海申银万国证券研究所有限公司,申万综合Ⅱ,XSHG,2011-02-23,2111.31,2101.23,2081.22,2182.39,2155.61,422000000.0,4382000000.0,44.3,0.020982
621569,801231.ZICN,801231,上海申银万国证券研究所有限公司,申万综合Ⅱ,XSHG,2011-02-24,2155.61,2157.14,2120.32,2198.32,2169.68,427000000.0,4316000000.0,14.07,0.006527
621832,801231.ZICN,801231,上海申银万国证券研究所有限公司,申万综合Ⅱ,XSHG,2011-02-25,2169.68,2165.74,2133.23,2211.08,2177.34,371000000.0,3843000000.0,7.66,0.0035299999999999997
622095,801231.ZICN,801231,上海申银万国证券研究所有限公司,申万综合Ⅱ,XSHG,2011-02-28,2177.34,2180.46,2151.81,2262.43,2234.15,552000000.0,5720000000.0,56.81,0.026091000000000003
622358,801231.ZICN,801231,上海申银万国证券研究所有限公司,申万综合Ⅱ,XSHG,2011-03-01,2234.15,2230.83,2200.49,2290.68,2251.25,552000000.0,5881000000.0,17.1,0.007654
622621,801231.ZICN,801231,上海申银万国证券研究所有限公司,申万综合Ⅱ,XSHG,2011-03-02,2251.25,2242.96,2198.71,2295.6,2263.03,521000000.0,5568000000.0,11.78,0.005233
622884,801231.ZICN,801231,上海申银万国证券研究所有限公司,申万综合Ⅱ,XSHG,2011-03-03,2263.03,2257.95,2196.12,2300.35,2225.52,448000000.0,5082000000.0,-37.51,-0.016575
623147,801231.ZICN,801231,上海申银万国证券研究所有限公司,申万综合Ⅱ,XSHG,2011-03-04,2225.52,2226.41,2198.09,2280.55,2256.76,344000000.0,3888000000.0,31.24,0.014037
623410,801231.ZICN,801231,上海申银万国证券研究所有限公司,申万综合Ⅱ,XSHG,2011-03-07,2256.76,2264.72,2231.83,2308.04,2269.8,462000000.0,5021000000.0,13.04,0.005778
623673,801231.ZICN,801231,上海申银万国证券研究所有限公司,申万综合Ⅱ,XSHG,2011-03-08,2269.8,2265.94,2234.56,2311.88,2287.37,374000000.0,4308000000.0,17.57,0.007741
623936,801231.ZICN,801231,上海申银万国证券研究所有限公司,申万综合Ⅱ,XSHG,2011-03-09,2287.37,2284.44,2249.72,2317.16,2285.31,369000000.0,4074000000.0,-2.06,-0.000901
624199,801231.ZICN,801231,上海申银万国证券研究所有限公司,申万综合Ⅱ,XSHG,2011-03-10,2285.31,2277.39,2234.73,2308.8,2258.38,342000000.0,3843000000.0,-26.93,-0.011784000000000001
624462,801231.ZICN,801231,上海申银万国证券研究所有限公司,申万综合Ⅱ,XSHG,2011-03-11,2258.38,2247.36,2222.03,2299.57,2247.9,334000000.0,3600000000.0,-10.48,-0.00464
624725,801231.ZICN,801231,上海申银万国证券研究所有限公司,申万综合Ⅱ,XSHG,2011-03-14,2247.9,2240.46,2211.76,2292.28,2266.61,326000000.0,3609000000.0,18.71,0.008323
624988,801231.ZICN,801231,上海申银万国证券研究所有限公司,申万综合Ⅱ,XSHG,2011-03-15,2266.61,2255.33,2166.17,2281.47,2237.85,403000000.0,4272000000.0,-28.76,-0.012689
625251,801231.ZICN,801231,上海申银万国证券研究所有限公司,申万综合Ⅱ,XSHG,2011-03-16,2237.85,2231.86,2208.91,2289.18,2267.95,368000000.0,4081000000.0,30.1,0.01345
625514,801231.ZICN,801231,上海申银万国证券研究所有限公司,申万综合Ⅱ,XSHG,2011-03-17,2267.95,2242.57,2186.4,2269.67,2211.66,339000000.0,3736000000.0,-56.29,-0.02482
625777,801231.ZICN,801231,上海申银万国证券研究所有限公司,申万综合Ⅱ,XSHG,2011-03-18,2211.66,2224.29,2203.31,2271.09,2243.87,270000000.0,3120000000.0,32.21,0.014563999999999999
626040,801231.ZICN,801231,上海申银万国证券研究所有限公司,申万综合Ⅱ,XSHG,2011-03-21,2243.87,2241.34,2213.03,2287.95,2248.13,266000000.0,3096000000.0,4.26,0.0018989999999999999
626303,801231.ZICN,801231,上海申银万国证券研究所有限公司,申万综合Ⅱ,XSHG,2011-03-22,2248.13,2255.9,2205.67,2282.81,2246.82,263000000.0,2922000000.0,-1.31,-0.000583
626570,801231.ZICN,801231,上海申银万国证券研究所有限公司,申万综合Ⅱ,XSHG,2011-03-23,2246.82,2246.33,2221.02,2296.2,2281.33,305000000.0,3305000000.0,34.51,0.015359000000000001
626833,801231.ZICN,801231,上海申银万国证券研究所有限公司,申万综合Ⅱ,XSHG,2011-03-24,2281.33,2278.4,2250.17,2330.56,2298.35,426000000.0,4957000000.0,17.02,0.007461
627096,801231.ZICN,801231,上海申银万国证券研究所有限公司,申万综合Ⅱ,XSHG,2011-03-25,2298.35,2293.17,2265.4,2336.68,2305.55,403000000.0,4391000000.0,7.2,0.003133
627363,801231.ZICN,801231,上海申银万国证券研究所有限公司,申万综合Ⅱ,XSHG,2011-03-28,2305.55,2306.79,2246.29,2352.45,2287.63,537000000.0,5825000000.0,-17.92,-0.007773
627630,801231.ZICN,801231,上海申银万国证券研究所有限公司,申万综合Ⅱ,XSHG,2011-03-29,2287.63,2279.98,2229.61,2323.42,2266.56,499000000.0,5661000000.0,-21.07,-0.00921
627893,801231.ZICN,801231,上海申银万国证券研究所有限公司,申万综合Ⅱ,XSHG,2011-03-30,2266.56,2258.38,2209.65,2306.56,2255.34,316000000.0,3412000000.0,-11.22,-0.00495
628160,801231.ZICN,801231,上海申银万国证券研究所有限公司,申万综合Ⅱ,XSHG,2011-03-31,2255.34,2257.03,2194.37,2294.75,2232.51,413000000.0,4096000000.0,-22.83,-0.010123
628423,801231.ZICN,801231,上海申银万国证券研究所有限公司,申万综合Ⅱ,XSHG,2011-04-01,2232.51,2233.69,2199.98,2276.4,2255.56,336000000.0,3571000000.0,23.05,0.010325
628686,801231.ZICN,801231,上海申银万国证券研究所有限公司,申万综合Ⅱ,XSHG,2011-04-06,2255.56,2243.83,2206.1,2288.77,2254.04,345000000.0,3715000000.0,-1.52,-0.000674
628949,801231.ZICN,801231,上海申银万国证券研究所有限公司,申万综合Ⅱ,XSHG,2011-04-07,2254.04,2249.35,2216.22,2288.8,2258.37,371000000.0,4010000000.0,4.33,0.0019210000000000002
629216,801231.ZICN,801231,上海申银万国证券研究所有限公司,申万综合Ⅱ,XSHG,2011-04-08,2258.37,2252.27,2229.16,2308.7,2287.32,355000000.0,3850000000.0,28.95,0.012819
629479,801231.ZICN,801231,上海申银万国证券研究所有限公司,申万综合Ⅱ,XSHG,2011-04-11,2287.32,2291.83,2249.73,2337.38,2290.51,446000000.0,4747000000.0,3.19,0.001395
629742,801231.ZICN,801231,上海申银万国证券研究所有限公司,申万综合Ⅱ,XSHG,2011-04-12,2290.51,2287.43,2249.91,2325.75,2289.12,342000000.0,3610000000.0,-1.39,-0.000607
630005,801231.ZICN,801231,上海申银万国证券研究所有限公司,申万综合Ⅱ,XSHG,2011-04-13,2289.12,2279.58,2238.81,2314.16,2297.96,330000000.0,3490000000.0,8.84,0.0038619999999999995
630268,801231.ZICN,801231,上海申银万国证券研究所有限公司,申万综合Ⅱ,XSHG,2011-04-14,2297.96,2296.65,2256.79,2326.29,2293.44,280000000.0,3151000000.0,-4.52,-0.001967
630531,801231.ZICN,801231,上海申银万国证券研究所有限公司,申万综合Ⅱ,XSHG,2011-04-15,2293.44,2292.32,2249.4,2333.26,2299.16,336000000.0,3747000000.0,5.72,0.002494
630794,801231.ZICN,801231,上海申银万国证券研究所有限公司,申万综合Ⅱ,XSHG,2011-04-18,2299.16,2288.48,2254.7,2343.65,2320.33,417000000.0,4379000000.0,21.17,0.009208
631057,801231.ZICN,801231,上海申银万国证券研究所有限公司,申万综合Ⅱ,XSHG,2011-04-19,2320.33,2310.62,2255.52,2352.72,2295.05,470000000.0,4770000000.0,-25.28,-0.010895
631320,801231.ZICN,801231,上海申银万国证券研究所有限公司,申万综合Ⅱ,XSHG,2011-04-20,2295.05,2298.69,2270.54,2361.57,2320.46,422000000.0,4310000000.0,25.41,0.011072
631583,801231.ZICN,801231,上海申银万国证券研究所有限公司,申万综合Ⅱ,XSHG,2011-04-21,2320.46,2331.94,2296.82,2370.33,2339.66,443000000.0,4804000000.0,19.2,0.008274
631846,801231.ZICN,801231,上海申银万国证券研究所有限公司,申万综合Ⅱ,XSHG,2011-04-22,2339.66,2336.18,2295.08,2375.41,2325.47,345000000.0,3476000000.0,-14.19,-0.006065
632109,801231.ZICN,801231,上海申银万国证券研究所有限公司,申万综合Ⅱ,XSHG,2011-04-25,2325.47,2319.76,2247.31,2352.08,2278.94,395000000.0,4127000000.0,-46.53,-0.020009
632372,801231.ZICN,801231,上海申银万国证券研究所有限公司,申万综合Ⅱ,XSHG,2011-04-26,2278.94,2273.09,2196.27,2306.06,2233.35,349000000.0,3655000000.0,-45.59,-0.020005000000000002
632635,801231.ZICN,801231,上海申银万国证券研究所有限公司,申万综合Ⅱ,XSHG,2011-04-27,2233.35,2237.09,2180.62,2281.14,2225.09,303000000.0,3321000000.0,-8.26,-0.003698
632898,801231.ZICN,801231,上海申银万国证券研究所有限公司,申万综合Ⅱ,XSHG,2011-04-28,2225.09,2227.41,2138.97,2263.53,2159.43,311000000.0,3261000000.0,-65.66,-0.029508999999999997
633161,801231.ZICN,801231,上海申银万国证券研究所有限公司,申万综合Ⅱ,XSHG,2011-04-29,2159.43,2158.73,2114.04,2199.57,2180.55,207000000.0,2288000000.0,21.12,0.00978
633424,801231.ZICN,801231,上海申银万国证券研究所有限公司,申万综合Ⅱ,XSHG,2011-05-03,2180.55,2182.33,2151.78,2234.48,2220.8,230000000.0,2625000000.0,40.25,0.018459
633687,801231.ZICN,801231,上海申银万国证券研究所有限公司,申万综合Ⅱ,XSHG,2011-05-04,2220.8,2207.54,2146.64,2227.07,2177.79,252000000.0,2728000000.0,-43.01,-0.019367
633950,801231.ZICN,801231,上海申银万国证券研究所有限公司,申万综合Ⅱ,XSHG,2011-05-05,2177.79,2168.84,2138.12,2211.47,2179.95,213000000.0,2365000000.0,2.16,0.000992
634213,801231.ZICN,801231,上海申银万国证券研究所有限公司,申万综合Ⅱ,XSHG,2011-05-06,2179.95,2158.84,2126.46,2211.05,2181.66,218000000.0,2319000000.0,1.71,0.000784
634476,801231.ZICN,801231,上海申银万国证券研究所有限公司,申万综合Ⅱ,XSHG,2011-05-09,2181.66,2180.77,2164.58,2228.85,2209.75,212000000.0,2377000000.0,28.09,0.012875999999999999
634739,801231.ZICN,801231,上海申银万国证券研究所有限公司,申万综合Ⅱ,XSHG,2011-05-10,2209.75,2204.19,2175.3,2233.7,2219.92,201000000.0,2228000000.0,10.17,0.004602
635002,801231.ZICN,801231,上海申银万国证券研究所有限公司,申万综合Ⅱ,XSHG,2011-05-11,2219.92,2217.51,2185.78,2266.81,2237.9,295000000.0,3466000000.0,17.98,0.008099
635265,801231.ZICN,801231,上海申银万国证券研究所有限公司,申万综合Ⅱ,XSHG,2011-05-12,2237.9,2219.4,2179.33,2267.05,2208.29,323000000.0,3761000000.0,-29.61,-0.013231
635532,801231.ZICN,801231,上海申银万国证券研究所有限公司,申万综合Ⅱ,XSHG,2011-05-13,2208.29,2204.75,2177.88,2261.33,2240.44,302000000.0,3428000000.0,32.15,0.014559
635799,801231.ZICN,801231,上海申银万国证券研究所有限公司,申万综合Ⅱ,XSHG,2011-05-16,2240.44,2235.54,2208.0,2294.87,2254.04,314000000.0,3618000000.0,13.6,0.00607
636062,801231.ZICN,801231,上海申银万国证券研究所有限公司,申万综合Ⅱ,XSHG,2011-05-17,2254.04,2247.7,2191.91,2285.58,2231.72,350000000.0,3952000000.0,-22.32,-0.009902
636325,801231.ZICN,801231,上海申银万国证券研究所有限公司,申万综合Ⅱ,XSHG,2011-05-18,2231.72,2219.97,2183.86,2268.04,2240.98,279000000.0,2961000000.0,9.26,0.004149
636588,801231.ZICN,801231,上海申银万国证券研究所有限公司,申万综合Ⅱ,XSHG,2011-05-19,2240.98,2240.98,2199.59,2283.16,2229.74,278000000.0,3096000000.0,-11.24,-0.005016
636851,801231.ZICN,801231,上海申银万国证券研究所有限公司,申万综合Ⅱ,XSHG,2011-05-20,2229.74,2225.13,2183.48,2270.6,2231.32,206000000.0,2342000000.0,1.58,0.000709
637114,801231.ZICN,801231,上海申银万国证券研究所有限公司,申万综合Ⅱ,XSHG,2011-05-23,2231.32,2217.4,2118.17,2242.51,2145.13,296000000.0,2794000000.0,-86.19,-0.038627
637377,801231.ZICN,801231,上海申银万国证券研究所有限公司,申万综合Ⅱ,XSHG,2011-05-24,2145.13,2127.74,2078.8,2166.63,2136.01,268000000.0,2665000000.0,-9.12,-0.004251
637644,801231.ZICN,801231,上海申银万国证券研究所有限公司,申万综合Ⅱ,XSHG,2011-05-25,2136.01,2132.53,2088.39,2169.95,2116.61,261000000.0,2415000000.0,-19.4,-0.009082
637911,801231.ZICN,801231,上海申银万国证券研究所有限公司,申万综合Ⅱ,XSHG,2011-05-26,2116.61,2123.97,2092.82,2173.62,2125.59,287000000.0,2766000000.0,8.98,0.004243
638174,801231.ZICN,801231,上海申银万国证券研究所有限公司,申万综合Ⅱ,XSHG,2011-05-27,2125.59,2116.37,2018.37,2141.47,2041.91,377000000.0,3546000000.0,-83.68,-0.039368
638437,801231.ZICN,801231,上海申银万国证券研究所有限公司,申万综合Ⅱ,XSHG,2011-05-30,2041.91,2024.63,1965.09,2059.46,1995.06,242000000.0,2308000000.0,-46.85,-0.022944
638700,801231.ZICN,801231,上海申银万国证券研究所有限公司,申万综合Ⅱ,XSHG,2011-05-31,1995.06,1990.78,1962.47,2049.14,2038.55,241000000.0,2241000000.0,43.49,0.021799000000000002
638963,801231.ZICN,801231,上海申银万国证券研究所有限公司,申万综合Ⅱ,XSHG,2011-06-01,2038.55,2033.12,2014.29,2091.49,2070.51,300000000.0,2677000000.0,31.96,0.015678
639226,801231.ZICN,801231,上海申银万国证券研究所有限公司,申万综合Ⅱ,XSHG,2011-06-02,2070.51,2041.34,1996.71,2078.22,2046.81,293000000.0,2577000000.0,-23.7,-0.011446
639489,801231.ZICN,801231,上海申银万国证券研究所有限公司,申万综合Ⅱ,XSHG,2011-06-03,2046.81,2042.62,2032.34,2098.71,2074.89,230000000.0,2163000000.0,28.08,0.013719
639752,801231.ZICN,801231,上海申银万国证券研究所有限公司,申万综合Ⅱ,XSHG,2011-06-07,2074.89,2064.77,2047.82,2111.95,2095.99,205000000.0,2026000000.0,21.1,0.010169
640019,801231.ZICN,801231,上海申银万国证券研究所有限公司,申万综合Ⅱ,XSHG,2011-06-08,2095.99,2076.8,2048.12,2119.1,2103.95,283000000.0,2677000000.0,7.96,0.0037979999999999997
640282,801231.ZICN,801231,上海申银万国证券研究所有限公司,申万综合Ⅱ,XSHG,2011-06-09,2103.95,2102.5,2039.04,2120.67,2051.92,256000000.0,2430000000.0,-52.03,-0.024730000000000002
640545,801231.ZICN,801231,上海申银万国证券研究所有限公司,申万综合Ⅱ,XSHG,2011-06-10,2051.92,2049.13,2007.83,2079.51,2054.5,206000000.0,1819000000.0,2.58,0.001257
640808,801231.ZICN,801231,上海申银万国证券研究所有限公司,申万综合Ⅱ,XSHG,2011-06-13,2054.5,2039.8,2012.59,2092.37,2075.2,255000000.0,2380000000.0,20.7,0.010075
641071,801231.ZICN,801231,上海申银万国证券研究所有限公司,申万综合Ⅱ,XSHG,2011-06-14,2075.2,2067.87,2057.2,2124.1,2102.79,249000000.0,2446000000.0,27.59,0.013295
641338,801231.ZICN,801231,上海申银万国证券研究所有限公司,申万综合Ⅱ,XSHG,2011-06-15,2102.79,2095.22,2072.45,2126.5,2087.5,197000000.0,1917000000.0,-15.29,-0.007271
641601,801231.ZICN,801231,上海申银万国证券研究所有限公司,申万综合Ⅱ,XSHG,2011-06-16,2087.5,2068.81,2020.74,2088.53,2036.12,193000000.0,1753000000.0,-51.38,-0.024613
641864,801231.ZICN,801231,上海申银万国证券研究所有限公司,申万综合Ⅱ,XSHG,2011-06-17,2036.12,2027.56,1990.58,2067.72,2012.44,194000000.0,1816000000.0,-23.68,-0.01163
642127,801231.ZICN,801231,上海申银万国证券研究所有限公司,申万综合Ⅱ,XSHG,2011-06-20,2012.44,2006.77,1961.76,2034.88,1989.55,170000000.0,1623000000.0,-22.89,-0.011373999999999999
642390,801231.ZICN,801231,上海申银万国证券研究所有限公司,申万综合Ⅱ,XSHG,2011-06-21,1989.55,1996.85,1966.86,2032.45,2016.7,203000000.0,1929000000.0,27.15,0.013646
642653,801231.ZICN,801231,上海申银万国证券研究所有限公司,申万综合Ⅱ,XSHG,2011-06-22,2016.7,2020.26,1984.63,2045.95,2015.01,194000000.0,1849000000.0,-1.69,-0.0008380000000000001
642916,801231.ZICN,801231,上海申银万国证券研究所有限公司,申万综合Ⅱ,XSHG,2011-06-23,2015.01,2009.96,1982.79,2062.25,2044.59,232000000.0,2286000000.0,29.58,0.01468
643179,801231.ZICN,801231,上海申银万国证券研究所有限公司,申万综合Ⅱ,XSHG,2011-06-24,2044.59,2034.63,2018.81,2108.3,2081.31,325000000.0,3080000000.0,36.72,0.01796
643442,801231.ZICN,801231,上海申银万国证券研究所有限公司,申万综合Ⅱ,XSHG,2011-06-27,2081.31,2083.93,2070.1,2138.62,2114.58,294000000.0,2909000000.0,33.27,0.015985
643705,801231.ZICN,801231,上海申银万国证券研究所有限公司,申万综合Ⅱ,XSHG,2011-06-28,2114.58,2112.86,2076.91,2136.89,2116.36,261000000.0,2735000000.0,1.78,0.000842
643968,801231.ZICN,801231,上海申银万国证券研究所有限公司,申万综合Ⅱ,XSHG,2011-06-29,2116.36,2111.45,2064.87,2130.77,2075.39,215000000.0,2081000000.0,-40.97,-0.019359
644231,801231.ZICN,801231,上海申银万国证券研究所有限公司,申万综合Ⅱ,XSHG,2011-06-30,2075.39,2074.78,2063.76,2139.94,2118.58,248000000.0,2622000000.0,43.19,0.020811
644494,801231.ZICN,801231,上海申银万国证券研究所有限公司,申万综合Ⅱ,XSHG,2011-07-01,2118.58,2126.48,2107.73,2172.29,2144.77,420000000.0,4043000000.0,26.19,0.012362
644757,801231.ZICN,801231,上海申银万国证券研究所有限公司,申万综合Ⅱ,XSHG,2011-07-04,2144.77,2152.11,2139.63,2205.56,2190.28,383000000.0,3822000000.0,45.51,0.021219
645020,801231.ZICN,801231,上海申银万国证券研究所有限公司,申万综合Ⅱ,XSHG,2011-07-05,2190.28,2199.41,2172.19,2236.66,2212.28,418000000.0,4625000000.0,22.0,0.010043999999999999
645283,801231.ZICN,801231,上海申银万国证券研究所有限公司,申万综合Ⅱ,XSHG,2011-07-06,2212.28,2196.81,2162.87,2227.89,2203.8,370000000.0,3873000000.0,-8.48,-0.003833
645546,801231.ZICN,801231,上海申银万国证券研究所有限公司,申万综合Ⅱ,XSHG,2011-07-07,2203.8,2196.88,2172.31,2242.0,2196.75,364000000.0,3973000000.0,-7.05,-0.003199
645809,801231.ZICN,801231,上海申银万国证券研究所有限公司,申万综合Ⅱ,XSHG,2011-07-08,2196.75,2189.77,2152.15,2229.65,2191.95,351000000.0,3607000000.0,-4.8,-0.0021850000000000003
646072,801231.ZICN,801231,上海申银万国证券研究所有限公司,申万综合Ⅱ,XSHG,2011-07-11,2191.95,2180.35,2158.79,2231.4,2210.47,330000000.0,3274000000.0,18.52,0.008449
646335,801231.ZICN,801231,上海申银万国证券研究所有限公司,申万综合Ⅱ,XSHG,2011-07-12,2210.47,2186.24,2143.07,2217.73,2167.26,347000000.0,3252000000.0,-43.21,-0.019548
646598,801231.ZICN,801231,上海申银万国证券研究所有限公司,申万综合Ⅱ,XSHG,2011-07-13,2167.26,2163.35,2155.69,2217.29,2201.9,304000000.0,3083000000.0,34.64,0.015983
646861,801231.ZICN,801231,上海申银万国证券研究所有限公司,申万综合Ⅱ,XSHG,2011-07-14,2201.9,2202.2,2178.22,2261.13,2234.6,427000000.0,4364000000.0,32.7,0.014851
647124,801231.ZICN,801231,上海申银万国证券研究所有限公司,申万综合Ⅱ,XSHG,2011-07-15,2234.6,2228.01,2198.03,2267.43,2235.12,394000000.0,3773000000.0,0.52,0.000233
647387,801231.ZICN,801231,上海申银万国证券研究所有限公司,申万综合Ⅱ,XSHG,2011-07-18,2235.12,2233.7,2205.62,2275.94,2242.48,351000000.0,3466000000.0,7.36,0.003293
647650,801231.ZICN,801231,上海申银万国证券研究所有限公司,申万综合Ⅱ,XSHG,2011-07-19,2242.48,2232.81,2191.34,2257.38,2221.54,312000000.0,2954000000.0,-20.94,-0.009337999999999999
647913,801231.ZICN,801231,上海申银万国证券研究所有限公司,申万综合Ⅱ,XSHG,2011-07-20,2221.54,2229.7,2199.64,2273.15,2239.9,360000000.0,3534000000.0,18.36,0.008265
648176,801231.ZICN,801231,上海申银万国证券研究所有限公司,申万综合Ⅱ,XSHG,2011-07-21,2239.9,2235.04,2189.52,2264.29,2209.68,325000000.0,3063000000.0,-30.22,-0.013491999999999999
648439,801231.ZICN,801231,上海申银万国证券研究所有限公司,申万综合Ⅱ,XSHG,2011-07-22,2209.68,2211.02,2191.57,2249.39,2216.81,308000000.0,2916000000.0,7.13,0.0032270000000000003
648702,801231.ZICN,801231,上海申银万国证券研究所有限公司,申万综合Ⅱ,XSHG,2011-07-25,2216.81,2206.53,2085.07,2226.79,2106.68,448000000.0,4236000000.0,-110.13,-0.049679
648965,801231.ZICN,801231,上海申银万国证券研究所有限公司,申万综合Ⅱ,XSHG,2011-07-26,2106.68,2098.65,2076.34,2137.49,2119.6,315000000.0,2685000000.0,12.92,0.0061329999999999996
649228,801231.ZICN,801231,上海申银万国证券研究所有限公司,申万综合Ⅱ,XSHG,2011-07-27,2119.6,2109.67,2088.16,2159.16,2145.69,306000000.0,2741000000.0,26.09,0.012309
649491,801231.ZICN,801231,上海申银万国证券研究所有限公司,申万综合Ⅱ,XSHG,2011-07-28,2145.69,2123.44,2090.49,2155.89,2126.47,304000000.0,2849000000.0,-19.22,-0.008957
649754,801231.ZICN,801231,上海申银万国证券研究所有限公司,申万综合Ⅱ,XSHG,2011-07-29,2126.47,2123.39,2081.49,2154.8,2101.38,266000000.0,2496000000.0,-25.09,-0.011798999999999999
650017,801231.ZICN,801231,上海申银万国证券研究所有限公司,申万综合Ⅱ,XSHG,2011-08-01,2101.38,2098.63,2080.02,2150.82,2129.85,252000000.0,2421000000.0,28.47,0.013548
650280,801231.ZICN,801231,上海申银万国证券研究所有限公司,申万综合Ⅱ,XSHG,2011-08-02,2129.85,2118.82,2066.43,2144.11,2121.8,273000000.0,2669000000.0,-8.05,-0.0037799999999999995
650543,801231.ZICN,801231,上海申银万国证券研究所有限公司,申万综合Ⅱ,XSHG,2011-08-03,2121.8,2097.58,2082.31,2145.69,2123.94,232000000.0,2159000000.0,2.14,0.001009
650810,801231.ZICN,801231,上海申银万国证券研究所有限公司,申万综合Ⅱ,XSHG,2011-08-04,2123.94,2125.77,2107.42,2168.41,2135.96,242000000.0,2356000000.0,12.02,0.005659
651073,801231.ZICN,801231,上海申银万国证券研究所有限公司,申万综合Ⅱ,XSHG,2011-08-05,2135.96,2065.37,2030.83,2109.77,2073.9,276000000.0,2494000000.0,-62.06,-0.029055
651336,801231.ZICN,801231,上海申银万国证券研究所有限公司,申万综合Ⅱ,XSHG,2011-08-08,2073.9,2035.74,1912.11,2070.79,1961.22,372000000.0,3204000000.0,-112.68,-0.054332000000000005
651599,801231.ZICN,801231,上海申银万国证券研究所有限公司,申万综合Ⅱ,XSHG,2011-08-09,1961.22,1902.6,1844.01,1981.88,1951.78,409000000.0,3271000000.0,-9.44,-0.0048130000000000004
651862,801231.ZICN,801231,上海申银万国证券研究所有限公司,申万综合Ⅱ,XSHG,2011-08-10,1951.78,1973.54,1951.57,2029.62,1984.41,392000000.0,3290000000.0,32.63,0.016718
652125,801231.ZICN,801231,上海申银万国证券研究所有限公司,申万综合Ⅱ,XSHG,2011-08-11,1984.41,2237.9,2267.05,2219.4,2179.33,322770000.0,3761060000.0,194.92,0.098226
652388,801231.ZICN,801231,上海申银万国证券研究所有限公司,申万综合Ⅱ,XSHG,2011-08-12,2179.33,2037.61,2023.43,2098.16,2068.13,450000000.0,4116000000.0,-111.2,-0.051025
652651,801231.ZICN,801231,上海申银万国证券研究所有限公司,申万综合Ⅱ,XSHG,2011-08-15,2068.13,2069.48,2049.08,2117.08,2091.85,403000000.0,3680000000.0,23.72,0.011469
652914,801231.ZICN,801231,上海申银万国证券研究所有限公司,申万综合Ⅱ,XSHG,2011-08-16,2091.85,2090.75,2052.84,2127.07,2082.84,432000000.0,3879000000.0,-9.01,-0.004307
653177,801231.ZICN,801231,上海申银万国证券研究所有限公司,申万综合Ⅱ,XSHG,2011-08-17,2082.84,2075.76,2046.41,2113.72,2073.79,363000000.0,3281000000.0,-9.05,-0.004345
653444,801231.ZICN,801231,上海申银万国证券研究所有限公司,申万综合Ⅱ,XSHG,2011-08-18,2073.79,2068.09,2022.23,2105.51,2040.63,330000000.0,2860000000.0,-33.16,-0.01599
653707,801231.ZICN,801231,上海申银万国证券研究所有限公司,申万综合Ⅱ,XSHG,2011-08-19,2040.63,1990.57,1961.39,2036.45,2017.18,329000000.0,2870000000.0,-23.45,-0.011492
653970,801231.ZICN,801231,上海申银万国证券研究所有限公司,申万综合Ⅱ,XSHG,2011-08-22,2017.18,2014.09,1986.07,2056.8,2010.59,308000000.0,2774000000.0,-6.59,-0.0032670000000000004
654233,801231.ZICN,801231,上海申银万国证券研究所有限公司,申万综合Ⅱ,XSHG,2011-08-23,2010.59,2018.62,1997.44,2062.6,2048.55,332000000.0,2985000000.0,37.96,0.01888
654496,801231.ZICN,801231,上海申银万国证券研究所有限公司,申万综合Ⅱ,XSHG,2011-08-24,2048.55,2056.46,2020.75,2086.24,2038.84,344000000.0,3053000000.0,-9.71,-0.00474
654759,801231.ZICN,801231,上海申银万国证券研究所有限公司,申万综合Ⅱ,XSHG,2011-08-25,2038.84,2040.35,2019.71,2102.04,2090.43,403000000.0,3593000000.0,51.59,0.025304
655022,801231.ZICN,801231,上海申银万国证券研究所有限公司,申万综合Ⅱ,XSHG,2011-08-26,2090.43,2081.29,2060.17,2113.1,2091.51,312000000.0,2881000000.0,1.08,0.000517
655285,801231.ZICN,801231,上海申银万国证券研究所有限公司,申万综合Ⅱ,XSHG,2011-08-29,2091.51,2076.38,2046.32,2106.66,2071.13,281000000.0,2590000000.0,-20.38,-0.009744
655548,801231.ZICN,801231,上海申银万国证券研究所有限公司,申万综合Ⅱ,XSHG,2011-08-30,2071.13,2081.08,2036.35,2115.94,2050.65,364000000.0,3247000000.0,-20.48,-0.009888
655811,801231.ZICN,801231,上海申银万国证券研究所有限公司,申万综合Ⅱ,XSHG,2011-08-31,2050.65,2047.47,2007.21,2070.11,2040.02,262000000.0,2267000000.0,-10.63,-0.005184
656074,801231.ZICN,801231,上海申银万国证券研究所有限公司,申万综合Ⅱ,XSHG,2011-09-01,2040.02,2040.61,2006.13,2064.35,2022.41,213000000.0,1911000000.0,-17.61,-0.008631999999999999
656337,801231.ZICN,801231,上海申银万国证券研究所有限公司,申万综合Ⅱ,XSHG,2011-09-02,2022.41,2014.81,1969.77,2031.15,1991.85,167000000.0,1495000000.0,-30.56,-0.015111000000000001
656600,801231.ZICN,801231,上海申银万国证券研究所有限公司,申万综合Ⅱ,XSHG,2011-09-05,1991.85,1970.21,1928.2,1989.33,1944.03,176000000.0,1551000000.0,-47.82,-0.024008
656863,801231.ZICN,801231,上海申银万国证券研究所有限公司,申万综合Ⅱ,XSHG,2011-09-06,1944.03,1925.6,1905.51,1960.36,1936.02,189000000.0,1609000000.0,-8.01,-0.00412
657126,801231.ZICN,801231,上海申银万国证券研究所有限公司,申万综合Ⅱ,XSHG,2011-09-07,1936.02,1944.77,1932.88,1989.81,1980.11,213000000.0,1813000000.0,44.09,0.022774000000000003
657389,801231.ZICN,801231,上海申银万国证券研究所有限公司,申万综合Ⅱ,XSHG,2011-09-08,1980.11,1986.49,1945.68,2009.8,1959.39,224000000.0,1922000000.0,-20.72,-0.010464
657656,801231.ZICN,801231,上海申银万国证券研究所有限公司,申万综合Ⅱ,XSHG,2011-09-09,1959.39,1958.0,1933.73,1998.7,1962.57,208000000.0,1777000000.0,3.18,0.001623
657919,801231.ZICN,801231,上海申银万国证券研究所有限公司,申万综合Ⅱ,XSHG,2011-09-13,1962.57,1932.4,1905.06,1971.94,1946.12,194000000.0,1745000000.0,-16.45,-0.008381999999999999
658182,801231.ZICN,801231,上海申银万国证券研究所有限公司,申万综合Ⅱ,XSHG,2011-09-14,1946.12,1951.59,1919.78,1989.81,1976.9,203000000.0,1866000000.0,30.78,0.015816
658445,801231.ZICN,801231,上海申银万国证券研究所有限公司,申万综合Ⅱ,XSHG,2011-09-15,1976.9,1974.67,1953.6,2010.06,1982.29,195000000.0,1809000000.0,5.39,0.002726
658708,801231.ZICN,801231,上海申银万国证券研究所有限公司,申万综合Ⅱ,XSHG,2011-09-16,1982.29,1987.54,1968.08,2018.21,1985.09,173000000.0,1673000000.0,2.8,0.001413
658971,801231.ZICN,801231,上海申银万国证券研究所有限公司,申万综合Ⅱ,XSHG,2011-09-19,1985.09,1972.0,1924.63,1989.49,1942.82,175000000.0,1599000000.0,-42.27,-0.021294
659234,801231.ZICN,801231,上海申银万国证券研究所有限公司,申万综合Ⅱ,XSHG,2011-09-20,1942.82,1935.15,1913.28,1976.73,1953.28,167000000.0,1524000000.0,10.46,0.005384000000000001
659497,801231.ZICN,801231,上海申银万国证券研究所有限公司,申万综合Ⅱ,XSHG,2011-09-21,1953.28,1948.92,1930.44,2018.66,2006.67,263000000.0,2426000000.0,53.39,0.027333999999999997
659760,801231.ZICN,801231,上海申银万国证券研究所有限公司,申万综合Ⅱ,XSHG,2011-09-22,2006.67,1992.84,1932.17,2013.82,1941.22,252000000.0,2346000000.0,-65.45,-0.032616
660023,801231.ZICN,801231,上海申银万国证券研究所有限公司,申万综合Ⅱ,XSHG,2011-09-23,1941.22,1903.28,1877.92,1946.66,1923.03,197000000.0,1783000000.0,-18.19,-0.00937
660286,801231.ZICN,801231,上海申银万国证券研究所有限公司,申万综合Ⅱ,XSHG,2011-09-26,1923.03,1912.26,1872.76,1943.64,1889.39,157000000.0,1410000000.0,-33.64,-0.017493
660549,801231.ZICN,801231,上海申银万国证券研究所有限公司,申万综合Ⅱ,XSHG,2011-09-27,1889.39,1902.5,1874.22,1930.64,1904.69,161000000.0,1456000000.0,15.3,0.008098000000000001
660812,801231.ZICN,801231,上海申银万国证券研究所有限公司,申万综合Ⅱ,XSHG,2011-09-28,1904.69,1915.38,1848.91,1930.98,1865.54,162000000.0,1410000000.0,-39.15,-0.020555
661075,801231.ZICN,801231,上海申银万国证券研究所有限公司,申万综合Ⅱ,XSHG,2011-09-29,1865.54,1854.29,1792.88,1875.48,1811.2,193000000.0,1593000000.0,-54.34,-0.029127999999999998
661338,801231.ZICN,801231,上海申银万国证券研究所有限公司,申万综合Ⅱ,XSHG,2011-09-30,1811.2,1808.87,1767.66,1834.38,1798.66,152000000.0,1228000000.0,-12.54,-0.006924
661606,801231.ZICN,801231,上海申银万国证券研究所有限公司,申万综合Ⅱ,XSHG,2011-10-10,1798.66,1802.08,1774.12,1829.08,1797.2,100000000.0,750000000.0,-1.46,-0.0008119999999999999
661910,801231.ZICN,801231,上海申银万国证券研究所有限公司,申万综合Ⅱ,XSHG,2011-10-11,1797.2,1836.49,1776.88,1858.16,1803.36,124000000.0,997000000.0,6.16,0.003428
662214,801231.ZICN,801231,上海申银万国证券研究所有限公司,申万综合Ⅱ,XSHG,2011-10-12,1803.36,1794.45,1776.61,1873.79,1863.21,202000000.0,1745000000.0,59.85,0.033188
662514,801231.ZICN,801231,上海申银万国证券研究所有限公司,申万综合Ⅱ,XSHG,2011-10-13,1863.21,1856.35,1838.23,1909.81,1890.24,243000000.0,1998000000.0,27.03,0.014506999999999999
662814,801231.ZICN,801231,上海申银万国证券研究所有限公司,申万综合Ⅱ,XSHG,2011-10-14,1890.24,1878.98,1852.04,1903.29,1882.1,149000000.0,1216000000.0,-8.14,-0.004306
663114,801231.ZICN,801231,上海申银万国证券研究所有限公司,申万综合Ⅱ,XSHG,2011-10-17,1882.1,1880.67,1858.61,1915.57,1887.63,172000000.0,1499000000.0,5.53,0.002938
663414,801231.ZICN,801231,上海申银万国证券研究所有限公司,申万综合Ⅱ,XSHG,2011-10-18,1887.63,1876.57,1817.04,1899.49,1829.17,208000000.0,1691000000.0,-58.46,-0.030969999999999998
663714,801231.ZICN,801231,上海申银万国证券研究所有限公司,申万综合Ⅱ,XSHG,2011-10-19,1829.17,1827.33,1793.83,1852.43,1817.59,149000000.0,1269000000.0,-11.58,-0.006331
664014,801231.ZICN,801231,上海申银万国证券研究所有限公司,申万综合Ⅱ,XSHG,2011-10-20,1817.59,1806.5,1738.62,1827.06,1767.46,167000000.0,1388000000.0,-50.13,-0.02758
664314,801231.ZICN,801231,上海申银万国证券研究所有限公司,申万综合Ⅱ,XSHG,2011-10-21,1767.46,1762.27,1728.71,1790.73,1746.61,134000000.0,1090000000.0,-20.85,-0.011797
664614,801231.ZICN,801231,上海申银万国证券研究所有限公司,申万综合Ⅱ,XSHG,2011-10-24,1746.61,1749.53,1699.15,1785.52,1772.53,155000000.0,1251000000.0,25.92,0.01484
664918,801231.ZICN,801231,上海申银万国证券研究所有限公司,申万综合Ⅱ,XSHG,2011-10-25,1772.53,1765.89,1748.63,1839.7,1822.03,227000000.0,1867000000.0,49.5,0.027926
665218,801231.ZICN,801231,上海申银万国证券研究所有限公司,申万综合Ⅱ,XSHG,2011-10-26,1822.03,1810.34,1794.26,1871.0,1838.68,259000000.0,2107000000.0,16.65,0.009138
665518,801231.ZICN,801231,上海申银万国证券研究所有限公司,申万综合Ⅱ,XSHG,2011-10-27,1838.68,1835.51,1818.1,1874.88,1841.93,202000000.0,1624000000.0,3.25,0.001768
665818,801231.ZICN,801231,上海申银万国证券研究所有限公司,申万综合Ⅱ,XSHG,2011-10-28,1841.93,1857.42,1840.24,1903.02,1880.7,244000000.0,1990000000.0,38.77,0.021049000000000002
666118,801231.ZICN,801231,上海申银万国证券研究所有限公司,申万综合Ⅱ,XSHG,2011-10-31,1880.7,1879.75,1854.64,1909.56,1889.03,200000000.0,1627000000.0,8.33,0.004429
666418,801231.ZICN,801231,上海申银万国证券研究所有限公司,申万综合Ⅱ,XSHG,2011-11-01,1889.03,1869.78,1854.69,1911.11,1882.68,202000000.0,1788000000.0,-6.35,-0.0033619999999999995
666718,801231.ZICN,801231,上海申银万国证券研究所有限公司,申万综合Ⅱ,XSHG,2011-11-02,1882.68,1851.11,1830.53,1922.25,1914.73,262000000.0,2309000000.0,32.05,0.017024
667018,801231.ZICN,801231,上海申银万国证券研究所有限公司,申万综合Ⅱ,XSHG,2011-11-03,1914.73,1933.92,1912.27,1977.37,1931.6,351000000.0,3053000000.0,16.87,0.008811
667318,801231.ZICN,801231,上海申银万国证券研究所有限公司,申万综合Ⅱ,XSHG,2011-11-04,1931.6,1947.3,1922.81,1992.12,1963.0,456000000.0,3730000000.0,31.4,0.016256
667618,801231.ZICN,801231,上海申银万国证券研究所有限公司,申万综合Ⅱ,XSHG,2011-11-07,1963.0,1952.74,1929.5,1985.63,1957.63,295000000.0,2384000000.0,-5.37,-0.002736
667918,801231.ZICN,801231,上海申银万国证券研究所有限公司,申万综合Ⅱ,XSHG,2011-11-08,1957.63,1953.43,1907.58,1977.59,1928.65,266000000.0,2153000000.0,-28.98,-0.014804
668218,801231.ZICN,801231,上海申银万国证券研究所有限公司,申万综合Ⅱ,XSHG,2011-11-09,1928.65,1928.46,1893.85,1960.49,1949.31,265000000.0,2166000000.0,20.66,0.010712000000000001
668518,801231.ZICN,801231,上海申银万国证券研究所有限公司,申万综合Ⅱ,XSHG,2011-11-10,1949.31,1924.35,1891.8,1953.92,1906.73,279000000.0,2237000000.0,-42.58,-0.021844
668818,801231.ZICN,801231,上海申银万国证券研究所有限公司,申万综合Ⅱ,XSHG,2011-11-11,1906.73,1907.39,1883.75,1947.87,1914.57,269000000.0,2117000000.0,7.84,0.004111999999999999
669118,801231.ZICN,801231,上海申银万国证券研究所有限公司,申万综合Ⅱ,XSHG,2011-11-14,1914.57,1931.59,1912.72,1969.26,1949.01,280000000.0,2211000000.0,34.44,0.017988
669418,801231.ZICN,801231,上海申银万国证券研究所有限公司,申万综合Ⅱ,XSHG,2011-11-15,1949.01,1945.61,1928.79,1994.98,1977.09,306000000.0,2436000000.0,28.08,0.014407
669718,801231.ZICN,801231,上海申银万国证券研究所有限公司,申万综合Ⅱ,XSHG,2011-11-16,1977.09,1971.75,1918.3,2007.21,1941.03,333000000.0,2876000000.0,-36.06,-0.018239
670018,801231.ZICN,801231,上海申银万国证券研究所有限公司,申万综合Ⅱ,XSHG,2011-11-17,1941.03,1937.69,1913.39,1974.2,1936.39,240000000.0,2056000000.0,-4.64,-0.0023899999999999998
670318,801231.ZICN,801231,上海申银万国证券研究所有限公司,申万综合Ⅱ,XSHG,2011-11-18,1936.39,1918.09,1856.45,1941.07,1876.7,258000000.0,2103000000.0,-59.69,-0.030825
670618,801231.ZICN,801231,上海申银万国证券研究所有限公司,申万综合Ⅱ,XSHG,2011-11-21,1876.7,1870.96,1841.01,1895.95,1875.52,152000000.0,1238000000.0,-1.18,-0.000629
670918,801231.ZICN,801231,上海申银万国证券研究所有限公司,申万综合Ⅱ,XSHG,2011-11-22,1875.52,1856.34,1829.37,1886.33,1871.22,163000000.0,1275000000.0,-4.3,-0.002293
671218,801231.ZICN,801231,上海申银万国证券研究所有限公司,申万综合Ⅱ,XSHG,2011-11-23,1871.22,1870.12,1844.52,1905.14,1873.67,187000000.0,1532000000.0,2.45,0.001309
671518,801231.ZICN,801231,上海申银万国证券研究所有限公司,申万综合Ⅱ,XSHG,2011-11-24,1873.67,1855.88,1826.58,1901.86,1880.71,191000000.0,1609000000.0,7.04,0.003757
671818,801231.ZICN,801231,上海申银万国证券研究所有限公司,申万综合Ⅱ,XSHG,2011-11-25,1880.71,1873.75,1847.77,1909.75,1873.54,172000000.0,1496000000.0,-7.17,-0.003812
672118,801231.ZICN,801231,上海申银万国证券研究所有限公司,申万综合Ⅱ,XSHG,2011-11-28,1873.54,1870.6,1840.8,1899.95,1870.58,180000000.0,1495000000.0,-2.96,-0.00158
672418,801231.ZICN,801231,上海申银万国证券研究所有限公司,申万综合Ⅱ,XSHG,2011-11-29,1870.58,1881.67,1853.95,1910.31,1892.8,205000000.0,1734000000.0,22.22,0.011879
672718,801231.ZICN,801231,上海申银万国证券研究所有限公司,申万综合Ⅱ,XSHG,2011-11-30,1892.8,1886.33,1773.62,1900.15,1808.22,236000000.0,1868000000.0,-84.58,-0.044685
673018,801231.ZICN,801231,上海申银万国证券研究所有限公司,申万综合Ⅱ,XSHG,2011-12-01,1808.22,1853.72,1819.28,1900.95,1858.83,327000000.0,2721000000.0,50.61,0.027989
673318,801231.ZICN,801231,上海申银万国证券研究所有限公司,申万综合Ⅱ,XSHG,2011-12-02,1858.83,1843.22,1793.41,1872.04,1819.06,268000000.0,2075000000.0,-39.77,-0.021394999999999997
673618,801231.ZICN,801231,上海申银万国证券研究所有限公司,申万综合Ⅱ,XSHG,2011-12-05,1819.06,1808.68,1751.19,1828.61,1771.7,213000000.0,1576000000.0,-47.36,-0.026035000000000003
673918,801231.ZICN,801231,上海申银万国证券研究所有限公司,申万综合Ⅱ,XSHG,2011-12-06,1771.7,1762.55,1729.35,1797.39,1769.73,185000000.0,1331000000.0,-1.97,-0.001112
674218,801231.ZICN,801231,上海申银万国证券研究所有限公司,申万综合Ⅱ,XSHG,2011-12-07,1769.73,1765.87,1744.37,1798.03,1774.55,168000000.0,1234000000.0,4.82,0.002724
674518,801231.ZICN,801231,上海申银万国证券研究所有限公司,申万综合Ⅱ,XSHG,2011-12-08,1774.55,1762.34,1726.9,1796.85,1770.68,185000000.0,1360000000.0,-3.87,-0.0021809999999999998
674818,801231.ZICN,801231,上海申银万国证券研究所有限公司,申万综合Ⅱ,XSHG,2011-12-09,1770.68,1752.34,1725.74,1781.04,1751.41,143000000.0,1041000000.0,-19.27,-0.010883
675118,801231.ZICN,801231,上海申银万国证券研究所有限公司,申万综合Ⅱ,XSHG,2011-12-12,1751.41,1749.1,1711.86,1773.73,1727.75,127000000.0,952000000.0,-23.66,-0.013509
675418,801231.ZICN,801231,上海申银万国证券研究所有限公司,申万综合Ⅱ,XSHG,2011-12-13,1727.75,1710.26,1638.47,1723.62,1659.25,164000000.0,1161000000.0,-68.5,-0.039647
675718,801231.ZICN,801231,上海申银万国证券研究所有限公司,申万综合Ⅱ,XSHG,2011-12-14,1659.25,1646.43,1602.29,1671.29,1622.5,125000000.0,828000000.0,-36.75,-0.022149000000000002
676018,801231.ZICN,801231,上海申银万国证券研究所有限公司,申万综合Ⅱ,XSHG,2011-12-15,1622.5,1604.31,1551.83,1621.8,1569.18,133000000.0,879000000.0,-53.32,-0.032862999999999996
676318,801231.ZICN,801231,上海申银万国证券研究所有限公司,申万综合Ⅱ,XSHG,2011-12-16,1569.18,1561.51,1538.35,1610.36,1601.44,156000000.0,1002000000.0,32.26,0.020559
676618,801231.ZICN,801231,上海申银万国证券研究所有限公司,申万综合Ⅱ,XSHG,2011-12-19,1601.44,1587.97,1548.72,1611.14,1598.49,132000000.0,867000000.0,-2.95,-0.001842
676918,801231.ZICN,801231,上海申银万国证券研究所有限公司,申万综合Ⅱ,XSHG,2011-12-20,1598.49,1589.66,1573.28,1630.37,1596.92,136000000.0,950000000.0,-1.57,-0.000982
677218,801231.ZICN,801231,上海申银万国证券研究所有限公司,申万综合Ⅱ,XSHG,2011-12-21,1596.92,1608.57,1541.4,1625.43,1553.13,138000000.0,950000000.0,-43.79,-0.027422000000000002
677518,801231.ZICN,801231,上海申银万国证券研究所有限公司,申万综合Ⅱ,XSHG,2011-12-22,1553.13,1534.87,1470.08,1560.63,1526.8,178000000.0,1108000000.0,-26.33,-0.016953
677818,801231.ZICN,801231,上海申银万国证券研究所有限公司,申万综合Ⅱ,XSHG,2011-12-23,1526.8,1517.11,1500.47,1563.44,1535.83,141000000.0,891000000.0,9.03,0.005914
678118,801231.ZICN,801231,上海申银万国证券研究所有限公司,申万综合Ⅱ,XSHG,2011-12-26,1535.83,1527.87,1497.44,1554.24,1516.69,101000000.0,638000000.0,-19.14,-0.012462
678418,801231.ZICN,801231,上海申银万国证券研究所有限公司,申万综合Ⅱ,XSHG,2011-12-27,1516.69,1507.13,1458.76,1524.36,1471.96,114000000.0,713000000.0,-44.73,-0.029492
678718,801231.ZICN,801231,上海申银万国证券研究所有限公司,申万综合Ⅱ,XSHG,2011-12-28,1471.96,1457.64,1417.26,1479.09,1461.81,108000000.0,641000000.0,-10.15,-0.006895999999999999
679018,801231.ZICN,801231,上海申银万国证券研究所有限公司,申万综合Ⅱ,XSHG,2011-12-29,1461.81,1450.92,1435.04,1482.92,1463.33,98000000.0,621000000.0,1.52,0.0010400000000000001
679318,801231.ZICN,801231,上海申银万国证券研究所有限公司,申万综合Ⅱ,XSHG,2011-12-30,1463.33,1461.01,1452.81,1503.44,1489.67,113000000.0,785000000.0,26.34,0.018000000000000002
679618,801231.ZICN,801231,上海申银万国证券研究所有限公司,申万综合Ⅱ,XSHG,2012-01-04,1489.67,1496.11,1442.46,1511.22,1454.47,101000000.0,657000000.0,-35.2,-0.023629
679918,801231.ZICN,801231,上海申银万国证券研究所有限公司,申万综合Ⅱ,XSHG,2012-01-05,1454.47,1442.49,1378.95,1460.7,1394.7,118000000.0,751000000.0,-59.77,-0.041094
680218,801231.ZICN,801231,上海申银万国证券研究所有限公司,申万综合Ⅱ,XSHG,2012-01-06,1394.7,1384.61,1357.23,1418.24,1408.07,107000000.0,672000000.0,13.37,0.009586
680518,801231.ZICN,801231,上海申银万国证券研究所有限公司,申万综合Ⅱ,XSHG,2012-01-09,1408.07,1405.06,1384.4,1473.29,1466.96,147000000.0,953000000.0,58.89,0.041823
680818,801231.ZICN,801231,上海申银万国证券研究所有限公司,申万综合Ⅱ,XSHG,2012-01-10,1466.96,1463.29,1451.04,1536.13,1525.9,209000000.0,1373000000.0,58.94,0.040178
681118,801231.ZICN,801231,上海申银万国证券研究所有限公司,申万综合Ⅱ,XSHG,2012-01-11,1525.9,1520.69,1498.73,1553.87,1522.71,200000000.0,1290000000.0,-3.19,-0.002091
681418,801231.ZICN,801231,上海申银万国证券研究所有限公司,申万综合Ⅱ,XSHG,2012-01-12,1522.71,1514.56,1498.04,1554.91,1523.15,181000000.0,1177000000.0,0.44,0.00028900000000000003
681718,801231.ZICN,801231,上海申银万国证券研究所有限公司,申万综合Ⅱ,XSHG,2012-01-13,1523.15,1516.15,1454.64,1532.73,1469.25,153000000.0,969000000.0,-53.9,-0.035387
682018,801231.ZICN,801231,上海申银万国证券研究所有限公司,申万综合Ⅱ,XSHG,2012-01-16,1469.25,1452.67,1414.77,1481.01,1427.06,105000000.0,633000000.0,-42.19,-0.028714999999999997
682318,801231.ZICN,801231,上海申银万国证券研究所有限公司,申万综合Ⅱ,XSHG,2012-01-17,1427.06,1424.87,1414.37,1509.71,1501.57,157000000.0,961000000.0,74.51,0.052212
682618,801231.ZICN,801231,上海申银万国证券研究所有限公司,申万综合Ⅱ,XSHG,2012-01-18,1501.57,1499.97,1466.89,1532.76,1480.23,157000000.0,983000000.0,-21.34,-0.014212
682918,801231.ZICN,801231,上海申银万国证券研究所有限公司,申万综合Ⅱ,XSHG,2012-01-19,1480.23,1475.95,1454.9,1507.04,1485.31,116000000.0,744000000.0,5.08,0.003432
683218,801231.ZICN,801231,上海申银万国证券研究所有限公司,申万综合Ⅱ,XSHG,2012-01-20,1485.31,1487.48,1475.76,1514.28,1503.23,115000000.0,723000000.0,17.92,0.012065000000000001
683518,801231.ZICN,801231,上海申银万国证券研究所有限公司,申万综合Ⅱ,XSHG,2012-01-30,1503.23,1507.07,1480.41,1524.55,1496.84,113000000.0,708000000.0,-6.39,-0.004251
683818,801231.ZICN,801231,上海申银万国证券研究所有限公司,申万综合Ⅱ,XSHG,2012-01-31,1496.84,1494.1,1467.44,1515.15,1500.39,108000000.0,672000000.0,3.55,0.002372
684118,801231.ZICN,801231,上海申银万国证券研究所有限公司,申万综合Ⅱ,XSHG,2012-02-01,1500.39,1497.27,1472.16,1518.92,1489.05,120000000.0,733000000.0,-11.34,-0.007558
684418,801231.ZICN,801231,上海申银万国证券研究所有限公司,申万综合Ⅱ,XSHG,2012-02-02,1489.05,1490.09,1475.16,1519.96,1515.39,138000000.0,884000000.0,26.34,0.017689
684718,801231.ZICN,801231,上海申银万国证券研究所有限公司,申万综合Ⅱ,XSHG,2012-02-03,1515.39,1509.45,1500.98,1552.64,1541.43,181000000.0,1229000000.0,26.04,0.017184
685018,801231.ZICN,801231,上海申银万国证券研究所有限公司,申万综合Ⅱ,XSHG,2012-02-06,1541.43,1542.8,1528.81,1573.91,1557.63,187000000.0,1219000000.0,16.2,0.01051
685318,801231.ZICN,801231,上海申银万国证券研究所有限公司,申万综合Ⅱ,XSHG,2012-02-07,1557.63,1545.32,1504.65,1558.5,1527.09,189000000.0,1306000000.0,-30.54,-0.019607
685618,801231.ZICN,801231,上海申银万国证券研究所有限公司,申万综合Ⅱ,XSHG,2012-02-08,1527.09,1523.01,1510.97,1574.85,1567.04,196000000.0,1368000000.0,39.95,0.026161
685918,801231.ZICN,801231,上海申银万国证券研究所有限公司,申万综合Ⅱ,XSHG,2012-02-09,1567.04,1563.15,1549.55,1601.81,1579.65,232000000.0,1669000000.0,12.61,0.008047
686218,801231.ZICN,801231,上海申银万国证券研究所有限公司,申万综合Ⅱ,XSHG,2012-02-10,1579.65,1574.05,1563.24,1609.45,1592.92,224000000.0,1547000000.0,13.27,0.008401
686518,801231.ZICN,801231,上海申银万国证券研究所有限公司,申万综合Ⅱ,XSHG,2012-02-13,1592.92,1575.88,1562.96,1633.37,1617.4,260000000.0,1863000000.0,24.48,0.015368000000000001
686818,801231.ZICN,801231,上海申银万国证券研究所有限公司,申万综合Ⅱ,XSHG,2012-02-14,1617.4,1611.68,1588.49,1636.43,1615.39,205000000.0,1433000000.0,-2.01,-0.001243
687118,801231.ZICN,801231,上海申银万国证券研究所有限公司,申万综合Ⅱ,XSHG,2012-02-15,1615.39,1614.16,1600.81,1665.94,1654.15,303000000.0,2098000000.0,38.76,0.023994
687418,801231.ZICN,801231,上海申银万国证券研究所有限公司,申万综合Ⅱ,XSHG,2012-02-16,1654.15,1653.33,1626.39,1694.16,1661.65,386000000.0,2782000000.0,7.5,0.004534000000000001
687718,801231.ZICN,801231,上海申银万国证券研究所有限公司,申万综合Ⅱ,XSHG,2012-02-17,1661.65,1655.81,1624.55,1678.81,1652.75,220000000.0,1475000000.0,-8.9,-0.0053560000000000005
688018,801231.ZICN,801231,上海申银万国证券研究所有限公司,申万综合Ⅱ,XSHG,2012-02-20,1652.75,1663.21,1632.09,1681.47,1647.51,247000000.0,1770000000.0,-5.24,-0.00317
688317,801231.ZICN,801231,上海申银万国证券研究所有限公司,申万综合Ⅱ,XSHG,2012-02-21,1647.51,1645.69,1619.01,1687.42,1677.04,295000000.0,2361000000.0,29.53,0.017924000000000002
688616,801231.ZICN,801231,上海申银万国证券研究所有限公司,申万综合Ⅱ,XSHG,2012-02-22,1677.04,1677.47,1658.14,1714.7,1702.35,353000000.0,2834000000.0,25.31,0.015092
688915,801231.ZICN,801231,上海申银万国证券研究所有限公司,申万综合Ⅱ,XSHG,2012-02-23,1702.35,1700.28,1672.77,1726.05,1700.98,292000000.0,2170000000.0,-1.37,-0.000805
689214,801231.ZICN,801231,上海申银万国证券研究所有限公司,申万综合Ⅱ,XSHG,2012-02-24,1700.98,1695.42,1681.41,1736.96,1723.93,306000000.0,2273000000.0,22.95,0.013491999999999999
689513,801231.ZICN,801231,上海申银万国证券研究所有限公司,申万综合Ⅱ,XSHG,2012-02-27,1723.93,1727.13,1704.96,1755.83,1716.81,359000000.0,2758000000.0,-7.12,-0.00413
689812,801231.ZICN,801231,上海申银万国证券研究所有限公司,申万综合Ⅱ,XSHG,2012-02-28,1716.81,1709.05,1676.23,1727.73,1699.3,243000000.0,1864000000.0,-17.51,-0.010199
690111,801231.ZICN,801231,上海申银万国证券研究所有限公司,申万综合Ⅱ,XSHG,2012-02-29,1699.3,1697.13,1663.98,1721.66,1683.57,238000000.0,1821000000.0,-15.73,-0.009257
690410,801231.ZICN,801231,上海申银万国证券研究所有限公司,申万综合Ⅱ,XSHG,2012-03-01,1683.57,1675.71,1666.38,1716.85,1692.87,204000000.0,1666000000.0,9.3,0.005524
690709,801231.ZICN,801231,上海申银万国证券研究所有限公司,申万综合Ⅱ,XSHG,2012-03-02,1692.87,1691.41,1684.79,1733.34,1723.47,217000000.0,1689000000.0,30.6,0.018076
691008,801231.ZICN,801231,上海申银万国证券研究所有限公司,申万综合Ⅱ,XSHG,2012-03-05,1723.47,1722.04,1704.64,1754.27,1727.17,223000000.0,1890000000.0,3.7,0.002147
691306,801231.ZICN,801231,上海申银万国证券研究所有限公司,申万综合Ⅱ,XSHG,2012-03-06,1727.17,1715.96,1680.1,1738.02,1706.2,241000000.0,1935000000.0,-20.97,-0.012140999999999999
691605,801231.ZICN,801231,上海申银万国证券研究所有限公司,申万综合Ⅱ,XSHG,2012-03-07,1706.2,1686.28,1671.08,1725.42,1694.22,202000000.0,1563000000.0,-11.98,-0.0070209999999999995
691904,801231.ZICN,801231,上海申银万国证券研究所有限公司,申万综合Ⅱ,XSHG,2012-03-08,1694.22,1694.54,1687.37,1736.1,1721.5,208000000.0,1603000000.0,27.28,0.016102
692203,801231.ZICN,801231,上海申银万国证券研究所有限公司,申万综合Ⅱ,XSHG,2012-03-09,1721.5,1723.15,1706.66,1746.41,1736.2,214000000.0,1679000000.0,14.7,0.008539
692502,801231.ZICN,801231,上海申银万国证券研究所有限公司,申万综合Ⅱ,XSHG,2012-03-12,1736.2,1735.52,1713.25,1763.86,1739.77,225000000.0,1754000000.0,3.57,0.0020559999999999997
692801,801231.ZICN,801231,上海申银万国证券研究所有限公司,申万综合Ⅱ,XSHG,2012-03-13,1739.77,1734.64,1719.68,1776.15,1764.63,254000000.0,2164000000.0,24.86,0.014288999999999998
693100,801231.ZICN,801231,上海申银万国证券研究所有限公司,申万综合Ⅱ,XSHG,2012-03-14,1764.63,1765.74,1662.41,1791.5,1688.73,410000000.0,3178000000.0,-75.9,-0.043012
693399,801231.ZICN,801231,上海申银万国证券研究所有限公司,申万综合Ⅱ,XSHG,2012-03-15,1688.73,1675.77,1630.08,1708.71,1661.97,294000000.0,2140000000.0,-26.76,-0.015846000000000002
693698,801231.ZICN,801231,上海申银万国证券研究所有限公司,申万综合Ⅱ,XSHG,2012-03-16,1661.97,1662.53,1641.63,1710.24,1696.45,263000000.0,1882000000.0,34.48,0.020746
693997,801231.ZICN,801231,上海申银万国证券研究所有限公司,申万综合Ⅱ,XSHG,2012-03-19,1696.45,1690.87,1671.09,1731.49,1719.96,242000000.0,1790000000.0,23.51,0.013858
694296,801231.ZICN,801231,上海申银万国证券研究所有限公司,申万综合Ⅱ,XSHG,2012-03-20,1719.96,1711.1,1668.29,1729.44,1682.2,233000000.0,1693000000.0,-37.76,-0.021953999999999998
694595,801231.ZICN,801231,上海申银万国证券研究所有限公司,申万综合Ⅱ,XSHG,2012-03-21,1682.2,1685.71,1646.87,1709.83,1683.2,207000000.0,1565000000.0,1.0,0.000594
694894,801231.ZICN,801231,上海申银万国证券研究所有限公司,申万综合Ⅱ,XSHG,2012-03-22,1683.2,1679.8,1654.62,1700.54,1676.17,187000000.0,1406000000.0,-7.03,-0.004177
695193,801231.ZICN,801231,上海申银万国证券研究所有限公司,申万综合Ⅱ,XSHG,2012-03-23,1676.17,1666.8,1624.86,1686.23,1643.59,201000000.0,1467000000.0,-32.58,-0.019437
695492,801231.ZICN,801231,上海申银万国证券研究所有限公司,申万综合Ⅱ,XSHG,2012-03-26,1643.59,1641.14,1609.85,1658.44,1630.39,125000000.0,918000000.0,-13.2,-0.008031
695791,801231.ZICN,801231,上海申银万国证券研究所有限公司,申万综合Ⅱ,XSHG,2012-03-27,1630.39,1638.48,1613.66,1657.23,1628.78,122000000.0,915000000.0,-1.61,-0.000987
696090,801231.ZICN,801231,上海申银万国证券研究所有限公司,申万综合Ⅱ,XSHG,2012-03-28,1628.78,1624.36,1544.89,1636.65,1559.51,182000000.0,1304000000.0,-69.27,-0.042529000000000004
696389,801231.ZICN,801231,上海申银万国证券研究所有限公司,申万综合Ⅱ,XSHG,2012-03-29,1559.51,1550.1,1500.68,1568.17,1524.09,153000000.0,1037000000.0,-35.42,-0.022712
696688,801231.ZICN,801231,上海申银万国证券研究所有限公司,申万综合Ⅱ,XSHG,2012-03-30,1524.09,1527.77,1497.26,1551.59,1524.03,134000000.0,862000000.0,-0.06,-3.9e-05
696987,801231.ZICN,801231,上海申银万国证券研究所有限公司,申万综合Ⅱ,XSHG,2012-04-05,1524.03,1528.79,1514.15,1576.75,1567.4,172000000.0,1125000000.0,43.37,0.028457
697286,801231.ZICN,801231,上海申银万国证券研究所有限公司,申万综合Ⅱ,XSHG,2012-04-06,1567.4,1566.19,1554.41,1603.94,1584.79,188000000.0,1295000000.0,17.39,0.011095
697585,801231.ZICN,801231,上海申银万国证券研究所有限公司,申万综合Ⅱ,XSHG,2012-04-09,1584.79,1580.04,1551.05,1614.18,1575.57,179000000.0,1250000000.0,-9.22,-0.005818
697884,801231.ZICN,801231,上海申银万国证券研究所有限公司,申万综合Ⅱ,XSHG,2012-04-10,1575.57,1569.83,1535.65,1608.29,1599.21,186000000.0,1317000000.0,23.64,0.015004
698183,801231.ZICN,801231,上海申银万国证券研究所有限公司,申万综合Ⅱ,XSHG,2012-04-11,1599.21,1580.07,1566.22,1628.5,1610.24,206000000.0,1462000000.0,11.03,0.0068969999999999995
698482,801231.ZICN,801231,上海申银万国证券研究所有限公司,申万综合Ⅱ,XSHG,2012-04-12,1610.24,1609.03,1595.47,1659.32,1646.22,255000000.0,1832000000.0,35.98,0.022344
698781,801231.ZICN,801231,上海申银万国证券研究所有限公司,申万综合Ⅱ,XSHG,2012-04-13,1646.22,1647.57,1626.7,1697.01,1666.85,348000000.0,2360000000.0,20.63,0.012532
699080,801231.ZICN,801231,上海申银万国证券研究所有限公司,申万综合Ⅱ,XSHG,2012-04-16,1666.85,1652.6,1638.72,1731.59,1711.47,412000000.0,2722000000.0,44.62,0.026769
699379,801231.ZICN,801231,上海申银万国证券研究所有限公司,申万综合Ⅱ,XSHG,2012-04-17,1711.47,1711.03,1660.34,1760.23,1681.54,502000000.0,3543000000.0,-29.93,-0.017488
699678,801231.ZICN,801231,上海申银万国证券研究所有限公司,申万综合Ⅱ,XSHG,2012-04-18,1681.54,1684.3,1659.09,1749.95,1721.71,474000000.0,3209000000.0,40.17,0.023888999999999997
699977,801231.ZICN,801231,上海申银万国证券研究所有限公司,申万综合Ⅱ,XSHG,2012-04-19,1721.71,1710.07,1683.93,1746.22,1708.53,353000000.0,2564000000.0,-13.18,-0.0076549999999999995
700276,801231.ZICN,801231,上海申银万国证券研究所有限公司,申万综合Ⅱ,XSHG,2012-04-20,1708.53,1700.21,1681.74,1748.08,1723.97,373000000.0,2621000000.0,15.44,0.009037
700575,801231.ZICN,801231,上海申银万国证券研究所有限公司,申万综合Ⅱ,XSHG,2012-04-23,1723.97,1717.21,1687.01,1766.1,1716.02,421000000.0,2847000000.0,-7.95,-0.004611
700874,801231.ZICN,801231,上海申银万国证券研究所有限公司,申万综合Ⅱ,XSHG,2012-04-24,1716.02,1697.22,1632.44,1744.99,1703.06,462000000.0,3155000000.0,-12.96,-0.007552
701173,801231.ZICN,801231,上海申银万国证券研究所有限公司,申万综合Ⅱ,XSHG,2012-04-25,1703.06,1703.37,1682.01,1783.7,1756.43,565000000.0,3861000000.0,53.37,0.031338
701472,801231.ZICN,801231,上海申银万国证券研究所有限公司,申万综合Ⅱ,XSHG,2012-04-26,1756.43,1766.22,1711.95,1793.73,1735.01,516000000.0,3868000000.0,-21.42,-0.012195000000000001
701771,801231.ZICN,801231,上海申银万国证券研究所有限公司,申万综合Ⅱ,XSHG,2012-04-27,1735.01,1729.73,1687.17,1757.54,1707.61,349000000.0,2462000000.0,-27.4,-0.015792
702070,801231.ZICN,801231,上海申银万国证券研究所有限公司,申万综合Ⅱ,XSHG,2012-05-02,1707.61,1717.14,1678.31,1741.46,1704.29,388000000.0,2682000000.0,-3.32,-0.0019440000000000002
702369,801231.ZICN,801231,上海申银万国证券研究所有限公司,申万综合Ⅱ,XSHG,2012-05-03,1704.29,1693.0,1671.08,1720.59,1696.16,275000000.0,1913000000.0,-8.13,-0.00477
702668,801231.ZICN,801231,上海申银万国证券研究所有限公司,申万综合Ⅱ,XSHG,2012-05-04,1696.16,1691.74,1672.03,1729.78,1711.08,262000000.0,1946000000.0,14.92,0.008796
702967,801231.ZICN,801231,上海申银万国证券研究所有限公司,申万综合Ⅱ,XSHG,2012-05-07,1711.08,1700.81,1681.91,1734.85,1723.17,254000000.0,1843000000.0,12.09,0.007065999999999999
703266,801231.ZICN,801231,上海申银万国证券研究所有限公司,申万综合Ⅱ,XSHG,2012-05-08,1723.17,1722.39,1697.25,1747.01,1723.1,269000000.0,1926000000.0,-0.07,-4.1e-05
703565,801231.ZICN,801231,上海申银万国证券研究所有限公司,申万综合Ⅱ,XSHG,2012-05-09,1723.1,1712.53,1676.47,1731.72,1694.6,268000000.0,1867000000.0,-28.5,-0.01654
703864,801231.ZICN,801231,上海申银万国证券研究所有限公司,申万综合Ⅱ,XSHG,2012-05-10,1694.6,1693.16,1675.78,1720.75,1691.32,196000000.0,1402000000.0,-3.28,-0.001936
704163,801231.ZICN,801231,上海申银万国证券研究所有限公司,申万综合Ⅱ,XSHG,2012-05-11,1691.32,1689.78,1665.68,1716.48,1679.95,194000000.0,1388000000.0,-11.37,-0.006723000000000001
704462,801231.ZICN,801231,上海申银万国证券研究所有限公司,申万综合Ⅱ,XSHG,2012-05-14,1679.95,1692.4,1664.67,1717.22,1679.72,207000000.0,1488000000.0,-0.23,-0.00013700000000000002
704761,801231.ZICN,801231,上海申银万国证券研究所有限公司,申万综合Ⅱ,XSHG,2012-05-15,1679.72,1667.69,1633.26,1688.09,1669.37,217000000.0,1638000000.0,-10.35,-0.006162
705060,801231.ZICN,801231,上海申银万国证券研究所有限公司,申万综合Ⅱ,XSHG,2012-05-16,1669.37,1664.78,1635.14,1687.3,1647.9,182000000.0,1291000000.0,-21.47,-0.012861000000000001
705359,801231.ZICN,801231,上海申银万国证券研究所有限公司,申万综合Ⅱ,XSHG,2012-05-17,1647.9,1650.16,1634.69,1692.91,1680.45,225000000.0,1531000000.0,32.55,0.019752000000000002
705658,801231.ZICN,801231,上海申银万国证券研究所有限公司,申万综合Ⅱ,XSHG,2012-05-18,1680.45,1671.71,1631.39,1701.33,1651.47,298000000.0,2005000000.0,-28.98,-0.017245
705957,801231.ZICN,801231,上海申银万国证券研究所有限公司,申万综合Ⅱ,XSHG,2012-05-21,1651.47,1643.41,1609.41,1668.28,1633.24,209000000.0,1424000000.0,-18.23,-0.011039
706256,801231.ZICN,801231,上海申银万国证券研究所有限公司,申万综合Ⅱ,XSHG,2012-05-22,1633.24,1639.76,1628.23,1665.49,1652.71,161000000.0,1117000000.0,19.47,0.011921
706555,801231.ZICN,801231,上海申银万国证券研究所有限公司,申万综合Ⅱ,XSHG,2012-05-23,1652.71,1649.05,1623.61,1678.13,1656.6,200000000.0,1473000000.0,3.89,0.0023539999999999998
706854,801231.ZICN,801231,上海申银万国证券研究所有限公司,申万综合Ⅱ,XSHG,2012-05-24,1656.6,1649.07,1626.25,1679.26,1644.36,206000000.0,1643000000.0,-12.24,-0.007389
707153,801231.ZICN,801231,上海申银万国证券研究所有限公司,申万综合Ⅱ,XSHG,2012-05-25,1644.36,1644.11,1600.2,1660.03,1618.1,178000000.0,1319000000.0,-26.26,-0.015969999999999998
707452,801231.ZICN,801231,上海申银万国证券研究所有限公司,申万综合Ⅱ,XSHG,2012-05-28,1618.1,1608.05,1578.59,1648.51,1640.11,191000000.0,1376000000.0,22.01,0.013602000000000001
707751,801231.ZICN,801231,上海申银万国证券研究所有限公司,申万综合Ⅱ,XSHG,2012-05-29,1640.11,1638.86,1625.82,1684.53,1667.7,252000000.0,1834000000.0,27.59,0.016822
708050,801231.ZICN,801231,上海申银万国证券研究所有限公司,申万综合Ⅱ,XSHG,2012-05-30,1667.7,1663.21,1647.49,1690.37,1669.14,204000000.0,1462000000.0,1.44,0.000863
708349,801231.ZICN,801231,上海申银万国证券研究所有限公司,申万综合Ⅱ,XSHG,2012-05-31,1669.14,1657.88,1642.62,1684.73,1664.88,180000000.0,1292000000.0,-4.26,-0.002552
708652,801231.ZICN,801231,上海申银万国证券研究所有限公司,申万综合Ⅱ,XSHG,2012-06-01,1664.88,1665.23,1644.25,1689.66,1662.07,188000000.0,1398000000.0,-2.81,-0.0016879999999999998
708951,801231.ZICN,801231,上海申银万国证券研究所有限公司,申万综合Ⅱ,XSHG,2012-06-04,1662.07,1630.21,1590.41,1647.09,1600.96,187000000.0,1349000000.0,-61.11,-0.036767
709250,801231.ZICN,801231,上海申银万国证券研究所有限公司,申万综合Ⅱ,XSHG,2012-06-05,1600.96,1598.5,1576.07,1618.75,1591.23,126000000.0,920000000.0,-9.73,-0.006078
709549,801231.ZICN,801231,上海申银万国证券研究所有限公司,申万综合Ⅱ,XSHG,2012-06-06,1591.23,1590.8,1568.22,1613.02,1585.64,109000000.0,775000000.0,-5.59,-0.003513
709848,801231.ZICN,801231,上海申银万国证券研究所有限公司,申万综合Ⅱ,XSHG,2012-06-07,1585.64,1598.24,1564.66,1615.28,1575.34,119000000.0,806000000.0,-10.3,-0.006495999999999999
710147,801231.ZICN,801231,上海申银万国证券研究所有限公司,申万综合Ⅱ,XSHG,2012-06-08,1575.34,1588.15,1552.06,1601.43,1560.95,134000000.0,912000000.0,-14.39,-0.009134999999999999
710446,801231.ZICN,801231,上海申银万国证券研究所有限公司,申万综合Ⅱ,XSHG,2012-06-11,1560.95,1558.67,1543.37,1591.48,1582.47,144000000.0,977000000.0,21.52,0.013786000000000001
710745,801231.ZICN,801231,上海申银万国证券研究所有限公司,申万综合Ⅱ,XSHG,2012-06-12,1582.47,1571.94,1554.05,1596.98,1577.59,125000000.0,893000000.0,-4.88,-0.003084
711044,801231.ZICN,801231,上海申银万国证券研究所有限公司,申万综合Ⅱ,XSHG,2012-06-13,1577.59,1578.91,1568.48,1611.61,1601.82,149000000.0,1081000000.0,24.23,0.015359000000000001
711343,801231.ZICN,801231,上海申银万国证券研究所有限公司,申万综合Ⅱ,XSHG,2012-06-14,1601.82,1598.93,1578.05,1620.98,1589.5,164000000.0,1206000000.0,-12.32,-0.007691
711642,801231.ZICN,801231,上海申银万国证券研究所有限公司,申万综合Ⅱ,XSHG,2012-06-15,1589.5,1592.59,1566.19,1613.37,1594.63,147000000.0,1104000000.0,5.13,0.0032270000000000003
711941,801231.ZICN,801231,上海申银万国证券研究所有限公司,申万综合Ⅱ,XSHG,2012-06-18,1594.63,1596.3,1583.16,1624.87,1606.09,168000000.0,1416000000.0,11.46,0.007187000000000001
712240,801231.ZICN,801231,上海申银万国证券研究所有限公司,申万综合Ⅱ,XSHG,2012-06-19,1606.09,1601.79,1582.23,1621.51,1597.49,152000000.0,1238000000.0,-8.6,-0.0053549999999999995
712539,801231.ZICN,801231,上海申银万国证券研究所有限公司,申万综合Ⅱ,XSHG,2012-06-20,1597.49,1599.34,1577.52,1618.62,1593.49,131000000.0,1038000000.0,-4.0,-0.0025039999999999997
712838,801231.ZICN,801231,上海申银万国证券研究所有限公司,申万综合Ⅱ,XSHG,2012-06-21,1593.49,1587.3,1547.83,1598.3,1560.69,131000000.0,969000000.0,-32.8,-0.020584
713137,801231.ZICN,801231,上海申银万国证券研究所有限公司,申万综合Ⅱ,XSHG,2012-06-25,1560.69,1555.28,1504.98,1568.69,1516.34,143000000.0,994000000.0,-44.35,-0.028417
713436,801231.ZICN,801231,上海申银万国证券研究所有限公司,申万综合Ⅱ,XSHG,2012-06-26,1516.34,1510.71,1489.31,1534.4,1518.38,147000000.0,979000000.0,2.04,0.0013449999999999998
713735,801231.ZICN,801231,上海申银万国证券研究所有限公司,申万综合Ⅱ,XSHG,2012-06-27,1518.38,1514.24,1494.39,1537.62,1508.58,99000000.0,694000000.0,-9.8,-0.0064540000000000005
714034,801231.ZICN,801231,上海申银万国证券研究所有限公司,申万综合Ⅱ,XSHG,2012-06-28,1508.58,1509.83,1470.76,1530.86,1482.91,143000000.0,958000000.0,-25.67,-0.017016
714333,801231.ZICN,801231,上海申银万国证券研究所有限公司,申万综合Ⅱ,XSHG,2012-06-29,1482.91,1481.85,1457.54,1520.25,1505.19,145000000.0,994000000.0,22.28,0.015025
714632,801231.ZICN,801231,上海申银万国证券研究所有限公司,申万综合Ⅱ,XSHG,2012-07-02,1505.19,1518.7,1498.69,1539.35,1518.86,133000000.0,926000000.0,13.67,0.009082
714931,801231.ZICN,801231,上海申银万国证券研究所有限公司,申万综合Ⅱ,XSHG,2012-07-03,1518.86,1518.57,1501.03,1539.9,1515.89,138000000.0,986000000.0,-2.97,-0.001955
715230,801231.ZICN,801231,上海申银万国证券研究所有限公司,申万综合Ⅱ,XSHG,2012-07-04,1515.89,1519.86,1497.77,1539.67,1515.56,142000000.0,1002000000.0,-0.33,-0.000218
715529,801231.ZICN,801231,上海申银万国证券研究所有限公司,申万综合Ⅱ,XSHG,2012-07-05,1515.56,1509.57,1465.91,1520.06,1483.7,143000000.0,976000000.0,-31.86,-0.021022
715828,801231.ZICN,801231,上海申银万国证券研究所有限公司,申万综合Ⅱ,XSHG,2012-07-06,1483.7,1492.4,1466.15,1521.58,1512.17,149000000.0,1023000000.0,28.47,0.019188999999999998
716127,801231.ZICN,801231,上海申银万国证券研究所有限公司,申万综合Ⅱ,XSHG,2012-07-09,1512.17,1506.77,1470.22,1537.49,1489.79,195000000.0,1317000000.0,-22.38,-0.0148
716426,801231.ZICN,801231,上海申银万国证券研究所有限公司,申万综合Ⅱ,XSHG,2012-07-10,1489.79,1489.49,1454.46,1512.23,1477.75,173000000.0,1178000000.0,-12.04,-0.008081999999999999
716725,801231.ZICN,801231,上海申银万国证券研究所有限公司,申万综合Ⅱ,XSHG,2012-07-11,1477.75,1470.12,1449.4,1496.52,1476.06,149000000.0,1057000000.0,-1.69,-0.001144
717024,801231.ZICN,801231,上海申银万国证券研究所有限公司,申万综合Ⅱ,XSHG,2012-07-12,1476.06,1471.11,1446.78,1503.77,1492.86,173000000.0,1197000000.0,16.8,0.011382
717323,801231.ZICN,801231,上海申银万国证券研究所有限公司,申万综合Ⅱ,XSHG,2012-07-13,1492.86,1486.84,1464.18,1505.48,1478.84,123000000.0,858000000.0,-14.02,-0.009391
717622,801231.ZICN,801231,上海申银万国证券研究所有限公司,申万综合Ⅱ,XSHG,2012-07-16,1478.84,1476.36,1416.96,1490.98,1429.14,162000000.0,1037000000.0,-49.7,-0.033607
717921,801231.ZICN,801231,上海申银万国证券研究所有限公司,申万综合Ⅱ,XSHG,2012-07-17,1429.14,1422.03,1400.01,1460.89,1443.88,138000000.0,894000000.0,14.74,0.010314
718220,801231.ZICN,801231,上海申银万国证券研究所有限公司,申万综合Ⅱ,XSHG,2012-07-18,1443.88,1440.36,1417.03,1473.93,1460.05,159000000.0,1045000000.0,16.17,0.011198999999999999
718519,801231.ZICN,801231,上海申银万国证券研究所有限公司,申万综合Ⅱ,XSHG,2012-07-19,1460.05,1451.8,1439.64,1511.48,1485.04,233000000.0,1465000000.0,24.99,0.017116
718818,801231.ZICN,801231,上海申银万国证券研究所有限公司,申万综合Ⅱ,XSHG,2012-07-20,1485.04,1475.75,1451.26,1509.56,1472.85,191000000.0,1242000000.0,-12.19,-0.008209000000000001
719117,801231.ZICN,801231,上海申银万国证券研究所有限公司,申万综合Ⅱ,XSHG,2012-07-23,1472.85,1461.72,1432.2,1501.38,1469.11,225000000.0,1515000000.0,-3.74,-0.002539
719416,801231.ZICN,801231,上海申银万国证券研究所有限公司,申万综合Ⅱ,XSHG,2012-07-24,1469.11,1452.93,1439.6,1503.45,1484.6,211000000.0,1377000000.0,15.49,0.010544
719715,801231.ZICN,801231,上海申银万国证券研究所有限公司,申万综合Ⅱ,XSHG,2012-07-25,1484.6,1484.43,1458.27,1506.4,1474.43,248000000.0,1718000000.0,-10.17,-0.00685
720014,801231.ZICN,801231,上海申银万国证券研究所有限公司,申万综合Ⅱ,XSHG,2012-07-26,1474.43,1473.78,1452.2,1503.67,1468.49,265000000.0,1934000000.0,-5.94,-0.004029
720313,801231.ZICN,801231,上海申银万国证券研究所有限公司,申万综合Ⅱ,XSHG,2012-07-27,1468.49,1477.06,1440.16,1495.21,1454.9,224000000.0,1542000000.0,-13.59,-0.009254
720612,801231.ZICN,801231,上海申银万国证券研究所有限公司,申万综合Ⅱ,XSHG,2012-07-30,1454.9,1441.87,1403.22,1461.26,1413.01,176000000.0,1197000000.0,-41.89,-0.028792
720911,801231.ZICN,801231,上海申银万国证券研究所有限公司,申万综合Ⅱ,XSHG,2012-07-31,1413.01,1402.94,1362.74,1422.67,1390.48,138000000.0,903000000.0,-22.53,-0.015944999999999997
721214,801231.ZICN,801231,上海申银万国证券研究所有限公司,申万综合Ⅱ,XSHG,2012-08-01,1390.48,1380.25,1372.4,1422.42,1402.89,145650000.0,972260000.0,12.41,0.008925
721630,801231.ZICN,801231,上海申银万国证券研究所有限公司,申万综合Ⅱ,XSHG,2012-08-02,1402.89,1395.21,1364.84,1414.87,1382.53,148100000.0,918750000.0,-20.36,-0.014513
722046,801231.ZICN,801231,上海申银万国证券研究所有限公司,申万综合Ⅱ,XSHG,2012-08-03,1382.53,1383.77,1370.51,1423.42,1416.99,180240000.0,1146940000.0,34.46,0.024925
722462,801231.ZICN,801231,上海申银万国证券研究所有限公司,申万综合Ⅱ,XSHG,2012-08-06,1416.99,1419.42,1407.13,1468.0,1456.91,260250000.0,1761250000.0,39.92,0.028172000000000003
722878,801231.ZICN,801231,上海申银万国证券研究所有限公司,申万综合Ⅱ,XSHG,2012-08-07,1456.91,1455.1,1440.78,1491.28,1479.54,293280000.0,1972130000.0,22.63,0.015533000000000002
723294,801231.ZICN,801231,上海申银万国证券研究所有限公司,申万综合Ⅱ,XSHG,2012-08-08,1479.54,1479.49,1452.7,1514.84,1480.86,332600000.0,2223130000.0,1.32,0.000892
723710,801231.ZICN,801231,上海申银万国证券研究所有限公司,申万综合Ⅱ,XSHG,2012-08-09,1480.86,1474.15,1456.46,1509.7,1495.26,291810000.0,1970340000.0,14.4,0.009724
724126,801231.ZICN,801231,上海申银万国证券研究所有限公司,申万综合Ⅱ,XSHG,2012-08-10,1495.26,1491.2,1471.87,1523.65,1493.06,266060000.0,1830250000.0,-2.2,-0.001471
724542,801231.ZICN,801231,上海申银万国证券研究所有限公司,申万综合Ⅱ,XSHG,2012-08-13,1493.06,1486.67,1453.13,1512.74,1467.87,250450000.0,1783060000.0,-25.19,-0.016871
724962,801231.ZICN,801231,上海申银万国证券研究所有限公司,申万综合Ⅱ,XSHG,2012-08-14,1467.87,1462.74,1430.27,1490.08,1477.38,228580000.0,1602480000.0,9.51,0.006479
725378,801231.ZICN,801231,上海申银万国证券研究所有限公司,申万综合Ⅱ,XSHG,2012-08-15,1477.38,1471.38,1443.54,1495.4,1458.6,188330000.0,1315860000.0,-18.78,-0.012712000000000001
725794,801231.ZICN,801231,上海申银万国证券研究所有限公司,申万综合Ⅱ,XSHG,2012-08-16,1458.6,1450.67,1436.3,1478.98,1454.67,162230000.0,1103190000.0,-3.93,-0.002694
726210,801231.ZICN,801231,上海申银万国证券研究所有限公司,申万综合Ⅱ,XSHG,2012-08-17,1454.67,1453.69,1433.32,1477.06,1464.22,153070000.0,1022560000.0,9.55,0.0065650000000000005
726626,801231.ZICN,801231,上海申银万国证券研究所有限公司,申万综合Ⅱ,XSHG,2012-08-20,1464.22,1456.54,1432.7,1479.66,1467.34,138280000.0,912440000.0,3.12,0.002131
727042,801231.ZICN,801231,上海申银万国证券研究所有限公司,申万综合Ⅱ,XSHG,2012-08-21,1467.34,1467.26,1456.0,1505.69,1487.73,206190000.0,1424170000.0,20.39,0.013896
727458,801231.ZICN,801231,上海申银万国证券研究所有限公司,申万综合Ⅱ,XSHG,2012-08-22,1487.73,1482.16,1460.94,1510.03,1485.91,198380000.0,1375730000.0,-1.82,-0.0012230000000000001
727874,801231.ZICN,801231,上海申银万国证券研究所有限公司,申万综合Ⅱ,XSHG,2012-08-23,1485.91,1484.47,1469.46,1508.47,1496.16,174890000.0,1217900000.0,10.25,0.0068980000000000005
728290,801231.ZICN,801231,上海申银万国证券研究所有限公司,申万综合Ⅱ,XSHG,2012-08-24,1496.16,1490.53,1443.75,1503.11,1453.81,197230000.0,1275240000.0,-42.35,-0.028306
728706,801231.ZICN,801231,上海申银万国证券研究所有限公司,申万综合Ⅱ,XSHG,2012-08-27,1453.81,1444.16,1404.38,1461.48,1420.49,157290000.0,993870000.0,-33.32,-0.022919
729122,801231.ZICN,801231,上海申银万国证券研究所有限公司,申万综合Ⅱ,XSHG,2012-08-28,1420.49,1415.81,1401.69,1449.12,1427.98,118350000.0,777320000.0,7.49,0.005273
729538,801231.ZICN,801231,上海申银万国证券研究所有限公司,申万综合Ⅱ,XSHG,2012-08-29,1427.98,1422.19,1402.51,1442.74,1414.05,117220000.0,767670000.0,-13.93,-0.009755
729954,801231.ZICN,801231,上海申银万国证券研究所有限公司,申万综合Ⅱ,XSHG,2012-08-30,1414.05,1408.86,1365.16,1431.82,1394.51,168660000.0,1011730000.0,-19.54,-0.013818
730370,801231.ZICN,801231,上海申银万国证券研究所有限公司,申万综合Ⅱ,XSHG,2012-08-31,1394.51,1391.23,1378.91,1416.61,1401.16,127750000.0,687050000.0,6.65,0.004769
730786,801231.ZICN,801231,上海申银万国证券研究所有限公司,申万综合Ⅱ,XSHG,2012-09-03,1401.16,1397.84,1385.41,1429.89,1418.05,123050000.0,714500000.0,16.89,0.012054
731202,801231.ZICN,801231,上海申银万国证券研究所有限公司,申万综合Ⅱ,XSHG,2012-09-04,1418.05,1417.54,1390.01,1433.05,1399.09,128580000.0,747560000.0,-18.96,-0.013369999999999998
731618,801231.ZICN,801231,上海申银万国证券研究所有限公司,申万综合Ⅱ,XSHG,2012-09-05,1399.09,1396.37,1379.83,1420.01,1403.06,121060000.0,689280000.0,3.97,0.002838
732034,801231.ZICN,801231,上海申银万国证券研究所有限公司,申万综合Ⅱ,XSHG,2012-09-06,1403.06,1403.98,1393.68,1425.33,1415.54,107370000.0,612530000.0,12.48,0.008895
732450,801231.ZICN,801231,上海申银万国证券研究所有限公司,申万综合Ⅱ,XSHG,2012-09-07,1415.54,1420.81,1415.8,1483.66,1462.23,252550000.0,1500030000.0,46.69,0.032984
732866,801231.ZICN,801231,上海申银万国证券研究所有限公司,申万综合Ⅱ,XSHG,2012-09-10,1462.23,1464.0,1450.36,1490.64,1474.78,191270000.0,1159520000.0,12.55,0.008583
733282,801231.ZICN,801231,上海申银万国证券研究所有限公司,申万综合Ⅱ,XSHG,2012-09-11,1474.78,1466.75,1446.47,1484.61,1468.01,165260000.0,955820000.0,-6.77,-0.004591
733698,801231.ZICN,801231,上海申银万国证券研究所有限公司,申万综合Ⅱ,XSHG,2012-09-12,1468.01,1472.19,1455.56,1495.75,1480.56,176640000.0,1009840000.0,12.55,0.008549
734114,801231.ZICN,801231,上海申银万国证券研究所有限公司,申万综合Ⅱ,XSHG,2012-09-13,1480.56,1479.73,1451.07,1501.03,1460.36,211760000.0,1342500000.0,-20.2,-0.013643
734530,801231.ZICN,801231,上海申银万国证券研究所有限公司,申万综合Ⅱ,XSHG,2012-09-14,1460.36,1464.69,1444.14,1486.5,1466.46,171810000.0,1053470000.0,6.1,0.004177
734946,801231.ZICN,801231,上海申银万国证券研究所有限公司,申万综合Ⅱ,XSHG,2012-09-17,1466.46,1463.51,1410.37,1475.63,1417.4,154860000.0,954870000.0,-49.06,-0.033455
735362,801231.ZICN,801231,上海申银万国证券研究所有限公司,申万综合Ⅱ,XSHG,2012-09-18,1417.4,1411.64,1395.95,1431.28,1413.53,104410000.0,598900000.0,-3.87,-0.0027300000000000002
735778,801231.ZICN,801231,上海申银万国证券研究所有限公司,申万综合Ⅱ,XSHG,2012-09-19,1413.53,1413.77,1405.29,1434.74,1426.15,92610000.0,529330000.0,12.62,0.008928
736194,801231.ZICN,801231,上海申银万国证券研究所有限公司,申万综合Ⅱ,XSHG,2012-09-20,1426.15,1420.5,1372.59,1431.85,1380.53,138790000.0,776310000.0,-45.62,-0.031988
736610,801231.ZICN,801231,上海申银万国证券研究所有限公司,申万综合Ⅱ,XSHG,2012-09-21,1380.53,1378.29,1365.14,1411.3,1384.91,154380000.0,825280000.0,4.38,0.003173
737026,801231.ZICN,801231,上海申银万国证券研究所有限公司,申万综合Ⅱ,XSHG,2012-09-24,1384.91,1377.67,1354.51,1405.57,1391.35,139800000.0,770070000.0,6.44,0.00465
737442,801231.ZICN,801231,上海申银万国证券研究所有限公司,申万综合Ⅱ,XSHG,2012-09-25,1391.35,1387.5,1361.51,1408.76,1375.91,155310000.0,903890000.0,-15.44,-0.011097
737858,801231.ZICN,801231,上海申银万国证券研究所有限公司,申万综合Ⅱ,XSHG,2012-09-26,1375.91,1372.82,1331.2,1389.59,1345.15,136130000.0,762930000.0,-30.76,-0.022356
738274,801231.ZICN,801231,上海申银万国证券研究所有限公司,申万综合Ⅱ,XSHG,2012-09-27,1345.15,1344.56,1333.06,1390.23,1373.18,171790000.0,935350000.0,28.03,0.020838
738690,801231.ZICN,801231,上海申银万国证券研究所有限公司,申万综合Ⅱ,XSHG,2012-09-28,1373.18,1366.98,1357.78,1398.87,1390.92,137170000.0,752360000.0,17.74,0.012919
739106,801231.ZICN,801231,上海申银万国证券研究所有限公司,申万综合Ⅱ,XSHG,2012-10-08,1390.92,1395.52,1375.68,1413.6,1394.08,136240000.0,932320000.0,3.16,0.0022719999999999997
739524,801231.ZICN,801231,上海申银万国证券研究所有限公司,申万综合Ⅱ,XSHG,2012-10-09,1394.08,1396.86,1389.13,1432.5,1425.73,194470000.0,1237140000.0,31.65,0.022703
739942,801231.ZICN,801231,上海申银万国证券研究所有限公司,申万综合Ⅱ,XSHG,2012-10-10,1425.73,1421.49,1408.13,1452.38,1440.54,207300000.0,1361010000.0,14.81,0.010388
740360,801231.ZICN,801231,上海申银万国证券研究所有限公司,申万综合Ⅱ,XSHG,2012-10-11,1440.54,1442.79,1412.52,1459.08,1419.68,211850000.0,1342240000.0,-20.86,-0.014481
740782,801231.ZICN,801231,上海申银万国证券研究所有限公司,申万综合Ⅱ,XSHG,2012-10-12,1419.68,1421.91,1398.53,1450.41,1425.11,221800000.0,1429530000.0,5.43,0.003825
741200,801231.ZICN,801231,上海申银万国证券研究所有限公司,申万综合Ⅱ,XSHG,2012-10-15,1425.11,1425.84,1389.63,1438.85,1413.14,192400000.0,1358750000.0,-11.97,-0.008399
741618,801231.ZICN,801231,上海申银万国证券研究所有限公司,申万综合Ⅱ,XSHG,2012-10-16,1413.14,1403.83,1390.92,1425.97,1403.86,161240000.0,1127410000.0,-9.28,-0.006567
742036,801231.ZICN,801231,上海申银万国证券研究所有限公司,申万综合Ⅱ,XSHG,2012-10-17,1403.86,1398.36,1377.05,1413.92,1397.42,183010000.0,1323210000.0,-6.44,-0.004587
742454,801231.ZICN,801231,上海申银万国证券研究所有限公司,申万综合Ⅱ,XSHG,2012-10-18,1397.42,1394.4,1387.8,1431.34,1421.31,223940000.0,1424020000.0,23.89,0.017096
742872,801231.ZICN,801231,上海申银万国证券研究所有限公司,申万综合Ⅱ,XSHG,2012-10-19,1421.31,1420.73,1404.12,1439.0,1417.94,209250000.0,1230320000.0,-3.37,-0.0023710000000000003
743290,801231.ZICN,801231,上海申银万国证券研究所有限公司,申万综合Ⅱ,XSHG,2012-10-22,1417.94,1407.08,1396.2,1435.09,1425.58,168720000.0,1069860000.0,7.64,0.005388
743708,801231.ZICN,801231,上海申银万国证券研究所有限公司,申万综合Ⅱ,XSHG,2012-10-23,1425.58,1427.76,1407.77,1445.21,1416.73,177120000.0,1101900000.0,-8.85,-0.006208
744126,801231.ZICN,801231,上海申银万国证券研究所有限公司,申万综合Ⅱ,XSHG,2012-10-24,1416.73,1407.99,1396.98,1442.11,1424.81,207960000.0,1247760000.0,8.08,0.005703
744544,801231.ZICN,801231,上海申银万国证券研究所有限公司,申万综合Ⅱ,XSHG,2012-10-25,1424.81,1422.59,1395.06,1447.72,1408.0,236350000.0,1461810000.0,-16.81,-0.011798000000000001
744962,801231.ZICN,801231,上海申银万国证券研究所有限公司,申万综合Ⅱ,XSHG,2012-10-26,1408.0,1404.59,1357.26,1416.82,1374.39,180280000.0,1081950000.0,-33.61,-0.023871
745380,801231.ZICN,801231,上海申银万国证券研究所有限公司,申万综合Ⅱ,XSHG,2012-10-29,1374.39,1374.21,1352.03,1390.76,1369.86,98630000.0,607920000.0,-4.53,-0.003296
745798,801231.ZICN,801231,上海申银万国证券研究所有限公司,申万综合Ⅱ,XSHG,2012-10-30,1369.86,1370.89,1357.74,1391.96,1370.71,97930000.0,609450000.0,0.85,0.000621
746216,801231.ZICN,801231,上海申银万国证券研究所有限公司,申万综合Ⅱ,XSHG,2012-10-31,1370.71,1369.85,1354.02,1386.69,1373.83,99620000.0,601470000.0,3.12,0.0022760000000000002
746634,801231.ZICN,801231,上海申银万国证券研究所有限公司,申万综合Ⅱ,XSHG,2012-11-01,1373.83,1378.08,1368.61,1407.03,1393.45,142470000.0,888590000.0,19.62,0.014281
747052,801231.ZICN,801231,上海申银万国证券研究所有限公司,申万综合Ⅱ,XSHG,2012-11-02,1393.45,1400.57,1382.81,1421.6,1405.38,171240000.0,1020960000.0,11.93,0.008561
747470,801231.ZICN,801231,上海申银万国证券研究所有限公司,申万综合Ⅱ,XSHG,2012-11-05,1405.38,1405.98,1388.47,1424.15,1407.4,164140000.0,1029490000.0,2.02,0.001437
747888,801231.ZICN,801231,上海申银万国证券研究所有限公司,申万综合Ⅱ,XSHG,2012-11-06,1407.4,1407.76,1375.17,1423.0,1399.77,180630000.0,1046080000.0,-7.63,-0.0054210000000000005
748306,801231.ZICN,801231,上海申银万国证券研究所有限公司,申万综合Ⅱ,XSHG,2012-11-07,1399.77,1396.81,1383.31,1412.39,1397.73,117710000.0,707330000.0,-2.04,-0.001457
748724,801231.ZICN,801231,上海申银万国证券研究所有限公司,申万综合Ⅱ,XSHG,2012-11-08,1397.73,1386.94,1352.99,1401.09,1361.48,149770000.0,878240000.0,-36.25,-0.025935000000000003
749142,801231.ZICN,801231,上海申银万国证券研究所有限公司,申万综合Ⅱ,XSHG,2012-11-09,1361.48,1357.9,1343.14,1379.19,1360.97,113310000.0,669310000.0,-0.51,-0.000375
749560,801231.ZICN,801231,上海申银万国证券研究所有限公司,申万综合Ⅱ,XSHG,2012-11-12,1360.97,1363.49,1349.59,1383.96,1369.27,108270000.0,624470000.0,8.3,0.006099
749978,801231.ZICN,801231,上海申银万国证券研究所有限公司,申万综合Ⅱ,XSHG,2012-11-13,1369.27,1369.81,1337.09,1383.58,1347.01,149880000.0,848030000.0,-22.26,-0.016257
750396,801231.ZICN,801231,上海申银万国证券研究所有限公司,申万综合Ⅱ,XSHG,2012-11-14,1347.01,1345.14,1325.25,1362.87,1350.26,131010000.0,753720000.0,3.25,0.0024129999999999998
750814,801231.ZICN,801231,上海申银万国证券研究所有限公司,申万综合Ⅱ,XSHG,2012-11-15,1350.26,1345.52,1314.81,1360.73,1323.36,162730000.0,938390000.0,-26.9,-0.019922
751232,801231.ZICN,801231,上海申银万国证券研究所有限公司,申万综合Ⅱ,XSHG,2012-11-16,1323.36,1319.89,1294.05,1338.45,1312.74,125520000.0,743320000.0,-10.62,-0.008025
751650,801231.ZICN,801231,上海申银万国证券研究所有限公司,申万综合Ⅱ,XSHG,2012-11-19,1312.74,1312.2,1292.5,1330.48,1320.9,112560000.0,670710000.0,8.16,0.006215999999999999
752068,801231.ZICN,801231,上海申银万国证券研究所有限公司,申万综合Ⅱ,XSHG,2012-11-20,1320.9,1323.82,1307.16,1337.08,1317.85,102500000.0,608240000.0,-3.05,-0.002309
752486,801231.ZICN,801231,上海申银万国证券研究所有限公司,申万综合Ⅱ,XSHG,2012-11-21,1317.85,1317.93,1294.07,1347.54,1334.71,133560000.0,822290000.0,16.86,0.012794
752904,801231.ZICN,801231,上海申银万国证券研究所有限公司,申万综合Ⅱ,XSHG,2012-11-22,1334.71,1328.58,1309.89,1346.41,1325.97,127720000.0,786790000.0,-8.74,-0.006548
753322,801231.ZICN,801231,上海申银万国证券研究所有限公司,申万综合Ⅱ,XSHG,2012-11-23,1325.97,1328.85,1314.5,1348.19,1327.98,135320000.0,827700000.0,2.01,0.001516
753740,801231.ZICN,801231,上海申银万国证券研究所有限公司,申万综合Ⅱ,XSHG,2012-11-26,1327.98,1324.56,1304.9,1340.5,1317.16,117630000.0,720110000.0,-10.82,-0.008148
754158,801231.ZICN,801231,上海申银万国证券研究所有限公司,申万综合Ⅱ,XSHG,2012-11-27,1317.16,1312.9,1258.64,1320.07,1266.19,154570000.0,885390000.0,-50.97,-0.038697
754576,801231.ZICN,801231,上海申银万国证券研究所有限公司,申万综合Ⅱ,XSHG,2012-11-28,1266.19,1260.87,1227.91,1272.2,1243.72,121780000.0,652470000.0,-22.47,-0.017746
754994,801231.ZICN,801231,上海申银万国证券研究所有限公司,申万综合Ⅱ,XSHG,2012-11-29,1243.72,1246.27,1222.15,1269.42,1233.43,110000000.0,609730000.0,-10.29,-0.008274
755412,801231.ZICN,801231,上海申银万国证券研究所有限公司,申万综合Ⅱ,XSHG,2012-11-30,1233.43,1232.18,1217.82,1259.01,1247.31,113220000.0,612900000.0,13.88,0.011253
755830,801231.ZICN,801231,上海申银万国证券研究所有限公司,申万综合Ⅱ,XSHG,2012-12-03,1247.31,1249.02,1216.57,1267.78,1226.35,131480000.0,767930000.0,-20.96,-0.016804
756248,801231.ZICN,801231,上海申银万国证券研究所有限公司,申万综合Ⅱ,XSHG,2012-12-04,1226.35,1222.55,1195.24,1247.19,1235.29,134800000.0,739250000.0,8.94,0.0072900000000000005
756666,801231.ZICN,801231,上海申银万国证券研究所有限公司,申万综合Ⅱ,XSHG,2012-12-05,1235.29,1231.48,1223.19,1292.23,1276.59,210310000.0,1171400000.0,41.3,0.033433
757084,801231.ZICN,801231,上海申银万国证券研究所有限公司,申万综合Ⅱ,XSHG,2012-12-06,1276.59,1275.19,1259.56,1299.65,1275.03,178790000.0,1024640000.0,-1.56,-0.001222
757502,801231.ZICN,801231,上海申银万国证券研究所有限公司,申万综合Ⅱ,XSHG,2012-12-07,1275.03,1275.85,1265.27,1313.69,1302.96,225210000.0,1245470000.0,27.93,0.021905
757920,801231.ZICN,801231,上海申银万国证券研究所有限公司,申万综合Ⅱ,XSHG,2012-12-10,1302.96,1307.15,1294.75,1337.26,1327.78,276240000.0,1620010000.0,24.82,0.019049
758338,801231.ZICN,801231,上海申银万国证券研究所有限公司,申万综合Ⅱ,XSHG,2012-12-11,1327.78,1322.94,1305.46,1347.54,1326.28,270100000.0,1541600000.0,-1.5,-0.0011300000000000001
758756,801231.ZICN,801231,上海申银万国证券研究所有限公司,申万综合Ⅱ,XSHG,2012-12-12,1326.28,1322.99,1304.54,1346.9,1328.8,218550000.0,1325800000.0,2.52,0.0019
759174,801231.ZICN,801231,上海申银万国证券研究所有限公司,申万综合Ⅱ,XSHG,2012-12-13,1328.8,1324.12,1303.65,1344.83,1315.17,184470000.0,1107050000.0,-13.63,-0.010256999999999999
759592,801231.ZICN,801231,上海申银万国证券研究所有限公司,申万综合Ⅱ,XSHG,2012-12-14,1315.17,1319.62,1310.16,1386.07,1369.74,379700000.0,2278390000.0,54.57,0.041493
760010,801231.ZICN,801231,上海申银万国证券研究所有限公司,申万综合Ⅱ,XSHG,2012-12-17,1369.74,1368.14,1350.99,1397.31,1375.95,304900000.0,1850470000.0,6.21,0.004534000000000001
760428,801231.ZICN,801231,上海申银万国证券研究所有限公司,申万综合Ⅱ,XSHG,2012-12-18,1375.95,1370.73,1349.5,1405.65,1373.44,304400000.0,1807890000.0,-2.51,-0.0018239999999999999
760846,801231.ZICN,801231,上海申银万国证券研究所有限公司,申万综合Ⅱ,XSHG,2012-12-19,1373.44,1370.16,1348.02,1389.74,1364.46,216600000.0,1304420000.0,-8.98,-0.0065379999999999995
761264,801231.ZICN,801231,上海申银万国证券研究所有限公司,申万综合Ⅱ,XSHG,2012-12-20,1364.46,1362.29,1337.29,1379.63,1361.94,219090000.0,1368730000.0,-2.52,-0.001847
761682,801231.ZICN,801231,上海申银万国证券研究所有限公司,申万综合Ⅱ,XSHG,2012-12-21,1361.94,1360.31,1343.62,1382.7,1357.41,190640000.0,1230810000.0,-4.53,-0.003326
762100,801231.ZICN,801231,上海申银万国证券研究所有限公司,申万综合Ⅱ,XSHG,2012-12-24,1357.41,1355.17,1345.28,1379.22,1365.39,152950000.0,1005390000.0,7.98,0.005879
762518,801231.ZICN,801231,上海申银万国证券研究所有限公司,申万综合Ⅱ,XSHG,2012-12-25,1365.39,1366.32,1354.36,1408.47,1394.56,294070000.0,1823360000.0,29.17,0.021363999999999998
762936,801231.ZICN,801231,上海申银万国证券研究所有限公司,申万综合Ⅱ,XSHG,2012-12-26,1394.56,1394.64,1384.05,1425.16,1409.16,259160000.0,1614220000.0,14.6,0.010469
763354,801231.ZICN,801231,上海申银万国证券研究所有限公司,申万综合Ⅱ,XSHG,2012-12-27,1409.16,1412.41,1386.34,1433.69,1402.29,294920000.0,1801080000.0,-6.87,-0.004875
763772,801231.ZICN,801231,上海申银万国证券研究所有限公司,申万综合Ⅱ,XSHG,2012-12-28,1402.29,1402.75,1393.76,1441.95,1429.49,271570000.0,1727780000.0,27.2,0.019397
764190,801231.ZICN,801231,上海申银万国证券研究所有限公司,申万综合Ⅱ,XSHG,2012-12-31,1429.49,1435.35,1419.16,1462.83,1443.92,300800000.0,1897910000.0,14.43,0.010095
764608,801231.ZICN,801231,上海申银万国证券研究所有限公司,申万综合Ⅱ,XSHG,2013-01-04,1443.92,1451.72,1412.58,1467.97,1431.43,262420000.0,1633190000.0,-12.49,-0.00865
765026,801231.ZICN,801231,上海申银万国证券研究所有限公司,申万综合Ⅱ,XSHG,2013-01-07,1431.43,1428.82,1415.51,1457.65,1446.25,235710000.0,1489360000.0,14.82,0.010353
765444,801231.ZICN,801231,上海申银万国证券研究所有限公司,申万综合Ⅱ,XSHG,2013-01-08,1446.25,1444.13,1427.55,1482.95,1466.95,338230000.0,2130010000.0,20.7,0.014313
765862,801231.ZICN,801231,上海申银万国证券研究所有限公司,申万综合Ⅱ,XSHG,2013-01-09,1466.95,1460.11,1443.2,1493.91,1466.18,321890000.0,1987270000.0,-0.77,-0.000525
766280,801231.ZICN,801231,上海申银万国证券研究所有限公司,申万综合Ⅱ,XSHG,2013-01-10,1466.18,1465.68,1451.8,1505.24,1481.15,308790000.0,2020590000.0,14.97,0.010209999999999999
766698,801231.ZICN,801231,上海申银万国证券研究所有限公司,申万综合Ⅱ,XSHG,2013-01-11,1481.15,1475.95,1433.68,1498.75,1448.97,300230000.0,1783530000.0,-32.18,-0.021726
767116,801231.ZICN,801231,上海申银万国证券研究所有限公司,申万综合Ⅱ,XSHG,2013-01-14,1448.97,1457.16,1438.24,1509.72,1494.07,411260000.0,2668570000.0,45.1,0.031125999999999997
767534,801231.ZICN,801231,上海申银万国证券研究所有限公司,申万综合Ⅱ,XSHG,2013-01-15,1494.07,1493.68,1483.09,1543.26,1522.11,454150000.0,3052690000.0,28.04,0.018768
767952,801231.ZICN,801231,上海申银万国证券研究所有限公司,申万综合Ⅱ,XSHG,2013-01-16,1522.11,1525.67,1488.44,1555.51,1524.65,428320000.0,2893420000.0,2.54,0.0016690000000000001
768370,801231.ZICN,801231,上海申银万国证券研究所有限公司,申万综合Ⅱ,XSHG,2013-01-17,1524.65,1525.09,1490.06,1544.86,1507.11,324520000.0,2369990000.0,-17.54,-0.011504
768788,801231.ZICN,801231,上海申银万国证券研究所有限公司,申万综合Ⅱ,XSHG,2013-01-18,1507.11,1508.88,1508.48,1530.78,1530.27,281550000.0,1998620000.0,23.16,0.015366999999999999
769206,801231.ZICN,801231,上海申银万国证券研究所有限公司,申万综合Ⅱ,XSHG,2013-01-21,1530.27,1534.13,1526.69,1542.62,1542.62,280950000.0,1968560000.0,12.35,0.00807
769624,801231.ZICN,801231,上海申银万国证券研究所有限公司,申万综合Ⅱ,XSHG,2013-01-22,1542.62,1543.61,1521.93,1548.97,1528.45,289040000.0,1942970000.0,-14.17,-0.009186
770042,801231.ZICN,801231,上海申银万国证券研究所有限公司,申万综合Ⅱ,XSHG,2013-01-23,1528.45,1528.74,1514.39,1541.06,1539.08,270280000.0,1793020000.0,10.63,0.006954999999999999
770460,801231.ZICN,801231,上海申银万国证券研究所有限公司,申万综合Ⅱ,XSHG,2013-01-24,1539.08,1538.45,1495.34,1549.45,1505.32,324160000.0,2163620000.0,-33.76,-0.021935
770878,801231.ZICN,801231,上海申银万国证券研究所有限公司,申万综合Ⅱ,XSHG,2013-01-25,1505.32,1507.93,1492.61,1512.58,1499.62,199750000.0,1418140000.0,-5.7,-0.0037869999999999996
771296,801231.ZICN,801231,上海申银万国证券研究所有限公司,申万综合Ⅱ,XSHG,2013-01-28,1499.62,1498.6,1498.24,1536.7,1536.7,267740000.0,1829580000.0,37.08,0.024725999999999998
771714,801231.ZICN,801231,上海申银万国证券研究所有限公司,申万综合Ⅱ,XSHG,2013-01-29,1536.7,1535.18,1531.11,1546.03,1543.49,291900000.0,2129380000.0,6.79,0.004419
772132,801231.ZICN,801231,上海申银万国证券研究所有限公司,申万综合Ⅱ,XSHG,2013-01-30,1543.49,1557.39,1545.89,1567.53,1562.86,468720000.0,3340850000.0,19.37,0.012549
772550,801231.ZICN,801231,上海申银万国证券研究所有限公司,申万综合Ⅱ,XSHG,2013-01-31,1562.86,1561.81,1552.92,1565.33,1564.67,389990000.0,2865220000.0,1.81,0.001158
772968,801231.ZICN,801231,上海申银万国证券研究所有限公司,申万综合Ⅱ,XSHG,2013-02-01,1564.67,1561.9,1553.52,1583.27,1582.75,477160000.0,3471380000.0,18.08,0.011555
773386,801231.ZICN,801231,上海申银万国证券研究所有限公司,申万综合Ⅱ,XSHG,2013-02-04,1582.75,1586.03,1558.66,1590.05,1559.58,413390000.0,2923710000.0,-23.17,-0.014639
773804,801231.ZICN,801231,上海申银万国证券研究所有限公司,申万综合Ⅱ,XSHG,2013-02-05,1559.58,1551.03,1548.01,1584.27,1584.27,334420000.0,2419210000.0,24.69,0.015831
774222,801231.ZICN,801231,上海申银万国证券研究所有限公司,申万综合Ⅱ,XSHG,2013-02-06,1584.27,1584.36,1582.07,1604.39,1598.36,331860000.0,2430450000.0,14.09,0.008893999999999999
774640,801231.ZICN,801231,上海申银万国证券研究所有限公司,申万综合Ⅱ,XSHG,2013-02-07,1598.36,1595.5,1580.03,1598.03,1591.01,257060000.0,1919660000.0,-7.35,-0.004598
775058,801231.ZICN,801231,上海申银万国证券研究所有限公司,申万综合Ⅱ,XSHG,2013-02-08,1591.01,1590.22,1589.38,1607.64,1606.28,244400000.0,1791000000.0,15.27,0.009598
775476,801231.ZICN,801231,上海申银万国证券研究所有限公司,申万综合Ⅱ,XSHG,2013-02-18,1606.28,1614.49,1606.81,1624.93,1623.65,324250000.0,2435010000.0,17.37,0.010814
775894,801231.ZICN,801231,上海申银万国证券研究所有限公司,申万综合Ⅱ,XSHG,2013-02-19,1623.65,1625.83,1600.13,1630.38,1604.67,363290000.0,2514520000.0,-18.98,-0.01169
776312,801231.ZICN,801231,上海申银万国证券研究所有限公司,申万综合Ⅱ,XSHG,2013-02-20,1604.67,1606.83,1603.56,1629.36,1629.0,378260000.0,2623050000.0,24.33,0.015162
776730,801231.ZICN,801231,上海申银万国证券研究所有限公司,申万综合Ⅱ,XSHG,2013-02-21,1629.0,1616.07,1584.7,1616.95,1592.04,382300000.0,2771700000.0,-36.96,-0.022688999999999997
777148,801231.ZICN,801231,上海申银万国证券研究所有限公司,申万综合Ⅱ,XSHG,2013-02-22,1592.04,1591.01,1588.93,1608.07,1592.04,321680000.0,2427710000.0,0.0,0.0
777566,801231.ZICN,801231,上海申银万国证券研究所有限公司,申万综合Ⅱ,XSHG,2013-02-25,1592.04,1594.67,1594.64,1613.38,1608.98,282160000.0,2237380000.0,16.94,0.01064
777984,801231.ZICN,801231,上海申银万国证券研究所有限公司,申万综合Ⅱ,XSHG,2013-02-26,1608.98,1600.38,1588.76,1621.05,1588.76,362120000.0,2645380000.0,-20.22,-0.012567
778402,801231.ZICN,801231,上海申银万国证券研究所有限公司,申万综合Ⅱ,XSHG,2013-02-27,1588.76,1595.29,1594.06,1613.08,1610.19,319800000.0,2406160000.0,21.43,0.013489
778820,801231.ZICN,801231,上海申银万国证券研究所有限公司,申万综合Ⅱ,XSHG,2013-02-28,1610.19,1617.21,1608.48,1642.89,1642.64,388120000.0,3126220000.0,32.45,0.020153
779238,801231.ZICN,801231,上海申银万国证券研究所有限公司,申万综合Ⅱ,XSHG,2013-03-01,1642.64,1645.88,1641.51,1675.97,1675.8,435430000.0,3506850000.0,33.16,0.020187
779656,801231.ZICN,801231,上海申银万国证券研究所有限公司,申万综合Ⅱ,XSHG,2013-03-04,1675.8,1671.88,1618.38,1671.99,1629.56,580640000.0,4259870000.0,-46.24,-0.027593
780078,801231.ZICN,801231,上海申银万国证券研究所有限公司,申万综合Ⅱ,XSHG,2013-03-05,1629.56,1624.93,1619.6,1665.03,1663.08,465680000.0,3378170000.0,33.52,0.020569999999999998
780496,801231.ZICN,801231,上海申银万国证券研究所有限公司,申万综合Ⅱ,XSHG,2013-03-06,1663.08,1665.69,1663.37,1680.93,1673.88,499220000.0,3716780000.0,10.8,0.006494
780914,801231.ZICN,801231,上海申银万国证券研究所有限公司,申万综合Ⅱ,XSHG,2013-03-07,1673.88,1671.7,1644.38,1675.4,1661.75,540900000.0,3864090000.0,-12.13,-0.007247
781332,801231.ZICN,801231,上海申银万国证券研究所有限公司,申万综合Ⅱ,XSHG,2013-03-08,1661.75,1660.79,1644.01,1669.8,1650.67,361510000.0,2610550000.0,-11.08,-0.006668
781750,801231.ZICN,801231,上海申银万国证券研究所有限公司,申万综合Ⅱ,XSHG,2013-03-11,1650.67,1641.48,1635.83,1652.52,1648.13,291660000.0,2147620000.0,-2.54,-0.001539
782168,801231.ZICN,801231,上海申银万国证券研究所有限公司,申万综合Ⅱ,XSHG,2013-03-12,1648.13,1643.15,1589.29,1655.09,1608.24,397340000.0,2966040000.0,-39.89,-0.024203
782586,801231.ZICN,801231,上海申银万国证券研究所有限公司,申万综合Ⅱ,XSHG,2013-03-13,1608.24,1603.19,1588.99,1612.83,1609.78,333090000.0,2526010000.0,1.54,0.000958
783004,801231.ZICN,801231,上海申银万国证券研究所有限公司,申万综合Ⅱ,XSHG,2013-03-14,1609.78,1604.49,1601.74,1625.49,1609.51,324030000.0,2389490000.0,-0.27,-0.000168
783423,801231.ZICN,801231,上海申银万国证券研究所有限公司,申万综合Ⅱ,XSHG,2013-03-15,1609.51,1606.31,1598.33,1640.17,1621.35,363940000.0,2666600000.0,11.84,0.0073560000000000006
783842,801231.ZICN,801231,上海申银万国证券研究所有限公司,申万综合Ⅱ,XSHG,2013-03-18,1621.35,1616.5,1612.48,1627.61,1615.18,330470000.0,2520270000.0,-6.17,-0.003805
784261,801231.ZICN,801231,上海申银万国证券研究所有限公司,申万综合Ⅱ,XSHG,2013-03-19,1615.18,1614.99,1595.91,1625.12,1622.81,304580000.0,2241320000.0,7.63,0.004724
784680,801231.ZICN,801231,上海申银万国证券研究所有限公司,申万综合Ⅱ,XSHG,2013-03-20,1622.81,1620.54,1619.53,1660.49,1660.49,364810000.0,2609030000.0,37.68,0.023219
785099,801231.ZICN,801231,上海申银万国证券研究所有限公司,申万综合Ⅱ,XSHG,2013-03-21,1660.49,1657.19,1657.02,1679.93,1673.19,435610000.0,3266430000.0,12.7,0.007648
785518,801231.ZICN,801231,上海申银万国证券研究所有限公司,申万综合Ⅱ,XSHG,2013-03-22,1673.19,1668.29,1657.0,1675.06,1665.55,376660000.0,2831290000.0,-7.64,-0.004566
785937,801231.ZICN,801231,上海申银万国证券研究所有限公司,申万综合Ⅱ,XSHG,2013-03-25,1665.55,1669.66,1664.0,1679.28,1673.97,331030000.0,2540940000.0,8.42,0.005055
786356,801231.ZICN,801231,上海申银万国证券研究所有限公司,申万综合Ⅱ,XSHG,2013-03-26,1673.97,1668.22,1641.5,1668.22,1657.49,332570000.0,2400370000.0,-16.48,-0.009845
786775,801231.ZICN,801231,上海申银万国证券研究所有限公司,申万综合Ⅱ,XSHG,2013-03-27,1657.49,1654.46,1645.65,1667.68,1659.0,295370000.0,2211610000.0,1.51,0.0009109999999999999
787194,801231.ZICN,801231,上海申银万国证券研究所有限公司,申万综合Ⅱ,XSHG,2013-03-28,1659.0,1646.7,1595.1,1647.61,1595.21,328910000.0,2346970000.0,-63.79,-0.038451
787613,801231.ZICN,801231,上海申银万国证券研究所有限公司,申万综合Ⅱ,XSHG,2013-03-29,1595.21,1597.96,1586.15,1604.72,1591.66,233920000.0,1733190000.0,-3.55,-0.002225
788032,801231.ZICN,801231,上海申银万国证券研究所有限公司,申万综合Ⅱ,XSHG,2013-04-01,1591.66,1589.9,1589.9,1610.01,1597.54,201030000.0,1508590000.0,5.88,0.003694
788451,801231.ZICN,801231,上海申银万国证券研究所有限公司,申万综合Ⅱ,XSHG,2013-04-02,1597.54,1597.5,1577.72,1608.67,1580.62,241750000.0,1758070000.0,-16.92,-0.010591
788870,801231.ZICN,801231,上海申银万国证券研究所有限公司,申万综合Ⅱ,XSHG,2013-04-03,1580.62,1583.34,1562.57,1588.34,1570.77,255720000.0,1842140000.0,-9.85,-0.006232
789289,801231.ZICN,801231,上海申银万国证券研究所有限公司,申万综合Ⅱ,XSHG,2013-04-08,1570.77,1545.68,1528.94,1576.13,1576.13,266560000.0,1856370000.0,5.36,0.0034119999999999997
789708,801231.ZICN,801231,上海申银万国证券研究所有限公司,申万综合Ⅱ,XSHG,2013-04-09,1576.13,1574.98,1574.15,1596.98,1592.84,242540000.0,1783010000.0,16.71,0.010602
790127,801231.ZICN,801231,上海申银万国证券研究所有限公司,申万综合Ⅱ,XSHG,2013-04-10,1592.84,1591.97,1571.79,1597.78,1583.89,250380000.0,1786430000.0,-8.95,-0.005619
790546,801231.ZICN,801231,上海申银万国证券研究所有限公司,申万综合Ⅱ,XSHG,2013-04-11,1583.89,1592.37,1582.42,1600.64,1583.03,241400000.0,1709160000.0,-0.86,-0.000543
790965,801231.ZICN,801231,上海申银万国证券研究所有限公司,申万综合Ⅱ,XSHG,2013-04-12,1583.03,1578.76,1558.44,1580.84,1560.67,214640000.0,1461270000.0,-22.36,-0.014125
791384,801231.ZICN,801231,上海申银万国证券研究所有限公司,申万综合Ⅱ,XSHG,2013-04-15,1560.67,1548.42,1526.41,1552.07,1530.6,188290000.0,1272640000.0,-30.07,-0.019267
791803,801231.ZICN,801231,上海申银万国证券研究所有限公司,申万综合Ⅱ,XSHG,2013-04-16,1530.6,1513.65,1508.32,1542.58,1542.06,182780000.0,1277100000.0,11.46,0.007487000000000001
792222,801231.ZICN,801231,上海申银万国证券研究所有限公司,申万综合Ⅱ,XSHG,2013-04-17,1542.06,1541.92,1528.38,1546.19,1543.52,162050000.0,1188390000.0,1.46,0.000947
792641,801231.ZICN,801231,上海申银万国证券研究所有限公司,申万综合Ⅱ,XSHG,2013-04-18,1543.52,1533.07,1528.08,1554.13,1553.37,198320000.0,1430780000.0,9.85,0.006382
793060,801231.ZICN,801231,上海申银万国证券研究所有限公司,申万综合Ⅱ,XSHG,2013-04-19,1553.37,1556.18,1556.09,1592.03,1588.79,319480000.0,2322440000.0,35.42,0.022802
793479,801231.ZICN,801231,上海申银万国证券研究所有限公司,申万综合Ⅱ,XSHG,2013-04-22,1588.79,1579.53,1577.9,1606.11,1605.93,306410000.0,2281970000.0,17.14,0.010787999999999999
793898,801231.ZICN,801231,上海申银万国证券研究所有限公司,申万综合Ⅱ,XSHG,2013-04-23,1605.93,1608.6,1556.07,1609.53,1557.89,322740000.0,2285900000.0,-48.04,-0.029914
794317,801231.ZICN,801231,上海申银万国证券研究所有限公司,申万综合Ⅱ,XSHG,2013-04-24,1557.89,1560.63,1560.36,1593.13,1586.49,273900000.0,2066290000.0,28.6,0.018358000000000003
794736,801231.ZICN,801231,上海申银万国证券研究所有限公司,申万综合Ⅱ,XSHG,2013-04-25,1586.49,1583.42,1563.74,1590.36,1564.14,306420000.0,2255450000.0,-22.35,-0.014088
795155,801231.ZICN,801231,上海申银万国证券研究所有限公司,申万综合Ⅱ,XSHG,2013-04-26,1564.14,1568.41,1538.53,1574.54,1543.07,236280000.0,1750270000.0,-21.07,-0.013471
795574,801231.ZICN,801231,上海申银万国证券研究所有限公司,申万综合Ⅱ,XSHG,2013-05-02,1543.07,1536.44,1530.76,1553.58,1542.91,173410000.0,1257870000.0,-0.16,-0.00010400000000000001
795993,801231.ZICN,801231,上海申银万国证券研究所有限公司,申万综合Ⅱ,XSHG,2013-05-03,1542.91,1544.88,1544.55,1573.09,1568.68,203460000.0,1484140000.0,25.77,0.016702
796412,801231.ZICN,801231,上海申银万国证券研究所有限公司,申万综合Ⅱ,XSHG,2013-05-06,1568.68,1571.92,1571.76,1597.17,1595.07,254320000.0,1900500000.0,26.39,0.016822999999999998
796831,801231.ZICN,801231,上海申银万国证券研究所有限公司,申万综合Ⅱ,XSHG,2013-05-07,1595.07,1594.52,1590.97,1608.39,1604.03,313340000.0,2355930000.0,8.96,0.0056170000000000005
797250,801231.ZICN,801231,上海申银万国证券研究所有限公司,申万综合Ⅱ,XSHG,2013-05-08,1604.03,1604.82,1604.79,1623.14,1617.36,343030000.0,2499600000.0,13.33,0.00831
797669,801231.ZICN,801231,上海申银万国证券研究所有限公司,申万综合Ⅱ,XSHG,2013-05-09,1617.36,1615.92,1609.81,1631.35,1629.02,400470000.0,3103300000.0,11.66,0.007209
798088,801231.ZICN,801231,上海申银万国证券研究所有限公司,申万综合Ⅱ,XSHG,2013-05-10,1629.02,1631.82,1627.94,1655.53,1655.39,342900000.0,2751120000.0,26.37,0.016188
798507,801231.ZICN,801231,上海申银万国证券研究所有限公司,申万综合Ⅱ,XSHG,2013-05-13,1655.39,1657.48,1637.86,1657.48,1648.57,307260000.0,2333450000.0,-6.82,-0.00412
798926,801231.ZICN,801231,上海申银万国证券研究所有限公司,申万综合Ⅱ,XSHG,2013-05-14,1648.57,1651.02,1628.99,1652.58,1634.74,388310000.0,2836970000.0,-13.83,-0.008389
799345,801231.ZICN,801231,上海申银万国证券研究所有限公司,申万综合Ⅱ,XSHG,2013-05-15,1634.74,1629.28,1628.88,1644.82,1644.82,242790000.0,1859800000.0,10.08,0.006166
799764,801231.ZICN,801231,上海申银万国证券研究所有限公司,申万综合Ⅱ,XSHG,2013-05-16,1644.82,1639.62,1636.19,1667.65,1658.91,389540000.0,2878370000.0,14.09,0.008565999999999999
800183,801231.ZICN,801231,上海申银万国证券研究所有限公司,申万综合Ⅱ,XSHG,2013-05-17,1658.91,1653.33,1652.03,1676.02,1675.6,402040000.0,2826810000.0,16.69,0.010061
800602,801231.ZICN,801231,上海申银万国证券研究所有限公司,申万综合Ⅱ,XSHG,2013-05-20,1675.6,1675.65,1673.05,1696.44,1694.14,451680000.0,3278470000.0,18.54,0.011065
801021,801231.ZICN,801231,上海申银万国证券研究所有限公司,申万综合Ⅱ,XSHG,2013-05-21,1694.14,1693.54,1691.46,1726.4,1726.4,494970000.0,3657990000.0,32.26,0.019042
801440,801231.ZICN,801231,上海申银万国证券研究所有限公司,申万综合Ⅱ,XSHG,2013-05-22,1726.4,1725.97,1718.06,1734.67,1727.28,493060000.0,3617700000.0,0.88,0.0005099999999999999
801859,801231.ZICN,801231,上海申银万国证券研究所有限公司,申万综合Ⅱ,XSHG,2013-05-23,1727.28,1718.2,1707.42,1738.4,1711.34,463220000.0,3512210000.0,-15.94,-0.009228
802278,801231.ZICN,801231,上海申银万国证券研究所有限公司,申万综合Ⅱ,XSHG,2013-05-24,1711.34,1711.12,1707.38,1732.07,1730.28,386220000.0,2935650000.0,18.94,0.011067
802697,801231.ZICN,801231,上海申银万国证券研究所有限公司,申万综合Ⅱ,XSHG,2013-05-27,1730.28,1734.29,1725.35,1741.3,1739.07,459940000.0,3504190000.0,8.79,0.0050799999999999994
803116,801231.ZICN,801231,上海申银万国证券研究所有限公司,申万综合Ⅱ,XSHG,2013-05-28,1739.07,1734.89,1711.66,1742.33,1735.88,473060000.0,3747270000.0,-3.19,-0.001834
803535,801231.ZICN,801231,上海申银万国证券研究所有限公司,申万综合Ⅱ,XSHG,2013-05-29,1735.88,1735.66,1731.77,1750.54,1747.44,436510000.0,3332020000.0,11.56,0.006659
803954,801231.ZICN,801231,上海申银万国证券研究所有限公司,申万综合Ⅱ,XSHG,2013-05-30,1747.44,1739.84,1735.24,1753.33,1746.53,363550000.0,2868420000.0,-0.91,-0.000521
804373,801231.ZICN,801231,上海申银万国证券研究所有限公司,申万综合Ⅱ,XSHG,2013-05-31,1746.53,1746.74,1729.2,1752.22,1731.41,394610000.0,3048110000.0,-15.12,-0.008657
804792,801231.ZICN,801231,上海申银万国证券研究所有限公司,申万综合Ⅱ,XSHG,2013-06-03,1731.41,1727.93,1722.06,1742.37,1728.24,335430000.0,2617760000.0,-3.17,-0.001831
805211,801231.ZICN,801231,上海申银万国证券研究所有限公司,申万综合Ⅱ,XSHG,2013-06-04,1728.24,1726.48,1688.14,1732.51,1703.91,383210000.0,3037640000.0,-24.33,-0.014078
805630,801231.ZICN,801231,上海申银万国证券研究所有限公司,申万综合Ⅱ,XSHG,2013-06-05,1703.91,1699.26,1699.17,1718.23,1717.22,307460000.0,2515360000.0,13.31,0.007811
806049,801231.ZICN,801231,上海申银万国证券研究所有限公司,申万综合Ⅱ,XSHG,2013-06-06,1717.22,1712.02,1687.08,1713.53,1687.6,356780000.0,2916190000.0,-29.62,-0.017249
806468,801231.ZICN,801231,上海申银万国证券研究所有限公司,申万综合Ⅱ,XSHG,2013-06-07,1687.6,1688.26,1647.8,1693.94,1654.79,317270000.0,2494650000.0,-32.81,-0.019441999999999997
806887,801231.ZICN,801231,上海申银万国证券研究所有限公司,申万综合Ⅱ,XSHG,2013-06-13,1654.79,1632.51,1578.4,1632.51,1599.16,295010000.0,2243960000.0,-55.63,-0.033618
807306,801231.ZICN,801231,上海申银万国证券研究所有限公司,申万综合Ⅱ,XSHG,2013-06-14,1599.16,1601.19,1599.97,1626.38,1622.88,261250000.0,2017200000.0,23.72,0.014833
807725,801231.ZICN,801231,上海申银万国证券研究所有限公司,申万综合Ⅱ,XSHG,2013-06-17,1622.88,1623.88,1611.53,1637.16,1623.31,242670000.0,1944140000.0,0.43,0.000265
808144,801231.ZICN,801231,上海申银万国证券研究所有限公司,申万综合Ⅱ,XSHG,2013-06-18,1623.31,1621.87,1606.15,1634.98,1634.98,258090000.0,2009240000.0,11.67,0.007189
808562,801231.ZICN,801231,上海申银万国证券研究所有限公司,申万综合Ⅱ,XSHG,2013-06-19,1634.98,1623.65,1598.55,1623.92,1618.0,272140000.0,2054700000.0,-16.98,-0.010385
808981,801231.ZICN,801231,上海申银万国证券研究所有限公司,申万综合Ⅱ,XSHG,2013-06-20,1618.0,1611.92,1568.49,1617.19,1570.05,257840000.0,1920870000.0,-47.95,-0.029635
809400,801231.ZICN,801231,上海申银万国证券研究所有限公司,申万综合Ⅱ,XSHG,2013-06-21,1570.05,1539.01,1521.52,1568.99,1557.0,269140000.0,1874170000.0,-13.05,-0.008312
809819,801231.ZICN,801231,上海申银万国证券研究所有限公司,申万综合Ⅱ,XSHG,2013-06-24,1557.0,1553.91,1441.46,1555.13,1450.12,303410000.0,2058100000.0,-106.88,-0.068645
810238,801231.ZICN,801231,上海申银万国证券研究所有限公司,申万综合Ⅱ,XSHG,2013-06-25,1450.12,1435.6,1334.42,1451.67,1433.77,360760000.0,2256760000.0,-16.35,-0.011275
810661,801231.ZICN,801231,上海申银万国证券研究所有限公司,申万综合Ⅱ,XSHG,2013-06-26,1433.77,1431.04,1414.64,1447.32,1447.11,254310000.0,1635910000.0,13.34,0.009304
811080,801231.ZICN,801231,上海申银万国证券研究所有限公司,申万综合Ⅱ,XSHG,2013-06-27,1447.11,1448.69,1416.37,1471.9,1419.27,344760000.0,2224760000.0,-27.84,-0.019237999999999998
811499,801231.ZICN,801231,上海申银万国证券研究所有限公司,申万综合Ⅱ,XSHG,2013-06-28,1419.27,1409.46,1391.19,1443.88,1415.18,268460000.0,1630590000.0,-4.09,-0.002882
811918,801231.ZICN,801231,上海申银万国证券研究所有限公司,申万综合Ⅱ,XSHG,2013-07-01,1415.18,1408.32,1406.02,1447.98,1447.98,270290000.0,1874560000.0,32.8,0.023177
812336,801231.ZICN,801231,上海申银万国证券研究所有限公司,申万综合Ⅱ,XSHG,2013-07-02,1447.98,1449.7,1443.88,1472.28,1472.2,318520000.0,2317330000.0,24.22,0.016727000000000002
812754,801231.ZICN,801231,上海申银万国证券研究所有限公司,申万综合Ⅱ,XSHG,2013-07-03,1472.2,1463.96,1431.54,1479.95,1472.95,404710000.0,2967970000.0,0.75,0.000509
813172,801231.ZICN,801231,上海申银万国证券研究所有限公司,申万综合Ⅱ,XSHG,2013-07-04,1472.95,1458.32,1454.45,1510.89,1492.39,450340000.0,3390140000.0,19.44,0.013198
813590,801231.ZICN,801231,上海申银万国证券研究所有限公司,申万综合Ⅱ,XSHG,2013-07-05,1492.39,1494.6,1490.54,1510.12,1491.56,385300000.0,2883780000.0,-0.83,-0.000556
814008,801231.ZICN,801231,上海申银万国证券研究所有限公司,申万综合Ⅱ,XSHG,2013-07-08,1491.56,1472.0,1428.15,1472.33,1428.52,347820000.0,2399570000.0,-63.04,-0.042263999999999996
814426,801231.ZICN,801231,上海申银万国证券研究所有限公司,申万综合Ⅱ,XSHG,2013-07-09,1428.52,1418.65,1409.78,1434.72,1429.87,263550000.0,1764180000.0,1.35,0.0009449999999999999
814844,801231.ZICN,801231,上海申银万国证券研究所有限公司,申万综合Ⅱ,XSHG,2013-07-10,1429.87,1426.81,1423.85,1476.26,1475.93,331230000.0,2338750000.0,46.06,0.032213
815262,801231.ZICN,801231,上海申银万国证券研究所有限公司,申万综合Ⅱ,XSHG,2013-07-11,1475.93,1477.88,1477.49,1527.47,1514.96,447650000.0,3254640000.0,39.03,0.026444
815680,801231.ZICN,801231,上海申银万国证券研究所有限公司,申万综合Ⅱ,XSHG,2013-07-12,1514.96,1515.24,1501.67,1527.54,1503.11,420370000.0,3051910000.0,-11.85,-0.007821999999999999
816098,801231.ZICN,801231,上海申银万国证券研究所有限公司,申万综合Ⅱ,XSHG,2013-07-15,1503.11,1506.18,1506.09,1533.8,1533.63,386560000.0,2842680000.0,30.52,0.020305
816516,801231.ZICN,801231,上海申银万国证券研究所有限公司,申万综合Ⅱ,XSHG,2013-07-16,1533.63,1534.8,1525.16,1555.1,1555.1,398750000.0,3083170000.0,21.47,0.013999000000000001
816934,801231.ZICN,801231,上海申银万国证券研究所有限公司,申万综合Ⅱ,XSHG,2013-07-17,1555.1,1549.39,1520.9,1558.49,1522.81,369910000.0,2752650000.0,-32.29,-0.020763999999999998
817352,801231.ZICN,801231,上海申银万国证券研究所有限公司,申万综合Ⅱ,XSHG,2013-07-18,1522.81,1518.13,1508.22,1535.2,1527.72,346620000.0,2426320000.0,4.91,0.0032240000000000003
817770,801231.ZICN,801231,上海申银万国证券研究所有限公司,申万综合Ⅱ,XSHG,2013-07-19,1527.72,1532.35,1494.77,1545.47,1494.77,532260000.0,3855150000.0,-32.95,-0.021568
818188,801231.ZICN,801231,上海申银万国证券研究所有限公司,申万综合Ⅱ,XSHG,2013-07-22,1494.77,1483.68,1473.8,1510.48,1510.02,319150000.0,2268900000.0,15.25,0.010202
818606,801231.ZICN,801231,上海申银万国证券研究所有限公司,申万综合Ⅱ,XSHG,2013-07-23,1510.02,1509.12,1508.41,1546.04,1546.04,444970000.0,3252920000.0,36.02,0.023854
819024,801231.ZICN,801231,上海申银万国证券研究所有限公司,申万综合Ⅱ,XSHG,2013-07-24,1546.04,1541.23,1523.39,1555.99,1553.1,454500000.0,3334210000.0,7.06,0.004567
819442,801231.ZICN,801231,上海申银万国证券研究所有限公司,申万综合Ⅱ,XSHG,2013-07-25,1553.1,1548.06,1520.02,1551.72,1527.47,413250000.0,3091490000.0,-25.63,-0.016502
819860,801231.ZICN,801231,上海申银万国证券研究所有限公司,申万综合Ⅱ,XSHG,2013-07-26,1527.47,1522.65,1503.5,1534.81,1518.79,326290000.0,2402460000.0,-8.68,-0.005683
820278,801231.ZICN,801231,上海申银万国证券研究所有限公司,申万综合Ⅱ,XSHG,2013-07-29,1518.79,1510.99,1490.47,1513.12,1492.23,307240000.0,2221230000.0,-26.56,-0.017488
820696,801231.ZICN,801231,上海申银万国证券研究所有限公司,申万综合Ⅱ,XSHG,2013-07-30,1492.23,1492.44,1459.47,1500.58,1488.31,260570000.0,1846340000.0,-3.92,-0.002627
821114,801231.ZICN,801231,上海申银万国证券研究所有限公司,申万综合Ⅱ,XSHG,2013-07-31,1488.31,1492.86,1490.71,1511.12,1495.44,241610000.0,1772330000.0,7.13,0.004790999999999999
821532,801231.ZICN,801231,上海申银万国证券研究所有限公司,申万综合Ⅱ,XSHG,2013-08-01,1495.44,1501.43,1498.67,1533.58,1533.45,325160000.0,2331950000.0,38.01,0.025417
821950,801231.ZICN,801231,上海申银万国证券研究所有限公司,申万综合Ⅱ,XSHG,2013-08-02,1533.45,1542.77,1532.2,1550.69,1535.12,364240000.0,2574770000.0,1.67,0.0010890000000000001
822368,801231.ZICN,801231,上海申银万国证券研究所有限公司,申万综合Ⅱ,XSHG,2013-08-05,1535.12,1537.18,1536.88,1556.67,1556.6,321640000.0,2435110000.0,21.48,0.013992
822786,801231.ZICN,801231,上海申银万国证券研究所有限公司,申万综合Ⅱ,XSHG,2013-08-06,1556.6,1555.35,1548.71,1578.11,1575.52,444860000.0,3159110000.0,18.92,0.012155
823204,801231.ZICN,801231,上海申银万国证券研究所有限公司,申万综合Ⅱ,XSHG,2013-08-07,1575.52,1573.67,1565.12,1584.87,1567.29,471570000.0,3390900000.0,-8.23,-0.005224
823622,801231.ZICN,801231,上海申银万国证券研究所有限公司,申万综合Ⅱ,XSHG,2013-08-08,1567.29,1562.35,1553.72,1574.3,1557.46,319660000.0,2336340000.0,-9.83,-0.006272
824040,801231.ZICN,801231,上海申银万国证券研究所有限公司,申万综合Ⅱ,XSHG,2013-08-09,1557.46,1560.57,1545.64,1571.96,1564.09,324180000.0,2362520000.0,6.63,0.004257
824458,801231.ZICN,801231,上海申银万国证券研究所有限公司,申万综合Ⅱ,XSHG,2013-08-12,1564.09,1568.66,1567.3,1590.1,1589.73,411810000.0,3077920000.0,25.64,0.016393
824876,801231.ZICN,801231,上海申银万国证券研究所有限公司,申万综合Ⅱ,XSHG,2013-08-13,1589.73,1586.06,1579.45,1595.3,1595.22,355030000.0,2737760000.0,5.49,0.003453
825294,801231.ZICN,801231,上海申银万国证券研究所有限公司,申万综合Ⅱ,XSHG,2013-08-14,1595.22,1593.72,1584.24,1601.87,1590.38,391020000.0,2873630000.0,-4.84,-0.003034
825712,801231.ZICN,801231,上海申银万国证券研究所有限公司,申万综合Ⅱ,XSHG,2013-08-15,1590.38,1587.24,1572.28,1593.7,1573.27,353690000.0,2597390000.0,-17.11,-0.010758
826130,801231.ZICN,801231,上海申银万国证券研究所有限公司,申万综合Ⅱ,XSHG,2013-08-16,1573.27,1565.8,1542.48,1601.31,1543.77,401640000.0,2876510000.0,-29.5,-0.018751
826548,801231.ZICN,801231,上海申银万国证券研究所有限公司,申万综合Ⅱ,XSHG,2013-08-19,1543.77,1535.35,1533.34,1572.63,1572.63,296500000.0,2121610000.0,28.86,0.018694
826966,801231.ZICN,801231,上海申银万国证券研究所有限公司,申万综合Ⅱ,XSHG,2013-08-20,1572.63,1572.43,1557.14,1583.36,1567.06,325130000.0,2359550000.0,-5.57,-0.003542
827384,801231.ZICN,801231,上海申银万国证券研究所有限公司,申万综合Ⅱ,XSHG,2013-08-21,1567.06,1570.76,1567.8,1590.35,1590.35,332790000.0,2470900000.0,23.29,0.014862
827802,801231.ZICN,801231,上海申银万国证券研究所有限公司,申万综合Ⅱ,XSHG,2013-08-22,1590.35,1590.06,1585.93,1601.94,1592.6,386630000.0,2943790000.0,2.25,0.001415
828220,801231.ZICN,801231,上海申银万国证券研究所有限公司,申万综合Ⅱ,XSHG,2013-08-23,1592.6,1598.91,1559.06,1602.63,1590.63,407100000.0,3032290000.0,-1.97,-0.0012369999999999998
828638,801231.ZICN,801231,上海申银万国证券研究所有限公司,申万综合Ⅱ,XSHG,2013-08-26,1590.63,1592.64,1588.39,1626.22,1626.22,481840000.0,3698520000.0,35.59,0.022375
829056,801231.ZICN,801231,上海申银万国证券研究所有限公司,申万综合Ⅱ,XSHG,2013-08-27,1626.22,1628.43,1623.91,1642.53,1642.53,481330000.0,3714160000.0,16.31,0.010029000000000001
829474,801231.ZICN,801231,上海申银万国证券研究所有限公司,申万综合Ⅱ,XSHG,2013-08-28,1642.53,1630.48,1616.02,1651.57,1635.39,584130000.0,4587140000.0,-7.14,-0.004347
829892,801231.ZICN,801231,上海申银万国证券研究所有限公司,申万综合Ⅱ,XSHG,2013-08-29,1635.39,1632.96,1629.83,1648.62,1642.56,467340000.0,3464360000.0,7.17,0.004384000000000001
830310,801231.ZICN,801231,上海申银万国证券研究所有限公司,申万综合Ⅱ,XSHG,2013-08-30,1642.56,1638.54,1627.41,1663.2,1634.61,623750000.0,4593290000.0,-7.95,-0.00484
830728,801231.ZICN,801231,上海申银万国证券研究所有限公司,申万综合Ⅱ,XSHG,2013-09-02,1634.61,1635.21,1595.54,1636.33,1618.49,451870000.0,3424440000.0,-16.12,-0.009862000000000001
831146,801231.ZICN,801231,上海申银万国证券研究所有限公司,申万综合Ⅱ,XSHG,2013-09-03,1618.49,1617.44,1616.77,1656.97,1656.97,489590000.0,3895380000.0,38.48,0.023775
831564,801231.ZICN,801231,上海申银万国证券研究所有限公司,申万综合Ⅱ,XSHG,2013-09-04,1656.97,1656.68,1645.18,1659.46,1651.18,372260000.0,2965490000.0,-5.79,-0.0034939999999999997
831982,801231.ZICN,801231,上海申银万国证券研究所有限公司,申万综合Ⅱ,XSHG,2013-09-05,1651.18,1651.25,1643.54,1657.24,1648.02,369330000.0,3022470000.0,-3.16,-0.0019140000000000001
832400,801231.ZICN,801231,上海申银万国证券研究所有限公司,申万综合Ⅱ,XSHG,2013-09-06,1648.02,1645.8,1644.85,1665.61,1661.17,395940000.0,3396430000.0,13.15,0.007979
832818,801231.ZICN,801231,上海申银万国证券研究所有限公司,申万综合Ⅱ,XSHG,2013-09-09,1661.17,1661.63,1660.47,1677.32,1671.65,412640000.0,3649880000.0,10.48,0.006309
833236,801231.ZICN,801231,上海申银万国证券研究所有限公司,申万综合Ⅱ,XSHG,2013-09-10,1671.65,1670.52,1669.11,1694.08,1694.08,513600000.0,4382680000.0,22.43,0.013418000000000001
833654,801231.ZICN,801231,上海申银万国证券研究所有限公司,申万综合Ⅱ,XSHG,2013-09-11,1694.08,1694.26,1670.29,1694.26,1681.08,472440000.0,4094660000.0,-13.0,-0.007673999999999999
834072,801231.ZICN,801231,上海申银万国证券研究所有限公司,申万综合Ⅱ,XSHG,2013-09-12,1681.08,1674.87,1669.78,1689.44,1680.56,434910000.0,3447350000.0,-0.52,-0.000309
834490,801231.ZICN,801231,上海申银万国证券研究所有限公司,申万综合Ⅱ,XSHG,2013-09-13,1680.56,1678.37,1671.63,1685.05,1682.15,387170000.0,3130450000.0,1.59,0.0009460000000000001
834908,801231.ZICN,801231,上海申银万国证券研究所有限公司,申万综合Ⅱ,XSHG,2013-09-16,1682.15,1683.19,1679.5,1684.77,1681.87,347510000.0,2798220000.0,-0.28,-0.000166
835330,801231.ZICN,801231,上海申银万国证券研究所有限公司,申万综合Ⅱ,XSHG,2013-09-17,1681.87,1682.88,1653.23,1684.87,1653.23,410820000.0,3247980000.0,-28.64,-0.017029
835748,801231.ZICN,801231,上海申银万国证券研究所有限公司,申万综合Ⅱ,XSHG,2013-09-18,1653.23,1651.64,1651.61,1675.54,1674.13,346240000.0,2789860000.0,20.9,0.012642
836166,801231.ZICN,801231,上海申银万国证券研究所有限公司,申万综合Ⅱ,XSHG,2013-09-23,1674.13,1673.47,1673.3,1694.73,1694.71,380730000.0,3118260000.0,20.58,0.012293
836584,801231.ZICN,801231,上海申银万国证券研究所有限公司,申万综合Ⅱ,XSHG,2013-09-24,1694.71,1691.93,1686.16,1715.24,1708.8,508460000.0,4267930000.0,14.09,0.008314
837002,801231.ZICN,801231,上海申银万国证券研究所有限公司,申万综合Ⅱ,XSHG,2013-09-25,1708.8,1710.47,1696.06,1718.06,1702.39,519980000.0,4640410000.0,-6.41,-0.003751
837420,801231.ZICN,801231,上海申银万国证券研究所有限公司,申万综合Ⅱ,XSHG,2013-09-26,1702.39,1695.82,1665.65,1696.04,1665.65,443110000.0,3741000000.0,-36.74,-0.021581
837838,801231.ZICN,801231,上海申银万国证券研究所有限公司,申万综合Ⅱ,XSHG,2013-09-27,1665.65,1668.0,1665.98,1681.39,1673.22,345650000.0,2799730000.0,7.57,0.004545
838256,801231.ZICN,801231,上海申银万国证券研究所有限公司,申万综合Ⅱ,XSHG,2013-09-30,1673.22,1680.05,1679.14,1708.74,1707.08,359280000.0,3036220000.0,33.86,0.020236
838674,801231.ZICN,801231,上海申银万国证券研究所有限公司,申万综合Ⅱ,XSHG,2013-10-08,1707.08,1708.94,1703.46,1739.17,1732.99,481430000.0,4023200000.0,25.91,0.015178
839092,801231.ZICN,801231,上海申银万国证券研究所有限公司,申万综合Ⅱ,XSHG,2013-10-09,1732.99,1727.8,1724.38,1753.73,1753.56,512930000.0,4238500000.0,20.57,0.01187
839510,801231.ZICN,801231,上海申银万国证券研究所有限公司,申万综合Ⅱ,XSHG,2013-10-10,1753.56,1753.81,1742.95,1765.25,1748.78,517740000.0,4251370000.0,-4.78,-0.002726
839928,801231.ZICN,801231,上海申银万国证券研究所有限公司,申万综合Ⅱ,XSHG,2013-10-11,1748.78,1757.25,1753.78,1784.22,1783.58,576730000.0,4733590000.0,34.8,0.0199
840346,801231.ZICN,801231,上海申银万国证券研究所有限公司,申万综合Ⅱ,XSHG,2013-10-14,1783.58,1780.56,1776.96,1793.74,1786.66,543810000.0,4589890000.0,3.08,0.001727
840764,801231.ZICN,801231,上海申银万国证券研究所有限公司,申万综合Ⅱ,XSHG,2013-10-15,1786.66,1788.49,1775.03,1797.1,1797.1,572250000.0,4839280000.0,10.44,0.005843
841182,801231.ZICN,801231,上海申银万国证券研究所有限公司,申万综合Ⅱ,XSHG,2013-10-16,1797.1,1790.48,1739.29,1790.9,1748.74,562140000.0,4711130000.0,-48.36,-0.026910000000000003
841600,801231.ZICN,801231,上海申银万国证券研究所有限公司,申万综合Ⅱ,XSHG,2013-10-17,1748.74,1754.37,1739.18,1769.67,1741.14,434920000.0,3717370000.0,-7.6,-0.004346
842018,801231.ZICN,801231,上海申银万国证券研究所有限公司,申万综合Ⅱ,XSHG,2013-10-18,1741.14,1736.66,1730.36,1758.95,1754.21,378850000.0,3285310000.0,13.07,0.007506999999999999
842436,801231.ZICN,801231,上海申银万国证券研究所有限公司,申万综合Ⅱ,XSHG,2013-10-21,1754.21,1757.58,1757.41,1804.61,1804.61,494410000.0,4323190000.0,50.4,0.028731
842854,801231.ZICN,801231,上海申银万国证券研究所有限公司,申万综合Ⅱ,XSHG,2013-10-22,1804.61,1812.13,1793.66,1818.28,1802.19,673430000.0,5989990000.0,-2.42,-0.001341
843272,801231.ZICN,801231,上海申银万国证券研究所有限公司,申万综合Ⅱ,XSHG,2013-10-23,1802.19,1799.43,1751.67,1813.73,1752.63,595950000.0,5354260000.0,-49.56,-0.0275
843690,801231.ZICN,801231,上海申银万国证券研究所有限公司,申万综合Ⅱ,XSHG,2013-10-24,1752.63,1743.92,1733.07,1755.04,1736.38,370930000.0,3331170000.0,-16.25,-0.009272
844107,801231.ZICN,801231,上海申银万国证券研究所有限公司,申万综合Ⅱ,XSHG,2013-10-25,1736.38,1739.48,1685.76,1744.88,1696.5,405300000.0,3602000000.0,-39.88,-0.022966999999999998
844524,801231.ZICN,801231,上海申银万国证券研究所有限公司,申万综合Ⅱ,XSHG,2013-10-28,1696.5,1700.6,1685.79,1702.02,1694.87,344890000.0,2818030000.0,-1.63,-0.0009609999999999999
844941,801231.ZICN,801231,上海申银万国证券研究所有限公司,申万综合Ⅱ,XSHG,2013-10-29,1694.87,1695.04,1587.43,1703.24,1619.59,443160000.0,3446180000.0,-75.28,-0.044416000000000004
845358,801231.ZICN,801231,上海申银万国证券研究所有限公司,申万综合Ⅱ,XSHG,2013-10-30,1619.59,1612.8,1608.11,1643.1,1642.98,307420000.0,2375390000.0,23.39,0.014441999999999998
845775,801231.ZICN,801231,上海申银万国证券研究所有限公司,申万综合Ⅱ,XSHG,2013-10-31,1642.98,1638.31,1632.49,1649.96,1633.6,271760000.0,2105520000.0,-9.38,-0.0057090000000000005
846192,801231.ZICN,801231,上海申银万国证券研究所有限公司,申万综合Ⅱ,XSHG,2013-11-01,1633.6,1631.55,1609.0,1637.95,1626.53,243590000.0,1805940000.0,-7.07,-0.004328
846609,801231.ZICN,801231,上海申银万国证券研究所有限公司,申万综合Ⅱ,XSHG,2013-11-04,1626.53,1631.33,1630.05,1643.0,1635.94,225120000.0,1671200000.0,9.41,0.005785
847026,801231.ZICN,801231,上海申银万国证券研究所有限公司,申万综合Ⅱ,XSHG,2013-11-05,1635.94,1630.56,1615.47,1656.57,1656.57,302580000.0,2153910000.0,20.63,0.01261
847443,801231.ZICN,801231,上海申银万国证券研究所有限公司,申万综合Ⅱ,XSHG,2013-11-06,1656.57,1651.33,1635.34,1663.78,1635.74,317520000.0,2387600000.0,-20.83,-0.012574
847864,801231.ZICN,801231,上海申银万国证券研究所有限公司,申万综合Ⅱ,XSHG,2013-11-07,1635.74,1635.25,1607.32,1635.58,1607.53,285490000.0,2115320000.0,-28.21,-0.017246
848281,801231.ZICN,801231,上海申银万国证券研究所有限公司,申万综合Ⅱ,XSHG,2013-11-08,1607.53,1603.0,1582.67,1609.4,1590.54,277530000.0,2059450000.0,-16.99,-0.010569
848698,801231.ZICN,801231,上海申银万国证券研究所有限公司,申万综合Ⅱ,XSHG,2013-11-11,1590.54,1585.51,1576.48,1604.75,1598.85,242070000.0,1726800000.0,8.31,0.005225
849115,801231.ZICN,801231,上海申银万国证券研究所有限公司,申万综合Ⅱ,XSHG,2013-11-12,1598.85,1598.87,1595.33,1615.43,1615.43,250130000.0,1843990000.0,16.58,0.01037
849532,801231.ZICN,801231,上海申银万国证券研究所有限公司,申万综合Ⅱ,XSHG,2013-11-13,1615.43,1610.14,1587.13,1611.35,1587.13,289670000.0,2103860000.0,-28.3,-0.017519
849949,801231.ZICN,801231,上海申银万国证券研究所有限公司,申万综合Ⅱ,XSHG,2013-11-14,1587.13,1583.33,1573.24,1605.31,1604.7,292480000.0,2048340000.0,17.57,0.01107
850366,801231.ZICN,801231,上海申银万国证券研究所有限公司,申万综合Ⅱ,XSHG,2013-11-15,1604.7,1609.57,1607.37,1646.53,1636.33,407300000.0,2863740000.0,31.63,0.019711000000000003
850783,801231.ZICN,801231,上海申银万国证券研究所有限公司,申万综合Ⅱ,XSHG,2013-11-18,1636.33,1639.74,1637.24,1672.34,1672.34,458730000.0,3350300000.0,36.01,0.022007
851204,801231.ZICN,801231,上海申银万国证券研究所有限公司,申万综合Ⅱ,XSHG,2013-11-19,1672.34,1673.79,1669.0,1683.88,1681.82,456030000.0,3341290000.0,9.48,0.0056689999999999996
851621,801231.ZICN,801231,上海申银万国证券研究所有限公司,申万综合Ⅱ,XSHG,2013-11-20,1681.82,1683.23,1677.98,1698.06,1698.06,427240000.0,2951060000.0,16.24,0.009656
852038,801231.ZICN,801231,上海申银万国证券研究所有限公司,申万综合Ⅱ,XSHG,2013-11-21,1698.06,1689.94,1677.43,1696.57,1690.21,442840000.0,2989720000.0,-7.85,-0.0046229999999999995
852455,801231.ZICN,801231,上海申银万国证券研究所有限公司,申万综合Ⅱ,XSHG,2013-11-22,1690.21,1688.97,1684.32,1698.7,1688.23,369650000.0,2594840000.0,-1.98,-0.0011710000000000002
852872,801231.ZICN,801231,上海申银万国证券研究所有限公司,申万综合Ⅱ,XSHG,2013-11-25,1688.23,1682.78,1679.8,1693.58,1686.86,301800000.0,2087480000.0,-1.37,-0.0008119999999999999
853293,801231.ZICN,801231,上海申银万国证券研究所有限公司,申万综合Ⅱ,XSHG,2013-11-26,1686.86,1684.77,1679.34,1691.99,1683.23,274240000.0,2017470000.0,-3.63,-0.002152
853710,801231.ZICN,801231,上海申银万国证券研究所有限公司,申万综合Ⅱ,XSHG,2013-11-27,1683.23,1683.57,1676.7,1695.07,1694.41,269470000.0,1955290000.0,11.18,0.006642
854127,801231.ZICN,801231,上海申银万国证券研究所有限公司,申万综合Ⅱ,XSHG,2013-11-28,1694.41,1694.86,1692.53,1712.0,1702.43,301450000.0,2300980000.0,8.02,0.004733
854544,801231.ZICN,801231,上海申银万国证券研究所有限公司,申万综合Ⅱ,XSHG,2013-11-29,1702.43,1701.86,1701.22,1708.41,1707.46,291090000.0,2145190000.0,5.03,0.002955
854961,801231.ZICN,801231,上海申银万国证券研究所有限公司,申万综合Ⅱ,XSHG,2013-12-02,1707.46,1673.07,1616.23,1681.86,1631.93,484470000.0,3636560000.0,-75.53,-0.044235000000000003
855378,801231.ZICN,801231,上海申银万国证券研究所有限公司,申万综合Ⅱ,XSHG,2013-12-03,1631.93,1616.64,1609.16,1645.64,1643.9,269950000.0,1974140000.0,11.97,0.0073349999999999995
855795,801231.ZICN,801231,上海申银万国证券研究所有限公司,申万综合Ⅱ,XSHG,2013-12-04,1643.9,1639.23,1636.54,1674.53,1664.74,341130000.0,2756610000.0,20.84,0.012676999999999999
856216,801231.ZICN,801231,上海申银万国证券研究所有限公司,申万综合Ⅱ,XSHG,2013-12-05,1664.74,1661.65,1661.4,1678.09,1671.57,316670000.0,2522770000.0,6.83,0.004103
856633,801231.ZICN,801231,上海申银万国证券研究所有限公司,申万综合Ⅱ,XSHG,2013-12-06,1671.57,1670.49,1668.16,1679.41,1673.02,286240000.0,2160900000.0,1.45,0.000867
857050,801231.ZICN,801231,上海申银万国证券研究所有限公司,申万综合Ⅱ,XSHG,2013-12-09,1673.02,1674.5,1672.48,1683.4,1677.9,245170000.0,1918230000.0,4.88,0.0029170000000000003
857467,801231.ZICN,801231,上海申银万国证券研究所有限公司,申万综合Ⅱ,XSHG,2013-12-10,1677.9,1688.3,1677.88,1692.27,1686.29,362230000.0,2692150000.0,8.39,0.005
857884,801231.ZICN,801231,上海申银万国证券研究所有限公司,申万综合Ⅱ,XSHG,2013-12-11,1686.29,1683.6,1660.48,1683.8,1672.5,351790000.0,2670320000.0,-13.79,-0.008178
858301,801231.ZICN,801231,上海申银万国证券研究所有限公司,申万综合Ⅱ,XSHG,2013-12-12,1672.5,1669.98,1669.12,1684.53,1674.34,260290000.0,1956180000.0,1.84,0.0011
858718,801231.ZICN,801231,上海申银万国证券研究所有限公司,申万综合Ⅱ,XSHG,2013-12-13,1674.34,1664.81,1660.9,1679.39,1678.68,266770000.0,1947820000.0,4.34,0.002592
859135,801231.ZICN,801231,上海申银万国证券研究所有限公司,申万综合Ⅱ,XSHG,2013-12-16,1678.68,1684.22,1649.86,1688.21,1654.97,319500000.0,2396410000.0,-23.71,-0.014124000000000001
859552,801231.ZICN,801231,上海申银万国证券研究所有限公司,申万综合Ⅱ,XSHG,2013-12-17,1654.97,1652.26,1637.95,1657.71,1641.14,240180000.0,1812980000.0,-13.83,-0.008357
859969,801231.ZICN,801231,上海申银万国证券研究所有限公司,申万综合Ⅱ,XSHG,2013-12-18,1641.14,1638.1,1633.16,1650.97,1638.9,220790000.0,1626320000.0,-2.24,-0.0013650000000000001
860386,801231.ZICN,801231,上海申银万国证券研究所有限公司,申万综合Ⅱ,XSHG,2013-12-19,1638.9,1644.76,1617.25,1649.88,1618.09,215580000.0,1569540000.0,-20.81,-0.012698000000000001
860803,801231.ZICN,801231,上海申银万国证券研究所有限公司,申万综合Ⅱ,XSHG,2013-12-20,1618.09,1617.33,1594.51,1625.16,1601.3,210740000.0,1471220000.0,-16.79,-0.010376
861220,801231.ZICN,801231,上海申银万国证券研究所有限公司,申万综合Ⅱ,XSHG,2013-12-23,1601.3,1601.1,1571.17,1602.92,1587.96,192030000.0,1340140000.0,-13.34,-0.008331
861637,801231.ZICN,801231,上海申银万国证券研究所有限公司,申万综合Ⅱ,XSHG,2013-12-24,1587.96,1590.13,1581.52,1607.99,1593.76,174870000.0,1241660000.0,5.8,0.0036520000000000003
862054,801231.ZICN,801231,上海申银万国证券研究所有限公司,申万综合Ⅱ,XSHG,2013-12-25,1593.76,1592.82,1586.77,1604.85,1604.54,171120000.0,1329540000.0,10.78,0.006764
862471,801231.ZICN,801231,上海申银万国证券研究所有限公司,申万综合Ⅱ,XSHG,2013-12-26,1604.54,1601.67,1576.88,1603.03,1576.89,245420000.0,1722000000.0,-27.65,-0.017232
862888,801231.ZICN,801231,上海申银万国证券研究所有限公司,申万综合Ⅱ,XSHG,2013-12-27,1576.89,1575.6,1574.82,1603.35,1598.52,198310000.0,1426210000.0,21.63,0.013716999999999998
863305,801231.ZICN,801231,上海申银万国证券研究所有限公司,申万综合Ⅱ,XSHG,2013-12-30,1598.52,1604.54,1603.93,1620.98,1614.24,305580000.0,2054200000.0,15.72,0.009834
863722,801231.ZICN,801231,上海申银万国证券研究所有限公司,申万综合Ⅱ,XSHG,2013-12-31,1614.24,1611.79,1605.36,1625.18,1622.36,255950000.0,1814990000.0,8.12,0.00503
864139,801231.ZICN,801231,上海申银万国证券研究所有限公司,申万综合Ⅱ,XSHG,2014-01-02,1622.36,1619.29,1617.97,1631.16,1630.76,212520000.0,1541960000.0,8.4,0.005178
864556,801231.ZICN,801231,上海申银万国证券研究所有限公司,申万综合Ⅱ,XSHG,2014-01-03,1630.76,1624.36,1602.06,1626.63,1605.91,275700000.0,1956150000.0,-24.85,-0.015238
864973,801231.ZICN,801231,上海申银万国证券研究所有限公司,申万综合Ⅱ,XSHG,2014-01-06,1605.91,1598.87,1558.31,1600.1,1560.22,227560000.0,1662800000.0,-45.69,-0.028451
865390,801231.ZICN,801231,上海申银万国证券研究所有限公司,申万综合Ⅱ,XSHG,2014-01-07,1560.22,1552.15,1549.3,1571.64,1567.75,172510000.0,1279770000.0,7.53,0.0048259999999999996
865807,801231.ZICN,801231,上海申银万国证券研究所有限公司,申万综合Ⅱ,XSHG,2014-01-08,1567.75,1568.63,1558.04,1579.29,1561.88,205180000.0,1541580000.0,-5.87,-0.003744
866224,801231.ZICN,801231,上海申银万国证券研究所有限公司,申万综合Ⅱ,XSHG,2014-01-09,1561.88,1559.53,1533.45,1568.28,1534.29,212520000.0,1518740000.0,-27.59,-0.017665
866641,801231.ZICN,801231,上海申银万国证券研究所有限公司,申万综合Ⅱ,XSHG,2014-01-10,1534.29,1534.51,1511.98,1538.1,1519.04,212080000.0,1449670000.0,-15.25,-0.009939
867058,801231.ZICN,801231,上海申银万国证券研究所有限公司,申万综合Ⅱ,XSHG,2014-01-13,1519.04,1519.8,1502.19,1527.97,1509.07,189500000.0,1436510000.0,-9.97,-0.006562999999999999
867475,801231.ZICN,801231,上海申银万国证券研究所有限公司,申万综合Ⅱ,XSHG,2014-01-14,1509.07,1506.97,1493.16,1544.75,1536.8,181800000.0,1439710000.0,27.73,0.018376
867896,801231.ZICN,801231,上海申银万国证券研究所有限公司,申万综合Ⅱ,XSHG,2014-01-15,1536.8,1534.65,1531.47,1542.99,1542.35,170490000.0,1387170000.0,5.55,0.003611
868317,801231.ZICN,801231,上海申银万国证券研究所有限公司,申万综合Ⅱ,XSHG,2014-01-16,1542.35,1540.28,1537.3,1557.63,1548.83,184450000.0,1374620000.0,6.48,0.004201
868734,801231.ZICN,801231,上海申银万国证券研究所有限公司,申万综合Ⅱ,XSHG,2014-01-17,1548.83,1543.08,1526.5,1545.14,1526.71,154630000.0,1144810000.0,-22.12,-0.014282
869151,801231.ZICN,801231,上海申银万国证券研究所有限公司,申万综合Ⅱ,XSHG,2014-01-20,1526.71,1525.45,1518.69,1531.55,1526.21,149530000.0,1218510000.0,-0.5,-0.000328
869568,801231.ZICN,801231,上海申银万国证券研究所有限公司,申万综合Ⅱ,XSHG,2014-01-21,1526.21,1531.31,1529.44,1554.95,1554.09,212200000.0,1817980000.0,27.88,0.018267
869985,801231.ZICN,801231,上海申银万国证券研究所有限公司,申万综合Ⅱ,XSHG,2014-01-22,1554.09,1556.42,1554.1,1584.3,1583.9,258910000.0,2001790000.0,29.81,0.019181999999999998
870402,801231.ZICN,801231,上海申银万国证券研究所有限公司,申万综合Ⅱ,XSHG,2014-01-23,1583.9,1586.94,1586.91,1603.17,1595.78,246290000.0,1994080000.0,11.88,0.0075
870819,801231.ZICN,801231,上海申银万国证券研究所有限公司,申万综合Ⅱ,XSHG,2014-01-24,1595.78,1600.05,1600.05,1632.74,1630.11,305720000.0,2621910000.0,34.33,0.021513
871236,801231.ZICN,801231,上海申银万国证券研究所有限公司,申万综合Ⅱ,XSHG,2014-01-27,1630.11,1622.47,1612.48,1635.15,1627.65,273350000.0,2360740000.0,-2.46,-0.001509
871653,801231.ZICN,801231,上海申银万国证券研究所有限公司,申万综合Ⅱ,XSHG,2014-01-28,1627.65,1631.2,1617.17,1634.23,1626.18,210580000.0,1821140000.0,-1.47,-0.0009029999999999999
872070,801231.ZICN,801231,上海申银万国证券研究所有限公司,申万综合Ⅱ,XSHG,2014-01-29,1626.18,1629.34,1624.55,1652.86,1649.33,260850000.0,2232000000.0,23.15,0.014236000000000002
872487,801231.ZICN,801231,上海申银万国证券研究所有限公司,申万综合Ⅱ,XSHG,2014-01-30,1649.33,1645.3,1643.69,1656.42,1647.85,204900000.0,1787510000.0,-1.48,-0.000897
872904,801231.ZICN,801231,上海申银万国证券研究所有限公司,申万综合Ⅱ,XSHG,2014-02-07,1647.85,1640.4,1636.22,1682.51,1682.51,286410000.0,2498290000.0,34.66,0.021033
873321,801231.ZICN,801231,上海申银万国证券研究所有限公司,申万综合Ⅱ,XSHG,2014-02-10,1682.51,1685.98,1685.59,1738.88,1737.92,472190000.0,4274280000.0,55.41,0.032933
873738,801231.ZICN,801231,上海申银万国证券研究所有限公司,申万综合Ⅱ,XSHG,2014-02-11,1737.92,1740.62,1721.12,1750.01,1740.29,473680000.0,4086980000.0,2.37,0.001364
874155,801231.ZICN,801231,上海申银万国证券研究所有限公司,申万综合Ⅱ,XSHG,2014-02-12,1740.29,1738.55,1735.93,1767.99,1767.99,469440000.0,3974190000.0,27.7,0.015916999999999997
874572,801231.ZICN,801231,上海申银万国证券研究所有限公司,申万综合Ⅱ,XSHG,2014-02-13,1767.99,1764.93,1754.15,1783.66,1756.17,596000000.0,5129300000.0,-11.82,-0.006686
874989,801231.ZICN,801231,上海申银万国证券研究所有限公司,申万综合Ⅱ,XSHG,2014-02-14,1756.17,1755.97,1750.43,1780.1,1780.1,411090000.0,3413480000.0,23.93,0.013626
875407,801231.ZICN,801231,上海申银万国证券研究所有限公司,申万综合Ⅱ,XSHG,2014-02-17,1780.1,1784.37,1784.24,1817.61,1817.31,540400000.0,4730300000.0,37.21,0.020903
875825,801231.ZICN,801231,上海申银万国证券研究所有限公司,申万综合Ⅱ,XSHG,2014-02-18,1817.31,1814.22,1814.22,1843.14,1836.18,608550000.0,5176100000.0,18.87,0.010383
876243,801231.ZICN,801231,上海申银万国证券研究所有限公司,申万综合Ⅱ,XSHG,2014-02-19,1836.18,1835.04,1830.55,1856.02,1836.11,528460000.0,4759620000.0,-0.07,-3.8e-05
876661,801231.ZICN,801231,上海申银万国证券研究所有限公司,申万综合Ⅱ,XSHG,2014-02-20,1836.11,1839.93,1798.96,1844.3,1804.23,504350000.0,4464920000.0,-31.88,-0.017363
877071,801231.ZICN,801231,上海申银万国证券研究所有限公司,申万综合Ⅱ,XSHG,2014-02-21,1804.23,1803.9,1782.16,1815.86,1799.99,382680000.0,3361730000.0,-4.24,-0.00235
877463,801231.ZICN,801231,上海申银万国证券研究所有限公司,申万综合Ⅱ,XSHG,2014-02-24,1799.99,1791.65,1776.72,1803.89,1803.14,411200000.0,3678640000.0,3.15,0.00175
877851,801231.ZICN,801231,上海申银万国证券研究所有限公司,申万综合Ⅱ,XSHG,2014-02-25,1803.14,1805.57,1731.64,1817.68,1738.37,528720000.0,4885120000.0,-64.77,-0.035920999999999995
878239,801231.ZICN,801231,上海申银万国证券研究所有限公司,申万综合Ⅱ,XSHG,2014-02-26,1738.37,1728.31,1705.98,1770.72,1770.64,429240000.0,4182910000.0,32.27,0.018563
878627,801231.ZICN,801231,上海申银万国证券研究所有限公司,申万综合Ⅱ,XSHG,2014-02-27,1770.64,1772.58,1752.84,1812.97,1753.78,491450000.0,4967450000.0,-16.86,-0.009522
879015,801231.ZICN,801231,上海申银万国证券研究所有限公司,申万综合Ⅱ,XSHG,2014-02-28,1753.78,1746.97,1736.47,1794.32,1794.32,469420000.0,4585270000.0,40.54,0.023116
879403,801231.ZICN,801231,上海申银万国证券研究所有限公司,申万综合Ⅱ,XSHG,2014-03-03,1794.32,1801.29,1800.0,1833.1,1832.52,565710000.0,5310140000.0,38.2,0.021289
879791,801231.ZICN,801231,上海申银万国证券研究所有限公司,申万综合Ⅱ,XSHG,2014-03-04,1832.52,1822.84,1820.3,1855.49,1854.31,602760000.0,5739800000.0,21.79,0.011890999999999999
880179,801231.ZICN,801231,上海申银万国证券研究所有限公司,申万综合Ⅱ,XSHG,2014-03-05,1854.31,1856.91,1837.97,1859.09,1844.01,402650000.0,4040720000.0,-10.3,-0.005555
880567,801231.ZICN,801231,上海申银万国证券研究所有限公司,申万综合Ⅱ,XSHG,2014-03-06,1844.01,1846.93,1813.18,1851.52,1834.08,573650000.0,5457250000.0,-9.93,-0.005385
880955,801231.ZICN,801231,上海申银万国证券研究所有限公司,申万综合Ⅱ,XSHG,2014-03-07,1834.08,1828.31,1824.5,1841.82,1833.82,532580000.0,4914560000.0,-0.26,-0.00014199999999999998
881343,801231.ZICN,801231,上海申银万国证券研究所有限公司,申万综合Ⅱ,XSHG,2014-03-10,1833.82,1818.8,1755.96,1820.13,1761.91,589000000.0,5338990000.0,-71.91,-0.039213
881731,801231.ZICN,801231,上海申银万国证券研究所有限公司,申万综合Ⅱ,XSHG,2014-03-11,1761.91,1755.38,1745.17,1775.08,1760.6,495560000.0,4462320000.0,-1.31,-0.0007440000000000001
882119,801231.ZICN,801231,上海申银万国证券研究所有限公司,申万综合Ⅱ,XSHG,2014-03-12,1760.6,1750.75,1724.39,1768.14,1754.53,520060000.0,4599720000.0,-6.07,-0.0034479999999999997
882507,801231.ZICN,801231,上海申银万国证券研究所有限公司,申万综合Ⅱ,XSHG,2014-03-13,1754.53,1751.56,1748.04,1769.92,1768.59,401260000.0,3564790000.0,14.06,0.008014
882895,801231.ZICN,801231,上海申银万国证券研究所有限公司,申万综合Ⅱ,XSHG,2014-03-14,1768.59,1760.05,1754.59,1783.48,1773.92,411270000.0,3647800000.0,5.33,0.003014
883283,801231.ZICN,801231,上海申银万国证券研究所有限公司,申万综合Ⅱ,XSHG,2014-03-17,1773.92,1771.63,1770.23,1816.53,1816.53,414380000.0,3776770000.0,42.61,0.02402
883671,801231.ZICN,801231,上海申银万国证券研究所有限公司,申万综合Ⅱ,XSHG,2014-03-18,1816.53,1815.42,1815.09,1838.17,1826.94,453250000.0,4173320000.0,10.41,0.005731
884059,801231.ZICN,801231,上海申银万国证券研究所有限公司,申万综合Ⅱ,XSHG,2014-03-19,1826.94,1816.65,1805.42,1826.12,1826.12,388190000.0,3431380000.0,-0.82,-0.000449
884447,801231.ZICN,801231,上海申银万国证券研究所有限公司,申万综合Ⅱ,XSHG,2014-03-20,1826.12,1820.41,1778.17,1832.32,1778.17,398390000.0,3559550000.0,-47.95,-0.026258
884835,801231.ZICN,801231,上海申银万国证券研究所有限公司,申万综合Ⅱ,XSHG,2014-03-21,1778.17,1770.52,1764.78,1821.47,1819.32,400140000.0,3318030000.0,41.15,0.023142
885223,801231.ZICN,801231,上海申银万国证券研究所有限公司,申万综合Ⅱ,XSHG,2014-03-24,1819.32,1818.17,1817.74,1840.32,1836.64,425090000.0,3397090000.0,17.32,0.00952
885611,801231.ZICN,801231,上海申银万国证券研究所有限公司,申万综合Ⅱ,XSHG,2014-03-25,1836.64,1828.49,1818.83,1836.76,1829.3,416280000.0,3342840000.0,-7.34,-0.003996
885999,801231.ZICN,801231,上海申银万国证券研究所有限公司,申万综合Ⅱ,XSHG,2014-03-26,1829.3,1831.36,1825.58,1844.97,1833.15,444700000.0,3889120000.0,3.85,0.002105
886387,801231.ZICN,801231,上海申银万国证券研究所有限公司,申万综合Ⅱ,XSHG,2014-03-27,1833.15,1823.39,1804.56,1829.97,1804.56,417270000.0,3563410000.0,-28.59,-0.015596
886775,801231.ZICN,801231,上海申银万国证券研究所有限公司,申万综合Ⅱ,XSHG,2014-03-28,1804.56,1800.44,1759.35,1806.52,1765.26,466690000.0,3892830000.0,-39.3,-0.021778
887163,801231.ZICN,801231,上海申银万国证券研究所有限公司,申万综合Ⅱ,XSHG,2014-03-31,1765.26,1760.24,1727.81,1767.41,1737.13,334060000.0,2658810000.0,-28.13,-0.015934999999999998
887551,801231.ZICN,801231,上海申银万国证券研究所有限公司,申万综合Ⅱ,XSHG,2014-04-01,1737.13,1732.04,1731.57,1766.45,1766.45,274210000.0,2216650000.0,29.32,0.016878
887939,801231.ZICN,801231,上海申银万国证券研究所有限公司,申万综合Ⅱ,XSHG,2014-04-02,1766.45,1768.1,1743.98,1772.84,1746.35,309130000.0,2622350000.0,-20.1,-0.011379
888327,801231.ZICN,801231,上海申银万国证券研究所有限公司,申万综合Ⅱ,XSHG,2014-04-03,1746.35,1742.44,1732.66,1750.33,1744.89,304100000.0,2447150000.0,-1.46,-0.0008359999999999999
888715,801231.ZICN,801231,上海申银万国证券研究所有限公司,申万综合Ⅱ,XSHG,2014-04-04,1744.89,1741.16,1739.07,1766.51,1766.51,273670000.0,2239530000.0,21.62,0.01239
889103,801231.ZICN,801231,上海申银万国证券研究所有限公司,申万综合Ⅱ,XSHG,2014-04-08,1766.51,1757.53,1753.91,1787.14,1786.77,347490000.0,2810300000.0,20.26,0.011469
889491,801231.ZICN,801231,上海申银万国证券研究所有限公司,申万综合Ⅱ,XSHG,2014-04-09,1786.77,1791.18,1789.73,1804.28,1804.03,316750000.0,2667450000.0,17.26,0.00966
889883,801231.ZICN,801231,上海申银万国证券研究所有限公司,申万综合Ⅱ,XSHG,2014-04-10,1804.03,1805.17,1804.67,1836.58,1828.64,454790000.0,4113840000.0,24.61,0.013642
890271,801231.ZICN,801231,上海申银万国证券研究所有限公司,申万综合Ⅱ,XSHG,2014-04-11,1828.64,1816.49,1811.41,1826.84,1820.81,353000000.0,3068720000.0,-7.83,-0.004282
890659,801231.ZICN,801231,上海申银万国证券研究所有限公司,申万综合Ⅱ,XSHG,2014-04-14,1820.81,1819.12,1818.52,1837.26,1837.26,289870000.0,2427950000.0,16.45,0.009034
891047,801231.ZICN,801231,上海申银万国证券研究所有限公司,申万综合Ⅱ,XSHG,2014-04-15,1837.26,1837.44,1818.71,1838.53,1823.07,304500000.0,2531570000.0,-14.19,-0.007723000000000001
891435,801231.ZICN,801231,上海申银万国证券研究所有限公司,申万综合Ⅱ,XSHG,2014-04-16,1823.07,1819.77,1810.67,1829.67,1829.67,354950000.0,2918610000.0,6.6,0.0036200000000000004
891823,801231.ZICN,801231,上海申银万国证券研究所有限公司,申万综合Ⅱ,XSHG,2014-04-17,1829.67,1829.63,1824.31,1837.11,1831.07,318330000.0,2585030000.0,1.4,0.0007650000000000001
892211,801231.ZICN,801231,上海申银万国证券研究所有限公司,申万综合Ⅱ,XSHG,2014-04-18,1831.07,1826.64,1819.9,1839.62,1839.62,296940000.0,2564900000.0,8.55,0.0046689999999999995
892599,801231.ZICN,801231,上海申银万国证券研究所有限公司,申万综合Ⅱ,XSHG,2014-04-21,1839.62,1826.34,1815.46,1844.54,1818.99,323040000.0,3012370000.0,-20.63,-0.011214
892987,801231.ZICN,801231,上海申银万国证券研究所有限公司,申万综合Ⅱ,XSHG,2014-04-22,1818.99,1818.11,1774.11,1822.28,1798.86,294900000.0,2787330000.0,-20.13,-0.011067
893375,801231.ZICN,801231,上海申银万国证券研究所有限公司,申万综合Ⅱ,XSHG,2014-04-23,1798.86,1797.27,1783.6,1806.17,1786.48,239940000.0,2257520000.0,-12.38,-0.006881999999999999
893763,801231.ZICN,801231,上海申银万国证券研究所有限公司,申万综合Ⅱ,XSHG,2014-04-24,1786.48,1783.98,1760.16,1784.74,1760.16,257410000.0,2316870000.0,-26.32,-0.014733000000000001
894151,801231.ZICN,801231,上海申银万国证券研究所有限公司,申万综合Ⅱ,XSHG,2014-04-25,1760.16,1760.21,1720.18,1763.46,1722.34,292890000.0,2380740000.0,-37.82,-0.021487
894539,801231.ZICN,801231,上海申银万国证券研究所有限公司,申万综合Ⅱ,XSHG,2014-04-28,1722.34,1706.0,1662.56,1709.29,1664.22,275420000.0,2086160000.0,-58.12,-0.033745
894927,801231.ZICN,801231,上海申银万国证券研究所有限公司,申万综合Ⅱ,XSHG,2014-04-29,1664.22,1662.14,1662.04,1681.56,1681.16,174750000.0,1353290000.0,16.94,0.010179
895315,801231.ZICN,801231,上海申银万国证券研究所有限公司,申万综合Ⅱ,XSHG,2014-04-30,1681.16,1681.29,1678.49,1701.47,1701.47,162080000.0,1313980000.0,20.31,0.012081
895703,801231.ZICN,801231,上海申银万国证券研究所有限公司,申万综合Ⅱ,XSHG,2014-05-05,1701.47,1699.94,1693.04,1715.61,1715.35,174610000.0,1387520000.0,13.88,0.008158
896091,801231.ZICN,801231,上海申银万国证券研究所有限公司,申万综合Ⅱ,XSHG,2014-05-06,1715.35,1714.69,1711.22,1726.12,1719.02,168020000.0,1400880000.0,3.67,0.00214
896479,801231.ZICN,801231,上海申银万国证券研究所有限公司,申万综合Ⅱ,XSHG,2014-05-07,1719.02,1714.67,1684.94,1718.42,1687.55,181570000.0,1444240000.0,-31.47,-0.018307
896867,801231.ZICN,801231,上海申银万国证券研究所有限公司,申万综合Ⅱ,XSHG,2014-05-08,1687.55,1684.78,1679.92,1712.29,1693.15,167310000.0,1366170000.0,5.6,0.0033179999999999998
897255,801231.ZICN,801231,上海申银万国证券研究所有限公司,申万综合Ⅱ,XSHG,2014-05-09,1693.15,1692.64,1670.94,1697.84,1683.65,166080000.0,1380150000.0,-9.5,-0.005611
897643,801231.ZICN,801231,上海申银万国证券研究所有限公司,申万综合Ⅱ,XSHG,2014-05-12,1683.65,1696.36,1690.68,1722.35,1721.83,225120000.0,1867950000.0,38.18,0.022677000000000003
898031,801231.ZICN,801231,上海申银万国证券研究所有限公司,申万综合Ⅱ,XSHG,2014-05-13,1721.83,1720.7,1713.41,1724.27,1723.42,180260000.0,1567730000.0,1.59,0.000923
898419,801231.ZICN,801231,上海申银万国证券研究所有限公司,申万综合Ⅱ,XSHG,2014-05-14,1723.42,1720.8,1718.76,1727.41,1723.53,147830000.0,1218660000.0,0.11,6.4e-05
898807,801231.ZICN,801231,上海申银万国证券研究所有限公司,申万综合Ⅱ,XSHG,2014-05-15,1723.53,1723.01,1686.1,1724.06,1687.19,167430000.0,1463600000.0,-36.34,-0.021085
899195,801231.ZICN,801231,上海申银万国证券研究所有限公司,申万综合Ⅱ,XSHG,2014-05-16,1687.19,1684.72,1670.53,1690.26,1690.26,136670000.0,1156200000.0,3.07,0.00182
899587,801231.ZICN,801231,上海申银万国证券研究所有限公司,申万综合Ⅱ,XSHG,2014-05-19,1690.26,1685.68,1670.6,1686.89,1681.34,120640000.0,1040540000.0,-8.92,-0.0052770000000000004
899975,801231.ZICN,801231,上海申银万国证券研究所有限公司,申万综合Ⅱ,XSHG,2014-05-20,1681.34,1689.65,1681.31,1699.57,1685.62,126270000.0,1054610000.0,4.28,0.002546
900363,801231.ZICN,801231,上海申银万国证券研究所有限公司,申万综合Ⅱ,XSHG,2014-05-21,1685.62,1680.82,1671.09,1699.03,1697.53,126360000.0,1028860000.0,11.91,0.007065999999999999
900751,801231.ZICN,801231,上海申银万国证券研究所有限公司,申万综合Ⅱ,XSHG,2014-05-22,1697.53,1697.17,1694.18,1717.09,1694.67,176240000.0,1441540000.0,-2.86,-0.001685
901139,801231.ZICN,801231,上海申银万国证券研究所有限公司,申万综合Ⅱ,XSHG,2014-05-23,1694.67,1693.51,1690.13,1710.63,1710.53,147440000.0,1275160000.0,15.86,0.009359000000000001
901527,801231.ZICN,801231,上海申银万国证券研究所有限公司,申万综合Ⅱ,XSHG,2014-05-26,1710.53,1717.1,1716.23,1728.55,1728.53,202220000.0,1825140000.0,18.0,0.010523000000000001
901915,801231.ZICN,801231,上海申银万国证券研究所有限公司,申万综合Ⅱ,XSHG,2014-05-27,1728.53,1726.32,1715.65,1726.49,1717.34,167730000.0,1474280000.0,-11.19,-0.006474
902303,801231.ZICN,801231,上海申银万国证券研究所有限公司,申万综合Ⅱ,XSHG,2014-05-28,1717.34,1722.95,1716.79,1737.45,1736.88,226310000.0,1996350000.0,19.54,0.011378000000000001
902691,801231.ZICN,801231,上海申银万国证券研究所有限公司,申万综合Ⅱ,XSHG,2014-05-29,1736.88,1735.38,1724.2,1743.96,1724.83,256670000.0,2274680000.0,-12.05,-0.006938
903079,801231.ZICN,801231,上海申银万国证券研究所有限公司,申万综合Ⅱ,XSHG,2014-05-30,1724.83,1721.03,1712.86,1728.4,1723.77,194230000.0,1671920000.0,-1.06,-0.000615
903467,801231.ZICN,801231,上海申银万国证券研究所有限公司,申万综合Ⅱ,XSHG,2014-06-03,1723.77,1726.05,1720.45,1728.92,1720.79,216140000.0,1833800000.0,-2.98,-0.0017289999999999999
903855,801231.ZICN,801231,上海申银万国证券研究所有限公司,申万综合Ⅱ,XSHG,2014-06-04,1720.79,1720.78,1698.0,1720.82,1708.38,237060000.0,1865770000.0,-12.41,-0.0072120000000000005
904243,801231.ZICN,801231,上海申银万国证券研究所有限公司,申万综合Ⅱ,XSHG,2014-06-05,1708.38,1707.5,1706.5,1731.87,1731.87,258700000.0,1970830000.0,23.49,0.01375
904631,801231.ZICN,801231,上海申银万国证券研究所有限公司,申万综合Ⅱ,XSHG,2014-06-06,1731.87,1728.74,1711.26,1729.26,1723.08,236990000.0,1965260000.0,-8.79,-0.005075
905019,801231.ZICN,801231,上海申银万国证券研究所有限公司,申万综合Ⅱ,XSHG,2014-06-09,1723.08,1720.74,1711.04,1726.61,1712.16,184440000.0,1543000000.0,-10.92,-0.006337
905407,801231.ZICN,801231,上海申银万国证券研究所有限公司,申万综合Ⅱ,XSHG,2014-06-10,1712.16,1714.02,1701.39,1724.84,1724.49,183130000.0,1586220000.0,12.33,0.007201000000000001
905795,801231.ZICN,801231,上海申银万国证券研究所有限公司,申万综合Ⅱ,XSHG,2014-06-11,1724.49,1724.75,1721.75,1735.36,1734.87,185920000.0,1686910000.0,10.38,0.006019
906183,801231.ZICN,801231,上海申银万国证券研究所有限公司,申万综合Ⅱ,XSHG,2014-06-12,1734.87,1735.53,1728.6,1738.97,1735.3,194540000.0,1816420000.0,0.43,0.000248
906571,801231.ZICN,801231,上海申银万国证券研究所有限公司,申万综合Ⅱ,XSHG,2014-06-13,1735.3,1737.36,1735.09,1754.43,1754.06,257170000.0,2302290000.0,18.76,0.010811
906959,801231.ZICN,801231,上海申银万国证券研究所有限公司,申万综合Ⅱ,XSHG,2014-06-16,1754.06,1756.97,1751.58,1759.29,1757.17,231460000.0,2304960000.0,3.11,0.001773
907347,801231.ZICN,801231,上海申银万国证券研究所有限公司,申万综合Ⅱ,XSHG,2014-06-17,1757.17,1755.61,1745.77,1755.83,1746.24,258420000.0,2519200000.0,-10.93,-0.006220000000000001
907735,801231.ZICN,801231,上海申银万国证券研究所有限公司,申万综合Ⅱ,XSHG,2014-06-18,1746.24,1746.4,1735.73,1747.29,1737.26,245280000.0,2030830000.0,-8.98,-0.005142
908123,801231.ZICN,801231,上海申银万国证券研究所有限公司,申万综合Ⅱ,XSHG,2014-06-19,1737.26,1738.89,1692.76,1743.82,1698.05,255460000.0,2335580000.0,-39.21,-0.02257
908511,801231.ZICN,801231,上海申银万国证券研究所有限公司,申万综合Ⅱ,XSHG,2014-06-20,1698.05,1696.75,1696.65,1717.49,1717.49,170250000.0,1638720000.0,19.44,0.011448
908899,801231.ZICN,801231,上海申银万国证券研究所有限公司,申万综合Ⅱ,XSHG,2014-06-23,1717.49,1717.2,1715.96,1734.18,1728.31,194750000.0,2091630000.0,10.82,0.0063
909287,801231.ZICN,801231,上海申银万国证券研究所有限公司,申万综合Ⅱ,XSHG,2014-06-24,1728.31,1729.21,1728.7,1744.75,1743.75,222750000.0,2337910000.0,15.44,0.008934000000000001
909675,801231.ZICN,801231,上海申银万国证券研究所有限公司,申万综合Ⅱ,XSHG,2014-06-25,1743.75,1741.55,1725.94,1741.63,1731.9,202740000.0,1984270000.0,-11.85,-0.006795999999999999
910063,801231.ZICN,801231,上海申银万国证券研究所有限公司,申万综合Ⅱ,XSHG,2014-06-26,1731.9,1731.33,1731.24,1750.87,1750.33,234920000.0,2212370000.0,18.43,0.010641
910451,801231.ZICN,801231,上海申银万国证券研究所有限公司,申万综合Ⅱ,XSHG,2014-06-27,1750.33,1751.86,1751.86,1780.05,1773.69,333770000.0,3231460000.0,23.36,0.013346
910839,801231.ZICN,801231,上海申银万国证券研究所有限公司,申万综合Ⅱ,XSHG,2014-06-30,1773.69,1777.64,1775.39,1784.1,1783.55,380850000.0,3378200000.0,9.86,0.005559000000000001
911227,801231.ZICN,801231,上海申银万国证券研究所有限公司,申万综合Ⅱ,XSHG,2014-07-01,1783.55,1783.29,1780.32,1799.38,1798.07,380210000.0,3537370000.0,14.52,0.008140999999999999
911615,801231.ZICN,801231,上海申银万国证券研究所有限公司,申万综合Ⅱ,XSHG,2014-07-02,1798.07,1794.77,1783.94,1800.06,1800.06,377470000.0,3547310000.0,1.99,0.0011070000000000001
912003,801231.ZICN,801231,上海申银万国证券研究所有限公司,申万综合Ⅱ,XSHG,2014-07-03,1800.06,1799.96,1794.7,1820.64,1813.37,471370000.0,4372630000.0,13.31,0.0073939999999999995
912391,801231.ZICN,801231,上海申银万国证券研究所有限公司,申万综合Ⅱ,XSHG,2014-07-04,1813.37,1811.98,1796.59,1814.21,1801.57,358370000.0,3173780000.0,-11.8,-0.006506999999999999
912779,801231.ZICN,801231,上海申银万国证券研究所有限公司,申万综合Ⅱ,XSHG,2014-07-07,1801.57,1799.74,1796.43,1811.5,1806.35,323220000.0,2716300000.0,4.78,0.002653
913167,801231.ZICN,801231,上海申银万国证券研究所有限公司,申万综合Ⅱ,XSHG,2014-07-08,1806.35,1802.04,1786.13,1815.57,1815.06,326020000.0,2836440000.0,8.71,0.004822
913555,801231.ZICN,801231,上海申银万国证券研究所有限公司,申万综合Ⅱ,XSHG,2014-07-09,1815.06,1810.43,1790.48,1821.57,1793.21,414200000.0,3547490000.0,-21.85,-0.012038
913943,801231.ZICN,801231,上海申银万国证券研究所有限公司,申万综合Ⅱ,XSHG,2014-07-10,1793.21,1792.27,1790.26,1808.49,1799.56,361500000.0,3251020000.0,6.35,0.0035409999999999994
914331,801231.ZICN,801231,上海申银万国证券研究所有限公司,申万综合Ⅱ,XSHG,2014-07-11,1799.56,1792.71,1792.71,1814.24,1809.42,310910000.0,2776600000.0,9.86,0.0054789999999999995
914719,801231.ZICN,801231,上海申银万国证券研究所有限公司,申万综合Ⅱ,XSHG,2014-07-14,1809.42,1811.69,1808.09,1826.82,1826.64,384560000.0,3538200000.0,17.22,0.009517
915107,801231.ZICN,801231,上海申银万国证券研究所有限公司,申万综合Ⅱ,XSHG,2014-07-15,1826.64,1824.02,1818.3,1830.13,1827.15,389550000.0,3607240000.0,0.51,0.000279
915495,801231.ZICN,801231,上海申银万国证券研究所有限公司,申万综合Ⅱ,XSHG,2014-07-16,1827.15,1826.83,1804.54,1832.44,1813.02,406700000.0,3747610000.0,-14.13,-0.007732999999999999
915883,801231.ZICN,801231,上海申银万国证券研究所有限公司,申万综合Ⅱ,XSHG,2014-07-17,1813.02,1810.27,1798.32,1812.08,1809.16,311920000.0,2680950000.0,-3.86,-0.002129
916271,801231.ZICN,801231,上海申银万国证券研究所有限公司,申万综合Ⅱ,XSHG,2014-07-18,1809.16,1803.96,1801.78,1823.28,1812.26,315480000.0,2826720000.0,3.1,0.001714
916659,801231.ZICN,801231,上海申银万国证券研究所有限公司,申万综合Ⅱ,XSHG,2014-07-21,1812.26,1814.31,1808.23,1818.32,1813.04,326090000.0,2896920000.0,0.78,0.00043
917047,801231.ZICN,801231,上海申银万国证券研究所有限公司,申万综合Ⅱ,XSHG,2014-07-22,1813.04,1811.19,1811.11,1847.11,1841.44,453190000.0,4182620000.0,28.4,0.015663999999999997
917435,801231.ZICN,801231,上海申银万国证券研究所有限公司,申万综合Ⅱ,XSHG,2014-07-23,1841.44,1841.12,1823.99,1841.12,1829.34,467740000.0,4012860000.0,-12.1,-0.006571
917827,801231.ZICN,801231,上海申银万国证券研究所有限公司,申万综合Ⅱ,XSHG,2014-07-24,1829.34,1825.43,1811.62,1835.92,1826.91,408210000.0,3331040000.0,-2.43,-0.001328
918215,801231.ZICN,801231,上海申银万国证券研究所有限公司,申万综合Ⅱ,XSHG,2014-07-25,1826.91,1825.11,1822.51,1832.56,1832.56,339430000.0,2833730000.0,5.65,0.003093
918603,801231.ZICN,801231,上海申银万国证券研究所有限公司,申万综合Ⅱ,XSHG,2014-07-28,1832.56,1834.49,1834.1,1856.24,1856.07,456060000.0,3829930000.0,23.51,0.012828999999999998
918991,801231.ZICN,801231,上海申银万国证券研究所有限公司,申万综合Ⅱ,XSHG,2014-07-29,1856.07,1860.92,1858.48,1880.5,1874.42,506690000.0,4470050000.0,18.35,0.009886
919379,801231.ZICN,801231,上海申银万国证券研究所有限公司,申万综合Ⅱ,XSHG,2014-07-30,1874.42,1872.53,1872.53,1887.42,1883.02,534540000.0,4318760000.0,8.6,0.004588
919767,801231.ZICN,801231,上海申银万国证券研究所有限公司,申万综合Ⅱ,XSHG,2014-07-31,1883.02,1884.98,1878.44,1896.43,1896.21,459770000.0,3795140000.0,13.19,0.007005
920155,801231.ZICN,801231,上海申银万国证券研究所有限公司,申万综合Ⅱ,XSHG,2014-08-01,1896.21,1896.11,1877.69,1907.55,1879.76,484350000.0,4200430000.0,-16.45,-0.008675
920543,801231.ZICN,801231,上海申银万国证券研究所有限公司,申万综合Ⅱ,XSHG,2014-08-04,1879.76,1889.03,1887.12,1908.71,1908.71,436640000.0,3802910000.0,28.95,0.015401
920931,801231.ZICN,801231,上海申银万国证券研究所有限公司,申万综合Ⅱ,XSHG,2014-08-05,1908.71,1912.18,1897.69,1912.23,1908.1,396400000.0,3511460000.0,-0.61,-0.00032
921319,801231.ZICN,801231,上海申银万国证券研究所有限公司,申万综合Ⅱ,XSHG,2014-08-06,1908.1,1912.98,1904.71,1924.56,1924.24,464130000.0,4076360000.0,16.14,0.008459
921707,801231.ZICN,801231,上海申银万国证券研究所有限公司,申万综合Ⅱ,XSHG,2014-08-07,1924.24,1926.71,1910.48,1933.52,1911.46,528050000.0,4618500000.0,-12.78,-0.006642
922095,801231.ZICN,801231,上海申银万国证券研究所有限公司,申万综合Ⅱ,XSHG,2014-08-08,1911.46,1908.86,1904.04,1917.49,1915.49,379190000.0,3278790000.0,4.03,0.0021079999999999996
922483,801231.ZICN,801231,上海申银万国证券研究所有限公司,申万综合Ⅱ,XSHG,2014-08-11,1915.49,1914.35,1914.35,1937.07,1937.07,404020000.0,3618320000.0,21.58,0.011266
922871,801231.ZICN,801231,上海申银万国证券研究所有限公司,申万综合Ⅱ,XSHG,2014-08-12,1937.07,1934.84,1929.68,1950.64,1950.27,471430000.0,4255920000.0,13.2,0.006814
923259,801231.ZICN,801231,上海申银万国证券研究所有限公司,申万综合Ⅱ,XSHG,2014-08-13,1950.27,1945.25,1920.55,1950.35,1946.52,465490000.0,4244300000.0,-3.75,-0.001923
923649,801231.ZICN,801231,上海申银万国证券研究所有限公司,申万综合Ⅱ,XSHG,2014-08-14,1946.52,1939.03,1927.68,1951.21,1928.94,530710000.0,4683650000.0,-17.58,-0.009032
924039,801231.ZICN,801231,上海申银万国证券研究所有限公司,申万综合Ⅱ,XSHG,2014-08-15,1928.94,1940.43,1938.42,1960.57,1959.32,476430000.0,4280450000.0,30.38,0.01575
924429,801231.ZICN,801231,上海申银万国证券研究所有限公司,申万综合Ⅱ,XSHG,2014-08-18,1959.32,1976.79,1976.38,1996.54,1996.54,500030000.0,4543090000.0,37.22,0.018996000000000002
924819,801231.ZICN,801231,上海申银万国证券研究所有限公司,申万综合Ⅱ,XSHG,2014-08-19,1996.54,2016.89,2014.55,2032.04,2032.04,588970000.0,5175560000.0,35.5,0.017781
925209,801231.ZICN,801231,上海申银万国证券研究所有限公司,申万综合Ⅱ,XSHG,2014-08-20,2032.04,2050.55,2047.97,2066.01,2055.51,608820000.0,5676540000.0,23.47,0.01155
925599,801231.ZICN,801231,上海申银万国证券研究所有限公司,申万综合Ⅱ,XSHG,2014-08-21,2055.51,2067.26,2038.67,2067.5,2056.65,704870000.0,6776900000.0,1.14,0.0005549999999999999
925989,801231.ZICN,801231,上海申银万国证券研究所有限公司,申万综合Ⅱ,XSHG,2014-08-22,2056.65,2061.62,2055.34,2077.88,2073.52,638500000.0,6474490000.0,16.87,0.008203
926379,801231.ZICN,801231,上海申银万国证券研究所有限公司,申万综合Ⅱ,XSHG,2014-08-25,2073.52,2069.81,2061.21,2075.2,2061.21,522540000.0,5163680000.0,-12.31,-0.005937
926769,801231.ZICN,801231,上海申银万国证券研究所有限公司,申万综合Ⅱ,XSHG,2014-08-26,2061.21,2058.45,2027.15,2065.26,2035.93,567470000.0,5632810000.0,-25.28,-0.012265
927159,801231.ZICN,801231,上海申银万国证券研究所有限公司,申万综合Ⅱ,XSHG,2014-08-27,2035.93,2034.83,2034.59,2048.43,2038.87,432320000.0,4436270000.0,2.94,0.001444
927549,801231.ZICN,801231,上海申银万国证券研究所有限公司,申万综合Ⅱ,XSHG,2014-08-28,2038.87,2041.3,2025.48,2050.26,2033.09,531640000.0,4733690000.0,-5.78,-0.0028350000000000003
927939,801231.ZICN,801231,上海申银万国证券研究所有限公司,申万综合Ⅱ,XSHG,2014-08-29,2033.09,2028.42,2024.3,2049.72,2049.72,430850000.0,4274460000.0,16.63,0.00818
928329,801231.ZICN,801231,上海申银万国证券研究所有限公司,申万综合Ⅱ,XSHG,2014-09-01,2049.72,2051.95,2048.82,2076.77,2076.77,439700000.0,4331100000.0,27.05,0.013197
928716,801231.ZICN,801231,上海申银万国证券研究所有限公司,申万综合Ⅱ,XSHG,2014-09-02,2076.77,2081.29,2076.93,2103.98,2103.98,587730000.0,5735160000.0,27.21,0.013102
929103,801231.ZICN,801231,上海申银万国证券研究所有限公司,申万综合Ⅱ,XSHG,2014-09-03,2103.98,2104.64,2101.23,2117.17,2114.47,628920000.0,6351570000.0,10.49,0.004986
929494,801231.ZICN,801231,上海申银万国证券研究所有限公司,申万综合Ⅱ,XSHG,2014-09-04,2114.47,2117.34,2105.89,2126.32,2125.59,659510000.0,6261960000.0,11.12,0.005259000000000001
929881,801231.ZICN,801231,上海申银万国证券研究所有限公司,申万综合Ⅱ,XSHG,2014-09-05,2125.59,2127.39,2121.57,2142.01,2137.18,635980000.0,6461170000.0,11.59,0.005453
930268,801231.ZICN,801231,上海申银万国证券研究所有限公司,申万综合Ⅱ,XSHG,2014-09-09,2137.18,2138.85,2138.37,2181.16,2181.16,703300000.0,7508030000.0,43.98,0.020579
930655,801231.ZICN,801231,上海申银万国证券研究所有限公司,申万综合Ⅱ,XSHG,2014-09-10,2181.16,2177.7,2165.38,2189.5,2189.08,671190000.0,6932380000.0,7.92,0.003631
931042,801231.ZICN,801231,上海申银万国证券研究所有限公司,申万综合Ⅱ,XSHG,2014-09-11,2189.08,2193.3,2161.03,2212.42,2174.14,765350000.0,7688770000.0,-14.94,-0.006825
931429,801231.ZICN,801231,上海申银万国证券研究所有限公司,申万综合Ⅱ,XSHG,2014-09-12,2174.14,2171.09,2170.67,2198.28,2198.28,482440000.0,4808150000.0,24.14,0.011103
931816,801231.ZICN,801231,上海申银万国证券研究所有限公司,申万综合Ⅱ,XSHG,2014-09-15,2198.28,2202.4,2192.5,2221.47,2220.11,607950000.0,6023250000.0,21.83,0.00993
932203,801231.ZICN,801231,上海申银万国证券研究所有限公司,申万综合Ⅱ,XSHG,2014-09-16,2220.11,2225.69,2136.23,2226.88,2138.25,815070000.0,7827800000.0,-81.86,-0.036872
932590,801231.ZICN,801231,上海申银万国证券研究所有限公司,申万综合Ⅱ,XSHG,2014-09-17,2138.25,2147.1,2125.83,2161.91,2159.48,480780000.0,4584030000.0,21.23,0.009929
932977,801231.ZICN,801231,上海申银万国证券研究所有限公司,申万综合Ⅱ,XSHG,2014-09-18,2159.48,2165.41,2159.42,2182.57,2182.54,602480000.0,5547550000.0,23.06,0.010678
933364,801231.ZICN,801231,上海申银万国证券研究所有限公司,申万综合Ⅱ,XSHG,2014-09-19,2182.54,2187.03,2187.03,2219.6,2217.28,538320000.0,5178940000.0,34.74,0.015916999999999997
933751,801231.ZICN,801231,上海申银万国证券研究所有限公司,申万综合Ⅱ,XSHG,2014-09-22,2217.28,2219.23,2181.74,2219.23,2185.94,598260000.0,5689370000.0,-31.34,-0.014134
934138,801231.ZICN,801231,上海申银万国证券研究所有限公司,申万综合Ⅱ,XSHG,2014-09-23,2185.94,2191.46,2191.46,2233.24,2233.24,710230000.0,6619390000.0,47.3,0.021638
934525,801231.ZICN,801231,上海申银万国证券研究所有限公司,申万综合Ⅱ,XSHG,2014-09-24,2233.24,2233.36,2225.03,2256.14,2256.14,958100000.0,8638270000.0,22.9,0.010254000000000001
934912,801231.ZICN,801231,上海申银万国证券研究所有限公司,申万综合Ⅱ,XSHG,2014-09-25,2256.14,2262.02,2246.15,2274.96,2252.66,849970000.0,7930410000.0,-3.48,-0.001542
935301,801231.ZICN,801231,上海申银万国证券研究所有限公司,申万综合Ⅱ,XSHG,2014-09-26,2252.66,2243.2,2239.21,2269.0,2263.41,721900000.0,6784300000.0,10.75,0.004772
935690,801231.ZICN,801231,上海申银万国证券研究所有限公司,申万综合Ⅱ,XSHG,2014-09-29,2263.41,2268.75,2268.75,2306.43,2302.37,788520000.0,7595260000.0,38.96,0.017213
936083,801231.ZICN,801231,上海申银万国证券研究所有限公司,申万综合Ⅱ,XSHG,2014-09-30,2302.37,2299.54,2294.69,2311.88,2308.44,682470000.0,6449730000.0,6.07,0.002636
936472,801231.ZICN,801231,上海申银万国证券研究所有限公司,申万综合Ⅱ,XSHG,2014-10-08,2308.44,2317.66,2314.67,2355.04,2355.04,729180000.0,7195920000.0,46.6,0.020187
936865,801231.ZICN,801231,上海申银万国证券研究所有限公司,申万综合Ⅱ,XSHG,2014-10-09,2355.04,2357.61,2321.99,2361.83,2355.98,758010000.0,7717310000.0,0.94,0.000399
937254,801231.ZICN,801231,上海申银万国证券研究所有限公司,申万综合Ⅱ,XSHG,2014-10-10,2355.98,2347.4,2330.8,2358.18,2346.37,702280000.0,6980420000.0,-9.61,-0.004079
937643,801231.ZICN,801231,上海申银万国证券研究所有限公司,申万综合Ⅱ,XSHG,2014-10-13,2346.37,2339.45,2303.4,2340.63,2340.63,637210000.0,6202970000.0,-5.74,-0.0024460000000000003
938033,801231.ZICN,801231,上海申银万国证券研究所有限公司,申万综合Ⅱ,XSHG,2014-10-14,2340.63,2338.46,2326.68,2365.2,2340.61,748970000.0,7222230000.0,-0.02,-9e-06
938423,801231.ZICN,801231,上海申银万国证券研究所有限公司,申万综合Ⅱ,XSHG,2014-10-15,2340.61,2339.83,2325.45,2354.91,2354.91,646170000.0,6375880000.0,14.3,0.00611
938813,801231.ZICN,801231,上海申银万国证券研究所有限公司,申万综合Ⅱ,XSHG,2014-10-16,2354.91,2341.06,2315.08,2361.86,2315.16,745010000.0,7161780000.0,-39.75,-0.016880000000000003
939203,801231.ZICN,801231,上海申银万国证券研究所有限公司,申万综合Ⅱ,XSHG,2014-10-17,2315.16,2316.69,2245.37,2326.91,2291.23,659380000.0,6490970000.0,-23.93,-0.010336
939593,801231.ZICN,801231,上海申银万国证券研究所有限公司,申万综合Ⅱ,XSHG,2014-10-20,2291.23,2297.14,2292.9,2325.67,2325.67,517220000.0,5245630000.0,34.44,0.015031000000000001
939983,801231.ZICN,801231,上海申银万国证券研究所有限公司,申万综合Ⅱ,XSHG,2014-10-21,2325.67,2323.42,2297.24,2334.49,2299.24,573700000.0,5408840000.0,-26.43,-0.011364
940373,801231.ZICN,801231,上海申银万国证券研究所有限公司,申万综合Ⅱ,XSHG,2014-10-22,2299.24,2297.91,2266.69,2308.47,2275.7,522950000.0,4933540000.0,-23.54,-0.010237999999999999
940763,801231.ZICN,801231,上海申银万国证券研究所有限公司,申万综合Ⅱ,XSHG,2014-10-23,2275.7,2274.21,2234.3,2283.48,2237.54,495100000.0,4703390000.0,-38.16,-0.016768
941153,801231.ZICN,801231,上海申银万国证券研究所有限公司,申万综合Ⅱ,XSHG,2014-10-24,2237.54,2237.09,2231.99,2252.07,2237.7,417900000.0,4016330000.0,0.16,7.2e-05
941543,801231.ZICN,801231,上海申银万国证券研究所有限公司,申万综合Ⅱ,XSHG,2014-10-27,2237.7,2234.5,2223.96,2263.0,2260.85,469620000.0,4298930000.0,23.15,0.010345
941933,801231.ZICN,801231,上海申银万国证券研究所有限公司,申万综合Ⅱ,XSHG,2014-10-28,2260.85,2265.65,2265.02,2319.2,2319.2,609780000.0,5917590000.0,58.35,0.025809
942323,801231.ZICN,801231,上海申银万国证券研究所有限公司,申万综合Ⅱ,XSHG,2014-10-29,2319.2,2326.24,2321.52,2363.39,2355.89,848900000.0,8108230000.0,36.69,0.015819999999999997
942713,801231.ZICN,801231,上海申银万国证券研究所有限公司,申万综合Ⅱ,XSHG,2014-10-30,2355.89,2349.3,2338.26,2363.06,2344.78,697390000.0,6753740000.0,-11.11,-0.004716
943103,801231.ZICN,801231,上海申银万国证券研究所有限公司,申万综合Ⅱ,XSHG,2014-10-31,2344.78,2346.17,2321.31,2351.59,2339.94,663000000.0,6263140000.0,-4.84,-0.002064
943493,801231.ZICN,801231,上海申银万国证券研究所有限公司,申万综合Ⅱ,XSHG,2014-11-03,2339.94,2335.72,2333.41,2356.53,2353.26,757280000.0,7323230000.0,13.32,0.005692
943883,801231.ZICN,801231,上海申银万国证券研究所有限公司,申万综合Ⅱ,XSHG,2014-11-04,2353.26,2351.53,2324.19,2354.05,2329.15,731160000.0,7173760000.0,-24.11,-0.010245
944273,801231.ZICN,801231,上海申银万国证券研究所有限公司,申万综合Ⅱ,XSHG,2014-11-05,2329.15,2326.61,2319.69,2344.71,2341.35,607610000.0,5798200000.0,12.2,0.0052380000000000005
944663,801231.ZICN,801231,上海申银万国证券研究所有限公司,申万综合Ⅱ,XSHG,2014-11-06,2341.35,2338.64,2327.25,2355.78,2354.66,539740000.0,5341840000.0,13.31,0.005685
945053,801231.ZICN,801231,上海申银万国证券研究所有限公司,申万综合Ⅱ,XSHG,2014-11-07,2354.66,2356.22,2330.05,2376.49,2339.29,683780000.0,6616120000.0,-15.37,-0.006527
945443,801231.ZICN,801231,上海申银万国证券研究所有限公司,申万综合Ⅱ,XSHG,2014-11-10,2339.29,2341.97,2339.18,2357.44,2357.44,529040000.0,5133320000.0,18.15,0.007759
945833,801231.ZICN,801231,上海申银万国证券研究所有限公司,申万综合Ⅱ,XSHG,2014-11-11,2357.44,2360.72,2263.49,2364.07,2277.46,796330000.0,7583780000.0,-79.98,-0.033927
946223,801231.ZICN,801231,上海申银万国证券研究所有限公司,申万综合Ⅱ,XSHG,2014-11-12,2277.46,2273.88,2271.1,2318.6,2318.35,502810000.0,4786210000.0,40.89,0.017953999999999998
946613,801231.ZICN,801231,上海申银万国证券研究所有限公司,申万综合Ⅱ,XSHG,2014-11-13,2318.35,2321.52,2289.75,2324.77,2299.95,702490000.0,6489350000.0,-18.4,-0.007937
947007,801231.ZICN,801231,上海申银万国证券研究所有限公司,申万综合Ⅱ,XSHG,2014-11-14,2299.95,2292.23,2280.16,2303.26,2302.27,542010000.0,4924810000.0,2.32,0.001009
947397,801231.ZICN,801231,上海申银万国证券研究所有限公司,申万综合Ⅱ,XSHG,2014-11-17,2302.27,2304.94,2289.47,2331.98,2318.93,519670000.0,4836530000.0,16.66,0.007236
947787,801231.ZICN,801231,上海申银万国证券研究所有限公司,申万综合Ⅱ,XSHG,2014-11-18,2318.93,2314.86,2313.95,2338.66,2336.29,454580000.0,4261780000.0,17.36,0.007486
948177,801231.ZICN,801231,上海申银万国证券研究所有限公司,申万综合Ⅱ,XSHG,2014-11-19,2336.29,2335.52,2330.9,2354.28,2348.7,538800000.0,5074140000.0,12.41,0.005312
948567,801231.ZICN,801231,上海申银万国证券研究所有限公司,申万综合Ⅱ,XSHG,2014-11-20,2348.7,2338.64,2333.27,2347.65,2340.42,436540000.0,4135530000.0,-8.28,-0.003525
948957,801231.ZICN,801231,上海申银万国证券研究所有限公司,申万综合Ⅱ,XSHG,2014-11-21,2340.42,2342.2,2341.37,2360.79,2358.92,476690000.0,4523390000.0,18.5,0.007905
949347,801231.ZICN,801231,上海申银万国证券研究所有限公司,申万综合Ⅱ,XSHG,2014-11-24,2358.92,2377.58,2368.74,2399.11,2390.81,768300000.0,7310030000.0,31.89,0.013519
949737,801231.ZICN,801231,上海申银万国证券研究所有限公司,申万综合Ⅱ,XSHG,2014-11-25,2390.81,2392.48,2388.79,2416.06,2416.06,798020000.0,7945890000.0,25.25,0.010561
950127,801231.ZICN,801231,上海申银万国证券研究所有限公司,申万综合Ⅱ,XSHG,2014-11-26,2416.06,2424.02,2416.06,2441.18,2441.04,836530000.0,8509020000.0,24.98,0.010339
950517,801231.ZICN,801231,上海申银万国证券研究所有限公司,申万综合Ⅱ,XSHG,2014-11-27,2441.04,2450.44,2444.1,2475.38,2474.3,1027140000.0,10340700000.0,33.26,0.013625
950907,801231.ZICN,801231,上海申银万国证券研究所有限公司,申万综合Ⅱ,XSHG,2014-11-28,2474.3,2483.14,2465.09,2496.38,2487.29,1000170000.0,10141800000.0,12.99,0.00525
951297,801231.ZICN,801231,上海申银万国证券研究所有限公司,申万综合Ⅱ,XSHG,2014-12-01,2487.29,2502.78,2468.69,2503.58,2476.99,893920000.0,9344320000.0,-10.3,-0.004141
951687,801231.ZICN,801231,上海申银万国证券研究所有限公司,申万综合Ⅱ,XSHG,2014-12-02,2476.99,2473.92,2472.57,2517.87,2510.84,871770000.0,9123250000.0,33.85,0.013666
952077,801231.ZICN,801231,上海申银万国证券研究所有限公司,申万综合Ⅱ,XSHG,2014-12-03,2510.84,2512.07,2487.03,2544.14,2544.14,1239520000.0,12880800000.0,33.3,0.013262000000000001
952467,801231.ZICN,801231,上海申银万国证券研究所有限公司,申万综合Ⅱ,XSHG,2014-12-04,2544.14,2538.81,2537.04,2585.17,2585.17,1214620000.0,12829700000.0,41.03,0.016127000000000002
952861,801231.ZICN,801231,上海申银万国证券研究所有限公司,申万综合Ⅱ,XSHG,2014-12-05,2585.17,2590.86,2452.69,2590.86,2506.33,1253350000.0,13009000000.0,-78.84,-0.030497000000000003
953255,801231.ZICN,801231,上海申银万国证券研究所有限公司,申万综合Ⅱ,XSHG,2014-12-08,2506.33,2500.86,2482.1,2534.0,2521.18,1061840000.0,11363100000.0,14.85,0.005925
953645,801231.ZICN,801231,上海申银万国证券研究所有限公司,申万综合Ⅱ,XSHG,2014-12-09,2521.18,2510.32,2405.97,2530.81,2415.06,1256950000.0,13198200000.0,-106.12,-0.042091
954035,801231.ZICN,801231,上海申银万国证券研究所有限公司,申万综合Ⅱ,XSHG,2014-12-10,2415.06,2409.71,2397.58,2496.57,2493.27,892270000.0,9248370000.0,78.21,0.032383999999999996
954425,801231.ZICN,801231,上海申银万国证券研究所有限公司,申万综合Ⅱ,XSHG,2014-12-11,2493.27,2480.59,2467.89,2513.86,2513.86,814000000.0,8574260000.0,20.59,0.008258
954815,801231.ZICN,801231,上海申银万国证券研究所有限公司,申万综合Ⅱ,XSHG,2014-12-12,2513.86,2515.8,2512.0,2557.45,2556.24,828740000.0,9132240000.0,42.38,0.016859
955205,801231.ZICN,801231,上海申银万国证券研究所有限公司,申万综合Ⅱ,XSHG,2014-12-15,2556.24,2571.49,2561.14,2619.49,2617.62,1050900000.0,11498100000.0,61.38,0.024012000000000002
955595,801231.ZICN,801231,上海申银万国证券研究所有限公司,申万综合Ⅱ,XSHG,2014-12-16,2617.62,2617.55,2591.71,2621.0,2610.43,815240000.0,8785220000.0,-7.19,-0.002747
955985,801231.ZICN,801231,上海申银万国证券研究所有限公司,申万综合Ⅱ,XSHG,2014-12-17,2610.43,2607.3,2538.8,2608.66,2566.49,872040000.0,9340110000.0,-43.94,-0.016832
956375,801231.ZICN,801231,上海申银万国证券研究所有限公司,申万综合Ⅱ,XSHG,2014-12-18,2566.49,2559.77,2548.55,2577.26,2549.68,643580000.0,6991910000.0,-16.81,-0.00655
956765,801231.ZICN,801231,上海申银万国证券研究所有限公司,申万综合Ⅱ,XSHG,2014-12-19,2549.68,2542.5,2458.16,2546.73,2496.32,714610000.0,7674090000.0,-53.36,-0.020928
957155,801231.ZICN,801231,上海申银万国证券研究所有限公司,申万综合Ⅱ,XSHG,2014-12-22,2496.32,2483.89,2352.23,2484.14,2372.17,898540000.0,8974930000.0,-124.15,-0.049733
957545,801231.ZICN,801231,上海申银万国证券研究所有限公司,申万综合Ⅱ,XSHG,2014-12-23,2372.17,2361.94,2351.84,2396.8,2353.91,582770000.0,5848540000.0,-18.26,-0.007698
957935,801231.ZICN,801231,上海申银万国证券研究所有限公司,申万综合Ⅱ,XSHG,2014-12-24,2353.91,2364.82,2363.83,2401.35,2401.33,542260000.0,5665450000.0,47.42,0.020145
958325,801231.ZICN,801231,上海申银万国证券研究所有限公司,申万综合Ⅱ,XSHG,2014-12-25,2401.33,2407.62,2403.55,2422.35,2422.35,541800000.0,5723220000.0,21.02,0.008753
958715,801231.ZICN,801231,上海申银万国证券研究所有限公司,申万综合Ⅱ,XSHG,2014-12-26,2422.35,2421.28,2408.85,2436.64,2435.79,614500000.0,6293140000.0,13.44,0.005548
959105,801231.ZICN,801231,上海申银万国证券研究所有限公司,申万综合Ⅱ,XSHG,2014-12-29,2435.79,2439.22,2393.57,2439.44,2409.46,715690000.0,7435660000.0,-26.33,-0.01081
959495,801231.ZICN,801231,上海申银万国证券研究所有限公司,申万综合Ⅱ,XSHG,2014-12-30,2409.46,2405.5,2339.39,2409.11,2343.24,581960000.0,5796810000.0,-66.22,-0.027482999999999997
959885,801231.ZICN,801231,上海申银万国证券研究所有限公司,申万综合Ⅱ,XSHG,2014-12-31,2343.24,2341.34,2331.03,2362.25,2362.25,421980000.0,4215210000.0,19.01,0.008112999999999999
960273,801231.ZICN,801231,上海申银万国证券研究所有限公司,申万综合Ⅱ,XSHG,2015-01-05,2362.25,2369.49,2364.85,2401.86,2395.36,578990000.0,5788930000.0,33.11,0.014015999999999999
960663,801231.ZICN,801231,上海申银万国证券研究所有限公司,申万综合Ⅱ,XSHG,2015-01-06,2395.36,2383.29,2370.48,2418.08,2418.08,559230000.0,5623050000.0,22.72,0.009484999999999999
961053,801231.ZICN,801231,上海申银万国证券研究所有限公司,申万综合Ⅱ,XSHG,2015-01-07,2418.08,2430.47,2407.74,2437.74,2421.59,524910000.0,5596600000.0,3.51,0.001452
961443,801231.ZICN,801231,上海申银万国证券研究所有限公司,申万综合Ⅱ,XSHG,2015-01-08,2421.59,2420.34,2407.68,2442.59,2427.1,551480000.0,5812880000.0,5.51,0.002275
961834,801231.ZICN,801231,上海申银万国证券研究所有限公司,申万综合Ⅱ,XSHG,2015-01-09,2427.1,2420.14,2397.9,2436.07,2397.9,539160000.0,5671170000.0,-29.2,-0.012031
962225,801231.ZICN,801231,上海申银万国证券研究所有限公司,申万综合Ⅱ,XSHG,2015-01-12,2397.9,2385.69,2330.01,2385.79,2342.55,457900000.0,4832400000.0,-55.35,-0.023083000000000003
962616,801231.ZICN,801231,上海申银万国证券研究所有限公司,申万综合Ⅱ,XSHG,2015-01-13,2342.55,2339.73,2339.65,2374.99,2373.59,385250000.0,4178680000.0,31.04,0.013250999999999999
963007,801231.ZICN,801231,上海申银万国证券研究所有限公司,申万综合Ⅱ,XSHG,2015-01-14,2373.59,2371.25,2355.17,2377.45,2369.16,348210000.0,3647360000.0,-4.43,-0.001866
963398,801231.ZICN,801231,上海申银万国证券研究所有限公司,申万综合Ⅱ,XSHG,2015-01-15,2369.16,2369.37,2362.33,2381.28,2381.28,397160000.0,4109470000.0,12.12,0.005116
963789,801231.ZICN,801231,上海申银万国证券研究所有限公司,申万综合Ⅱ,XSHG,2015-01-16,2381.28,2383.74,2378.75,2405.69,2405.69,468630000.0,4872790000.0,24.41,0.010251
964180,801231.ZICN,801231,上海申银万国证券研究所有限公司,申万综合Ⅱ,XSHG,2015-01-19,2405.69,2340.99,2278.48,2387.9,2308.63,595670000.0,6039200000.0,-97.06,-0.040346
964571,801231.ZICN,801231,上海申银万国证券研究所有限公司,申万综合Ⅱ,XSHG,2015-01-20,2308.63,2320.16,2320.14,2389.61,2389.61,509120000.0,5434140000.0,80.98,0.035077
964962,801231.ZICN,801231,上海申银万国证券研究所有限公司,申万综合Ⅱ,XSHG,2015-01-21,2389.61,2395.27,2393.16,2445.58,2444.19,645620000.0,6765140000.0,54.58,0.022841
965357,801231.ZICN,801231,上海申银万国证券研究所有限公司,申万综合Ⅱ,XSHG,2015-01-22,2444.19,2443.88,2441.57,2492.05,2492.05,635670000.0,6881900000.0,47.86,0.019581
965752,801231.ZICN,801231,上海申银万国证券研究所有限公司,申万综合Ⅱ,XSHG,2015-01-23,2492.05,2493.44,2470.1,2502.16,2479.99,620850000.0,6636150000.0,-12.06,-0.004839
966143,801231.ZICN,801231,上海申银万国证券研究所有限公司,申万综合Ⅱ,XSHG,2015-01-26,2479.99,2486.86,2483.08,2552.14,2552.14,725140000.0,7771950000.0,72.15,0.029093
966534,801231.ZICN,801231,上海申银万国证券研究所有限公司,申万综合Ⅱ,XSHG,2015-01-27,2552.14,2558.89,2521.69,2567.64,2554.6,757760000.0,8338780000.0,2.46,0.000964
966925,801231.ZICN,801231,上海申银万国证券研究所有限公司,申万综合Ⅱ,XSHG,2015-01-28,2554.6,2548.92,2526.49,2568.53,2531.53,666900000.0,7356130000.0,-23.07,-0.009031
967316,801231.ZICN,801231,上海申银万国证券研究所有限公司,申万综合Ⅱ,XSHG,2015-01-29,2531.53,2508.38,2503.72,2533.87,2520.2,556510000.0,6183390000.0,-11.33,-0.004476
967707,801231.ZICN,801231,上海申银万国证券研究所有限公司,申万综合Ⅱ,XSHG,2015-01-30,2520.2,2522.61,2482.12,2533.28,2482.28,508010000.0,5457000000.0,-37.92,-0.015046
968098,801231.ZICN,801231,上海申银万国证券研究所有限公司,申万综合Ⅱ,XSHG,2015-02-02,2482.28,2461.74,2452.38,2492.12,2474.17,457340000.0,4955510000.0,-8.11,-0.0032670000000000004
968489,801231.ZICN,801231,上海申银万国证券研究所有限公司,申万综合Ⅱ,XSHG,2015-02-03,2474.17,2485.7,2484.72,2515.96,2515.28,433710000.0,4967130000.0,41.11,0.016616
968880,801231.ZICN,801231,上海申银万国证券研究所有限公司,申万综合Ⅱ,XSHG,2015-02-04,2515.28,2518.23,2512.57,2528.37,2515.41,519130000.0,6011160000.0,0.13,5.2000000000000004e-05
969271,801231.ZICN,801231,上海申银万国证券研究所有限公司,申万综合Ⅱ,XSHG,2015-02-05,2515.41,2539.24,2509.85,2542.22,2509.85,548740000.0,6378260000.0,-5.56,-0.00221
969662,801231.ZICN,801231,上海申银万国证券研究所有限公司,申万综合Ⅱ,XSHG,2015-02-06,2509.85,2500.24,2457.02,2507.9,2472.02,454370000.0,5149810000.0,-37.83,-0.015073
970053,801231.ZICN,801231,上海申银万国证券研究所有限公司,申万综合Ⅱ,XSHG,2015-02-09,2472.02,2467.89,2435.47,2479.97,2437.47,407280000.0,4804410000.0,-34.55,-0.013975999999999999
970444,801231.ZICN,801231,上海申银万国证券研究所有限公司,申万综合Ⅱ,XSHG,2015-02-10,2437.47,2435.76,2435.76,2469.73,2469.73,318880000.0,3713100000.0,32.26,0.013235
970835,801231.ZICN,801231,上海申银万国证券研究所有限公司,申万综合Ⅱ,XSHG,2015-02-11,2469.73,2469.08,2466.43,2486.54,2473.62,369300000.0,4423550000.0,3.89,0.001575
971226,801231.ZICN,801231,上海申银万国证券研究所有限公司,申万综合Ⅱ,XSHG,2015-02-12,2473.62,2481.16,2476.74,2513.63,2500.52,407740000.0,4756710000.0,26.9,0.010875
971617,801231.ZICN,801231,上海申银万国证券研究所有限公司,申万综合Ⅱ,XSHG,2015-02-13,2500.52,2507.85,2507.36,2545.29,2535.69,463310000.0,5436430000.0,35.17,0.014065000000000001
972008,801231.ZICN,801231,上海申银万国证券研究所有限公司,申万综合Ⅱ,XSHG,2015-02-16,2535.69,2541.98,2541.98,2610.61,2610.61,598260000.0,7448850000.0,74.92,0.029546
972399,801231.ZICN,801231,上海申银万国证券研究所有限公司,申万综合Ⅱ,XSHG,2015-02-17,2610.61,2622.9,2608.35,2633.28,2631.49,679560000.0,8366940000.0,20.88,0.007998
972790,801231.ZICN,801231,上海申银万国证券研究所有限公司,申万综合Ⅱ,XSHG,2015-02-25,2631.49,2635.65,2630.4,2663.66,2641.99,647510000.0,7841150000.0,10.5,0.00399
973185,801231.ZICN,801231,上海申银万国证券研究所有限公司,申万综合Ⅱ,XSHG,2015-02-26,2641.99,2637.15,2635.25,2661.46,2661.46,580280000.0,6678460000.0,19.47,0.007369
973576,801231.ZICN,801231,上海申银万国证券研究所有限公司,申万综合Ⅱ,XSHG,2015-02-27,2661.46,2662.77,2661.37,2695.43,2687.95,691370000.0,8135850000.0,26.49,0.009953
973971,801231.ZICN,801231,上海申银万国证券研究所有限公司,申万综合Ⅱ,XSHG,2015-03-02,2687.95,2712.9,2710.61,2738.35,2738.35,904630000.0,10684900000.0,50.4,0.01875
974362,801231.ZICN,801231,上海申银万国证券研究所有限公司,申万综合Ⅱ,XSHG,2015-03-03,2738.35,2734.04,2722.9,2763.22,2726.71,990020000.0,12000400000.0,-11.64,-0.004251
974753,801231.ZICN,801231,上海申银万国证券研究所有限公司,申万综合Ⅱ,XSHG,2015-03-04,2726.71,2721.28,2721.05,2759.28,2757.99,741580000.0,8889650000.0,31.28,0.011472
975143,801231.ZICN,801231,上海申银万国证券研究所有限公司,申万综合Ⅱ,XSHG,2015-03-05,2757.99,2762.29,2760.13,2781.51,2778.48,855180000.0,10417000000.0,20.49,0.007429000000000001
975533,801231.ZICN,801231,上海申银万国证券研究所有限公司,申万综合Ⅱ,XSHG,2015-03-06,2778.48,2778.86,2738.08,2786.66,2742.03,737070000.0,8898400000.0,-36.45,-0.013119
975923,801231.ZICN,801231,上海申银万国证券研究所有限公司,申万综合Ⅱ,XSHG,2015-03-09,2742.03,2729.78,2716.61,2788.59,2788.59,747310000.0,8949890000.0,46.56,0.016980000000000002
976313,801231.ZICN,801231,上海申银万国证券研究所有限公司,申万综合Ⅱ,XSHG,2015-03-10,2788.59,2782.36,2780.88,2842.13,2829.23,963900000.0,11134300000.0,40.64,0.014574
976703,801231.ZICN,801231,上海申银万国证券研究所有限公司,申万综合Ⅱ,XSHG,2015-03-11,2829.23,2820.55,2817.87,2835.33,2834.9,864650000.0,10133600000.0,5.67,0.0020039999999999997
977093,801231.ZICN,801231,上海申银万国证券研究所有限公司,申万综合Ⅱ,XSHG,2015-03-12,2834.9,2834.92,2811.2,2848.27,2826.09,791590000.0,9519870000.0,-8.81,-0.0031079999999999997
977483,801231.ZICN,801231,上海申银万国证券研究所有限公司,申万综合Ⅱ,XSHG,2015-03-13,2826.09,2834.23,2828.72,2855.39,2855.15,628640000.0,7669770000.0,29.06,0.010283
977873,801231.ZICN,801231,上海申银万国证券研究所有限公司,申万综合Ⅱ,XSHG,2015-03-16,2855.15,2874.23,2874.23,2940.44,2937.81,1092510000.0,13158400000.0,82.66,0.028950999999999998
978263,801231.ZICN,801231,上海申银万国证券研究所有限公司,申万综合Ⅱ,XSHG,2015-03-17,2937.81,2947.25,2933.34,2984.26,2982.85,1237440000.0,15148100000.0,45.04,0.015331000000000001
978653,801231.ZICN,801231,上海申银万国证券研究所有限公司,申万综合Ⅱ,XSHG,2015-03-18,2982.85,2972.16,2964.7,3013.18,3012.91,1069330000.0,12983800000.0,30.06,0.010078
979043,801231.ZICN,801231,上海申银万国证券研究所有限公司,申万综合Ⅱ,XSHG,2015-03-19,3012.91,3015.44,2996.99,3049.52,3042.97,1066850000.0,13430800000.0,30.06,0.009977
979433,801231.ZICN,801231,上海申银万国证券研究所有限公司,申万综合Ⅱ,XSHG,2015-03-20,3042.97,3041.22,3040.18,3071.92,3071.92,963600000.0,12344900000.0,28.95,0.009514
979823,801231.ZICN,801231,上海申银万国证券研究所有限公司,申万综合Ⅱ,XSHG,2015-03-23,3071.92,3082.36,3081.6,3107.55,3107.07,1080830000.0,14129800000.0,35.15,0.011442
980213,801231.ZICN,801231,上海申银万国证券研究所有限公司,申万综合Ⅱ,XSHG,2015-03-24,3107.07,3111.93,2998.71,3112.97,3104.34,1302500000.0,16692900000.0,-2.73,-0.0008789999999999999
980603,801231.ZICN,801231,上海申银万国证券研究所有限公司,申万综合Ⅱ,XSHG,2015-03-25,3104.34,3094.05,3076.33,3140.58,3121.39,1077380000.0,13853900000.0,17.05,0.005492
980993,801231.ZICN,801231,上海申银万国证券研究所有限公司,申万综合Ⅱ,XSHG,2015-03-26,3121.39,3109.71,3068.85,3141.77,3097.28,980370000.0,12913900000.0,-24.11,-0.007723999999999999
981383,801231.ZICN,801231,上海申银万国证券研究所有限公司,申万综合Ⅱ,XSHG,2015-03-27,3097.28,3093.46,3093.46,3148.01,3147.72,770410000.0,10184200000.0,50.44,0.016285
981773,801231.ZICN,801231,上海申银万国证券研究所有限公司,申万综合Ⅱ,XSHG,2015-03-30,3147.72,3155.8,3147.62,3186.11,3177.86,969270000.0,12541400000.0,30.14,0.009575
982163,801231.ZICN,801231,上海申银万国证券研究所有限公司,申万综合Ⅱ,XSHG,2015-03-31,3177.86,3182.96,3152.27,3195.17,3160.08,974790000.0,13084700000.0,-17.78,-0.005595
982553,801231.ZICN,801231,上海申银万国证券研究所有限公司,申万综合Ⅱ,XSHG,2015-04-01,3160.08,3163.62,3163.62,3238.29,3232.66,941560000.0,13144200000.0,72.58,0.022968000000000002
982943,801231.ZICN,801231,上海申银万国证券研究所有限公司,申万综合Ⅱ,XSHG,2015-04-02,3232.66,3246.7,3246.7,3316.38,3316.38,1248350000.0,16888600000.0,83.72,0.025898
983333,801231.ZICN,801231,上海申银万国证券研究所有限公司,申万综合Ⅱ,XSHG,2015-04-03,3316.38,3302.18,3288.49,3403.51,3398.15,1453870000.0,20680900000.0,81.77,0.024656
983723,801231.ZICN,801231,上海申银万国证券研究所有限公司,申万综合Ⅱ,XSHG,2015-04-07,3398.15,3418.14,3409.93,3454.72,3449.1,1349400000.0,19429200000.0,50.95,0.014993000000000001
984113,801231.ZICN,801231,上海申银万国证券研究所有限公司,申万综合Ⅱ,XSHG,2015-04-08,3449.1,3449.58,3358.27,3469.48,3411.31,1320040000.0,18756100000.0,-37.79,-0.010956
984503,801231.ZICN,801231,上海申银万国证券研究所有限公司,申万综合Ⅱ,XSHG,2015-04-09,3411.31,3429.32,3297.92,3430.2,3410.1,1252750000.0,18244000000.0,-1.21,-0.00035499999999999996
984893,801231.ZICN,801231,上海申银万国证券研究所有限公司,申万综合Ⅱ,XSHG,2015-04-10,3410.1,3403.97,3396.21,3515.62,3507.97,1145470000.0,17339900000.0,97.87,0.0287
985283,801231.ZICN,801231,上海申银万国证券研究所有限公司,申万综合Ⅱ,XSHG,2015-04-13,3507.97,3529.65,3523.06,3609.0,3595.49,1265990000.0,19436800000.0,87.52,0.024949000000000002
985673,801231.ZICN,801231,上海申银万国证券研究所有限公司,申万综合Ⅱ,XSHG,2015-04-14,3595.49,3584.01,3560.34,3647.14,3588.13,1184080000.0,18113400000.0,-7.36,-0.0020469999999999998
986063,801231.ZICN,801231,上海申银万国证券研究所有限公司,申万综合Ⅱ,XSHG,2015-04-15,3588.13,3576.57,3442.1,3578.59,3456.64,1076300000.0,15965100000.0,-131.49,-0.036646
986453,801231.ZICN,801231,上海申银万国证券研究所有限公司,申万综合Ⅱ,XSHG,2015-04-16,3456.64,3412.19,3375.72,3517.82,3493.41,865760000.0,12765700000.0,36.77,0.010637
986843,801231.ZICN,801231,上海申银万国证券研究所有限公司,申万综合Ⅱ,XSHG,2015-04-17,3493.41,3510.02,3488.0,3539.94,3514.08,1031780000.0,15821800000.0,20.67,0.005917
987233,801231.ZICN,801231,上海申银万国证券研究所有限公司,申万综合Ⅱ,XSHG,2015-04-20,3514.08,3496.47,3401.94,3510.39,3408.63,1099390000.0,16532000000.0,-105.45,-0.030008
987623,801231.ZICN,801231,上海申银万国证券研究所有限公司,申万综合Ⅱ,XSHG,2015-04-21,3408.63,3418.87,3418.87,3509.3,3509.3,759150000.0,11048500000.0,100.67,0.029533999999999998
988013,801231.ZICN,801231,上海申银万国证券研究所有限公司,申万综合Ⅱ,XSHG,2015-04-22,3509.3,3529.9,3529.9,3608.73,3608.66,1059790000.0,15903500000.0,99.36,0.028312999999999998
988403,801231.ZICN,801231,上海申银万国证券研究所有限公司,申万综合Ⅱ,XSHG,2015-04-23,3608.66,3620.06,3601.72,3687.17,3680.16,1289410000.0,19474000000.0,71.5,0.019813
988793,801231.ZICN,801231,上海申银万国证券研究所有限公司,申万综合Ⅱ,XSHG,2015-04-24,3680.16,3635.72,3613.59,3690.97,3685.62,1184550000.0,17687300000.0,5.46,0.001484
989183,801231.ZICN,801231,上海申银万国证券研究所有限公司,申万综合Ⅱ,XSHG,2015-04-27,3685.62,3725.06,3655.96,3743.65,3695.39,1197720000.0,18752300000.0,9.77,0.002651
989573,801231.ZICN,801231,上海申银万国证券研究所有限公司,申万综合Ⅱ,XSHG,2015-04-28,3695.39,3693.55,3548.47,3695.75,3585.98,975930000.0,15158300000.0,-109.41,-0.029606999999999998
989963,801231.ZICN,801231,上海申银万国证券研究所有限公司,申万综合Ⅱ,XSHG,2015-04-29,3585.98,3568.89,3560.66,3661.45,3649.07,749890000.0,11723600000.0,63.09,0.017594
990353,801231.ZICN,801231,上海申银万国证券研究所有限公司,申万综合Ⅱ,XSHG,2015-04-30,3649.07,3652.16,3650.29,3698.69,3674.66,1012980000.0,15795500000.0,25.59,0.007012999999999999
990744,801231.ZICN,801231,上海申银万国证券研究所有限公司,申万综合Ⅱ,XSHG,2015-05-04,3674.66,3680.37,3623.79,3690.54,3690.26,741030000.0,11678400000.0,15.6,0.0042450000000000005
991134,801231.ZICN,801231,上海申银万国证券研究所有限公司,申万综合Ⅱ,XSHG,2015-05-05,3690.26,3693.13,3560.1,3698.58,3580.55,837600000.0,12695000000.0,-109.71,-0.02973
991526,801231.ZICN,801231,上海申银万国证券研究所有限公司,申万综合Ⅱ,XSHG,2015-05-06,3580.55,3608.8,3562.2,3686.05,3586.38,818380000.0,12958300000.0,5.83,0.001628
991918,801231.ZICN,801231,上海申银万国证券研究所有限公司,申万综合Ⅱ,XSHG,2015-05-07,3586.38,3567.83,3444.18,3580.47,3447.46,827900000.0,13089700000.0,-138.92,-0.038735000000000006
992310,801231.ZICN,801231,上海申银万国证券研究所有限公司,申万综合Ⅱ,XSHG,2015-05-08,3447.46,3475.42,3470.07,3574.72,3574.72,847880000.0,13775500000.0,127.26,0.036913999999999995
992702,801231.ZICN,801231,上海申银万国证券研究所有限公司,申万综合Ⅱ,XSHG,2015-05-11,3574.72,3615.11,3608.07,3751.23,3745.42,961760000.0,15696300000.0,170.7,0.047751999999999996
993094,801231.ZICN,801231,上海申银万国证券研究所有限公司,申万综合Ⅱ,XSHG,2015-05-12,3745.42,3774.86,3756.5,3814.5,3804.88,1148500000.0,18984800000.0,59.46,0.015875
993486,801231.ZICN,801231,上海申银万国证券研究所有限公司,申万综合Ⅱ,XSHG,2015-05-13,3804.88,3816.24,3788.13,3899.17,3866.67,1116600000.0,19469300000.0,61.79,0.01624
993878,801231.ZICN,801231,上海申银万国证券研究所有限公司,申万综合Ⅱ,XSHG,2015-05-14,3866.67,3869.7,3837.95,3898.36,3869.86,858700000.0,15128800000.0,3.19,0.000825
994273,801231.ZICN,801231,上海申银万国证券研究所有限公司,申万综合Ⅱ,XSHG,2015-05-15,3869.86,3885.01,3816.39,3909.29,3884.23,1046710000.0,17825200000.0,14.37,0.003713
994665,801231.ZICN,801231,上海申银万国证券研究所有限公司,申万综合Ⅱ,XSHG,2015-05-18,3884.23,3874.59,3866.89,3960.72,3949.42,1062890000.0,18863800000.0,65.19,0.016783000000000003
995057,801231.ZICN,801231,上海申银万国证券研究所有限公司,申万综合Ⅱ,XSHG,2015-05-19,3949.42,3962.41,3953.86,4042.95,4042.95,947130000.0,16385400000.0,93.53,0.023681999999999998
995449,801231.ZICN,801231,上海申银万国证券研究所有限公司,申万综合Ⅱ,XSHG,2015-05-20,4042.95,4090.59,4090.59,4216.13,4166.72,1185090000.0,21518000000.0,123.77,0.030614
995841,801231.ZICN,801231,上海申银万国证券研究所有限公司,申万综合Ⅱ,XSHG,2015-05-21,4166.72,4188.59,4187.97,4308.06,4307.4,1140840000.0,21261000000.0,140.68,0.033763
996232,801231.ZICN,801231,上海申银万国证券研究所有限公司,申万综合Ⅱ,XSHG,2015-05-22,4307.4,4360.6,4300.69,4422.05,4412.54,1342420000.0,25093500000.0,105.14,0.024409
996623,801231.ZICN,801231,上海申银万国证券研究所有限公司,申万综合Ⅱ,XSHG,2015-05-25,4412.54,4428.16,4408.82,4590.78,4574.11,1300910000.0,24761700000.0,161.57,0.036616
997014,801231.ZICN,801231,上海申银万国证券研究所有限公司,申万综合Ⅱ,XSHG,2015-05-26,4574.11,4628.62,4601.81,4719.28,4704.48,1326270000.0,27087300000.0,130.37,0.028502
997405,801231.ZICN,801231,上海申银万国证券研究所有限公司,申万综合Ⅱ,XSHG,2015-05-27,4704.48,4746.14,4646.27,4814.19,4792.49,1304550000.0,27131400000.0,88.01,0.018708000000000002
997796,801231.ZICN,801231,上海申银万国证券研究所有限公司,申万综合Ⅱ,XSHG,2015-05-28,4792.49,4811.51,4531.06,4882.4,4540.77,1436340000.0,28953500000.0,-251.72,-0.052524
998191,801231.ZICN,801231,上海申银万国证券研究所有限公司,申万综合Ⅱ,XSHG,2015-05-29,4540.77,4538.66,4325.11,4674.69,4587.49,1370620000.0,25461900000.0,46.72,0.010289
998584,801231.ZICN,801231,上海申银万国证券研究所有限公司,申万综合Ⅱ,XSHG,2015-06-01,4587.49,4621.22,4621.22,4792.39,4791.82,1067950000.0,21384400000.0,204.33,0.044541000000000004
998975,801231.ZICN,801231,上海申银万国证券研究所有限公司,申万综合Ⅱ,XSHG,2015-06-02,4791.82,4848.12,4821.56,5002.98,5002.98,1247650000.0,25416300000.0,211.16,0.044067
999366,801231.ZICN,801231,上海申银万国证券研究所有限公司,申万综合Ⅱ,XSHG,2015-06-03,5002.98,5064.85,4914.04,5084.05,5020.73,1154500000.0,24600100000.0,17.75,0.0035479999999999995
999757,801231.ZICN,801231,上海申银万国证券研究所有限公司,申万综合Ⅱ,XSHG,2015-06-04,5020.73,5028.76,4746.97,5076.15,5065.99,1233110000.0,26332300000.0,45.26,0.009015
1000148,801231.ZICN,801231,上海申银万国证券研究所有限公司,申万综合Ⅱ,XSHG,2015-06-05,5065.99,5137.52,5040.49,5195.24,5162.61,1345550000.0,29316100000.0,96.62,0.019072
1000539,801231.ZICN,801231,上海申银万国证券研究所有限公司,申万综合Ⅱ,XSHG,2015-06-08,5162.61,5170.56,5061.72,5172.35,5126.89,1271150000.0,26930300000.0,-35.72,-0.006919
1000930,801231.ZICN,801231,上海申银万国证券研究所有限公司,申万综合Ⅱ,XSHG,2015-06-09,5126.89,5102.45,5051.27,5144.44,5138.56,1179200000.0,26661600000.0,11.67,0.0022760000000000002
1001321,801231.ZICN,801231,上海申银万国证券研究所有限公司,申万综合Ⅱ,XSHG,2015-06-10,5138.56,5097.37,5051.82,5284.88,5242.3,1150830000.0,26482300000.0,103.74,0.020189
1001712,801231.ZICN,801231,上海申银万国证券研究所有限公司,申万综合Ⅱ,XSHG,2015-06-11,5242.3,5235.06,5235.06,5370.39,5370.39,1293450000.0,28989400000.0,128.09,0.024434
1002103,801231.ZICN,801231,上海申银万国证券研究所有限公司,申万综合Ⅱ,XSHG,2015-06-12,5370.39,5412.71,5367.87,5471.14,5434.68,1316010000.0,30042300000.0,64.29,0.011970999999999999
1002494,801231.ZICN,801231,上海申银万国证券研究所有限公司,申万综合Ⅱ,XSHG,2015-06-15,5434.68,5450.13,5334.44,5480.05,5336.85,1224920000.0,27952000000.0,-97.83,-0.018001
1002885,801231.ZICN,801231,上海申银万国证券研究所有限公司,申万综合Ⅱ,XSHG,2015-06-16,5336.85,5262.77,5099.26,5264.58,5150.69,1008430000.0,22236600000.0,-186.16,-0.034881999999999996
1003276,801231.ZICN,801231,上海申银万国证券研究所有限公司,申万综合Ⅱ,XSHG,2015-06-17,5150.69,5146.03,4985.65,5239.34,5223.78,869640000.0,18587700000.0,73.09,0.014190000000000001
1003667,801231.ZICN,801231,上海申银万国证券研究所有限公司,申万综合Ⅱ,XSHG,2015-06-18,5223.78,5221.04,5069.57,5273.66,5071.48,845490000.0,18631800000.0,-152.3,-0.029155
1004058,801231.ZICN,801231,上海申银万国证券研究所有限公司,申万综合Ⅱ,XSHG,2015-06-19,5071.48,4938.5,4627.13,5068.7,4708.97,791090000.0,16330500000.0,-362.51,-0.07148
1004449,801231.ZICN,801231,上海申银万国证券研究所有限公司,申万综合Ⅱ,XSHG,2015-06-23,4708.97,4666.4,4344.88,4800.55,4655.64,802870000.0,15640900000.0,-53.33,-0.011325
1004840,801231.ZICN,801231,上海申银万国证券研究所有限公司,申万综合Ⅱ,XSHG,2015-06-24,4655.64,4697.95,4554.87,4842.2,4762.27,824940000.0,16457000000.0,106.63,0.022903
1005231,801231.ZICN,801231,上海申银万国证券研究所有限公司,申万综合Ⅱ,XSHG,2015-06-25,4762.27,4780.59,4493.31,4902.58,4644.1,865230000.0,18487600000.0,-118.17,-0.024814
1005622,801231.ZICN,801231,上海申银万国证券研究所有限公司,申万综合Ⅱ,XSHG,2015-06-26,4644.1,4505.13,4221.86,4607.16,4310.2,860230000.0,16862500000.0,-333.9,-0.071898
1006013,801231.ZICN,801231,上海申银万国证券研究所有限公司,申万综合Ⅱ,XSHG,2015-06-29,4310.2,4372.75,3972.65,4455.65,4076.59,956010000.0,16440500000.0,-233.61,-0.054199000000000004
1006404,801231.ZICN,801231,上海申银万国证券研究所有限公司,申万综合Ⅱ,XSHG,2015-06-30,4076.59,3981.62,3749.05,4321.81,4223.88,1114920000.0,18301600000.0,147.29,0.036131
1006795,801231.ZICN,801231,上海申银万国证券研究所有限公司,申万综合Ⅱ,XSHG,2015-07-01,4223.88,4176.78,3900.88,4366.46,3986.61,976870000.0,17131300000.0,-237.27,-0.056173
1007186,801231.ZICN,801231,上海申银万国证券研究所有限公司,申万综合Ⅱ,XSHG,2015-07-02,3986.61,3957.18,3672.19,4076.74,3732.86,860500000.0,12230100000.0,-253.75,-0.063651
1007581,801231.ZICN,801231,上海申银万国证券研究所有限公司,申万综合Ⅱ,XSHG,2015-07-03,3732.86,3599.87,3443.89,3803.62,3521.71,901050000.0,11827200000.0,-211.15,-0.056565
1007972,801231.ZICN,801231,上海申银万国证券研究所有限公司,申万综合Ⅱ,XSHG,2015-07-06,3521.71,3691.67,3267.18,3789.8,3386.58,1078480000.0,13246800000.0,-135.13,-0.038370999999999995
1008363,801231.ZICN,801231,上海申银万国证券研究所有限公司,申万综合Ⅱ,XSHG,2015-07-07,3386.58,3327.29,3156.86,3436.77,3230.66,484050000.0,5103460000.0,-155.92,-0.046041000000000006
1008754,801231.ZICN,801231,上海申银万国证券研究所有限公司,申万综合Ⅱ,XSHG,2015-07-08,3230.66,3178.16,3067.9,3307.27,3143.42,631620000.0,4509480000.0,-87.24,-0.027004000000000004
1009145,801231.ZICN,801231,上海申银万国证券研究所有限公司,申万综合Ⅱ,XSHG,2015-07-09,3143.42,3128.9,3018.59,3341.64,3212.16,655770000.0,6875320000.0,68.74,0.021868000000000002
1009536,801231.ZICN,801231,上海申银万国证券研究所有限公司,申万综合Ⅱ,XSHG,2015-07-10,3212.16,3268.92,3141.95,3415.37,3291.19,542220000.0,7038740000.0,79.03,0.024603
1009927,801231.ZICN,801231,上海申银万国证券研究所有限公司,申万综合Ⅱ,XSHG,2015-07-13,3291.19,3413.31,3291.78,3531.8,3429.2,702230000.0,8779920000.0,138.01,0.041933
1010318,801231.ZICN,801231,上海申银万国证券研究所有限公司,申万综合Ⅱ,XSHG,2015-07-14,3429.2,3537.38,3392.85,3671.99,3507.05,981850000.0,12296400000.0,77.85,0.022702
1010709,801231.ZICN,801231,上海申银万国证券研究所有限公司,申万综合Ⅱ,XSHG,2015-07-15,3507.05,3558.29,3309.49,3647.19,3402.08,1264530000.0,16016600000.0,-104.97,-0.029931
1011100,801231.ZICN,801231,上海申银万国证券研究所有限公司,申万综合Ⅱ,XSHG,2015-07-16,3402.08,3333.95,3186.59,3592.13,3430.47,1055560000.0,13116900000.0,28.39,0.008345
1011491,801231.ZICN,801231,上海申银万国证券研究所有限公司,申万综合Ⅱ,XSHG,2015-07-17,3430.47,3469.31,3354.42,3679.03,3560.85,951420000.0,12228200000.0,130.38,0.038006
1011882,801231.ZICN,801231,上海申银万国证券研究所有限公司,申万综合Ⅱ,XSHG,2015-07-20,3560.85,3601.27,3453.42,3757.79,3606.76,1064060000.0,14547500000.0,45.91,0.012893
1012273,801231.ZICN,801231,上海申银万国证券研究所有限公司,申万综合Ⅱ,XSHG,2015-07-21,3606.76,3623.53,3482.3,3803.55,3681.61,881350000.0,12233800000.0,74.85,0.020753
1012664,801231.ZICN,801231,上海申银万国证券研究所有限公司,申万综合Ⅱ,XSHG,2015-07-22,3681.61,3738.02,3586.27,3853.28,3737.96,1082890000.0,16169800000.0,56.35,0.015306
1013055,801231.ZICN,801231,上海申银万国证券研究所有限公司,申万综合Ⅱ,XSHG,2015-07-23,3737.96,3767.55,3656.43,3929.82,3836.65,1053900000.0,15904100000.0,98.69,0.026402
1013446,801231.ZICN,801231,上海申银万国证券研究所有限公司,申万综合Ⅱ,XSHG,2015-07-24,3836.65,3861.75,3678.97,3981.65,3782.46,1183730000.0,18809200000.0,-54.19,-0.014124000000000001
1013837,801231.ZICN,801231,上海申银万国证券研究所有限公司,申万综合Ⅱ,XSHG,2015-07-27,3782.46,3743.04,3523.48,3857.02,3555.83,962890000.0,15343100000.0,-226.63,-0.059916
1014228,801231.ZICN,801231,上海申银万国证券研究所有限公司,申万综合Ⅱ,XSHG,2015-07-28,3555.83,3433.45,3311.6,3610.97,3411.78,1023350000.0,13747200000.0,-144.05,-0.040511
1014619,801231.ZICN,801231,上海申银万国证券研究所有限公司,申万综合Ⅱ,XSHG,2015-07-29,3411.78,3483.91,3284.1,3591.33,3519.75,797870000.0,11031500000.0,107.97,0.031646
1015010,801231.ZICN,801231,上海申银万国证券研究所有限公司,申万综合Ⅱ,XSHG,2015-07-30,3519.75,3522.38,3366.92,3634.54,3438.77,761410000.0,11342000000.0,-80.98,-0.023007
1015401,801231.ZICN,801231,上海申银万国证券研究所有限公司,申万综合Ⅱ,XSHG,2015-07-31,3438.77,3415.23,3281.11,3518.67,3374.64,614930000.0,8601070000.0,-64.13,-0.018649000000000002
1015790,801231.ZICN,801231,上海申银万国证券研究所有限公司,申万综合Ⅱ,XSHG,2015-08-03,3374.64,3363.69,3189.57,3445.79,3280.72,659400000.0,9175400000.0,-93.92,-0.027831
1016179,801231.ZICN,801231,上海申银万国证券研究所有限公司,申万综合Ⅱ,XSHG,2015-08-04,3280.72,3316.38,3223.84,3483.42,3414.63,706600000.0,9719100000.0,133.91,0.040817
1016568,801231.ZICN,801231,上海申银万国证券研究所有限公司,申万综合Ⅱ,XSHG,2015-08-05,3414.63,3452.1,3318.62,3537.41,3396.04,713190000.0,10439700000.0,-18.59,-0.005444
1016957,801231.ZICN,801231,上海申银万国证券研究所有限公司,申万综合Ⅱ,XSHG,2015-08-06,3396.04,3332.85,3271.83,3485.08,3417.98,675120000.0,10116600000.0,21.94,0.00646
1017346,801231.ZICN,801231,上海申银万国证券研究所有限公司,申万综合Ⅱ,XSHG,2015-08-07,3417.98,3448.5,3381.61,3561.34,3515.37,809910000.0,12759700000.0,97.39,0.028493
1017735,801231.ZICN,801231,上海申银万国证券研究所有限公司,申万综合Ⅱ,XSHG,2015-08-10,3515.37,3544.64,3477.43,3694.15,3644.12,929580000.0,14880600000.0,128.75,0.036625
1018124,801231.ZICN,801231,上海申银万国证券研究所有限公司,申万综合Ⅱ,XSHG,2015-08-11,3644.12,3645.85,3576.28,3770.65,3686.27,987560000.0,15407800000.0,42.15,0.011567000000000001
1018513,801231.ZICN,801231,上海申银万国证券研究所有限公司,申万综合Ⅱ,XSHG,2015-08-12,3686.27,3658.33,3575.0,3781.43,3683.3,927400000.0,14524700000.0,-2.97,-0.0008060000000000001
1018902,801231.ZICN,801231,上海申银万国证券研究所有限公司,申万综合Ⅱ,XSHG,2015-08-13,3683.3,3652.45,3590.73,3806.83,3773.31,941110000.0,14821600000.0,90.01,0.024437
1019291,801231.ZICN,801231,上海申银万国证券研究所有限公司,申万综合Ⅱ,XSHG,2015-08-14,3773.31,3809.51,3701.4,3922.97,3818.05,1047490000.0,18001400000.0,44.74,0.011857
1019680,801231.ZICN,801231,上海申银万国证券研究所有限公司,申万综合Ⅱ,XSHG,2015-08-17,3818.05,3800.07,3710.99,3941.8,3886.86,963190000.0,16198100000.0,68.81,0.018022
1020069,801231.ZICN,801231,上海申银万国证券研究所有限公司,申万综合Ⅱ,XSHG,2015-08-18,3886.86,3903.76,3638.01,3982.57,3695.95,1070170000.0,17432600000.0,-190.91,-0.049117
1020458,801231.ZICN,801231,上海申银万国证券研究所有限公司,申万综合Ⅱ,XSHG,2015-08-19,3695.95,3585.89,3482.58,3845.46,3791.49,1021200000.0,16208700000.0,95.54,0.02585
1020847,801231.ZICN,801231,上海申银万国证券研究所有限公司,申万综合Ⅱ,XSHG,2015-08-20,3791.49,3761.23,3631.11,3890.68,3720.06,952100000.0,15524100000.0,-71.43,-0.01884
1021236,801231.ZICN,801231,上海申银万国证券研究所有限公司,申万综合Ⅱ,XSHG,2015-08-21,3720.06,3638.44,3470.55,3756.04,3554.5,1082330000.0,15701500000.0,-165.56,-0.044505
1021625,801231.ZICN,801231,上海申银万国证券研究所有限公司,申万综合Ⅱ,XSHG,2015-08-24,3554.5,3395.92,3294.33,3464.73,3341.94,443510000.0,5890780000.0,-212.56,-0.0598
1022014,801231.ZICN,801231,上海申银万国证券研究所有限公司,申万综合Ⅱ,XSHG,2015-08-25,3341.94,3134.62,3099.32,3220.71,3152.08,468020000.0,5572280000.0,-189.86,-0.056811
1022403,801231.ZICN,801231,上海申银万国证券研究所有限公司,申万综合Ⅱ,XSHG,2015-08-26,3152.08,3103.12,2958.96,3219.46,3018.22,1041590000.0,11669700000.0,-133.86,-0.042467000000000005
1022792,801231.ZICN,801231,上海申银万国证券研究所有限公司,申万综合Ⅱ,XSHG,2015-08-27,3018.22,3036.14,2890.79,3134.63,3076.16,870950000.0,9466930000.0,57.94,0.019197
1023181,801231.ZICN,801231,上海申银万国证券研究所有限公司,申万综合Ⅱ,XSHG,2015-08-28,3076.16,3092.65,3021.22,3240.06,3212.59,980120000.0,11328200000.0,136.43,0.044351
1023570,801231.ZICN,801231,上海申银万国证券研究所有限公司,申万综合Ⅱ,XSHG,2015-08-31,3212.59,3185.62,3057.02,3253.55,3118.15,867670000.0,10328000000.0,-94.44,-0.029397000000000003
1023959,801231.ZICN,801231,上海申银万国证券研究所有限公司,申万综合Ⅱ,XSHG,2015-09-01,3118.15,3074.44,2904.71,3118.59,2955.5,722480000.0,7907400000.0,-162.65,-0.052162
1024348,801231.ZICN,801231,上海申银万国证券研究所有限公司,申万综合Ⅱ,XSHG,2015-09-02,2955.5,2824.48,2769.46,3030.89,2868.54,826440000.0,8373480000.0,-86.96,-0.029423
1024741,801231.ZICN,801231,上海申银万国证券研究所有限公司,申万综合Ⅱ,XSHG,2015-09-07,2868.54,2876.13,2820.38,3004.52,2901.37,707380000.0,7391000000.0,32.83,0.011445
1025130,801231.ZICN,801231,上海申银万国证券研究所有限公司,申万综合Ⅱ,XSHG,2015-09-08,2901.37,2876.69,2811.81,3045.53,3013.32,688980000.0,7299540000.0,111.95,0.038585
1025519,801231.ZICN,801231,上海申银万国证券研究所有限公司,申万综合Ⅱ,XSHG,2015-09-09,3013.32,3011.57,2965.27,3152.4,3102.47,1171830000.0,13184400000.0,89.15,0.029585000000000004
1025908,801231.ZICN,801231,上海申银万国证券研究所有限公司,申万综合Ⅱ,XSHG,2015-09-10,3102.47,3042.0,2978.59,3166.6,3079.45,1052040000.0,12927200000.0,-23.02,-0.00742
1026297,801231.ZICN,801231,上海申银万国证券研究所有限公司,申万综合Ⅱ,XSHG,2015-09-11,3079.45,3058.71,3003.87,3175.45,3126.92,935510000.0,11571000000.0,47.47,0.015415
1026686,801231.ZICN,801231,上海申银万国证券研究所有限公司,申万综合Ⅱ,XSHG,2015-09-14,3126.92,3124.13,2904.08,3189.24,2946.43,977180000.0,11465400000.0,-180.49,-0.057721
1027075,801231.ZICN,801231,上海申银万国证券研究所有限公司,申万综合Ⅱ,XSHG,2015-09-15,2946.43,2844.16,2758.22,2951.91,2820.06,814780000.0,8462230000.0,-126.37,-0.042889
1027464,801231.ZICN,801231,上海申银万国证券研究所有限公司,申万综合Ⅱ,XSHG,2015-09-16,2820.06,2799.37,2752.22,3000.41,2965.15,930730000.0,10555400000.0,145.09,0.051449
1027853,801231.ZICN,801231,上海申银万国证券研究所有限公司,申万综合Ⅱ,XSHG,2015-09-17,2965.15,2945.06,2862.77,3061.88,2914.42,1049200000.0,12209500000.0,-50.73,-0.017109
1028242,801231.ZICN,801231,上海申银万国证券研究所有限公司,申万综合Ⅱ,XSHG,2015-09-18,2914.42,2922.64,2840.56,3006.2,2954.39,810670000.0,8808500000.0,39.97,0.013715
1028631,801231.ZICN,801231,上海申银万国证券研究所有限公司,申万综合Ⅱ,XSHG,2015-09-21,2954.39,2908.61,2856.18,3062.06,3027.41,866110000.0,9709890000.0,73.02,0.024716
1029020,801231.ZICN,801231,上海申银万国证券研究所有限公司,申万综合Ⅱ,XSHG,2015-09-22,3027.41,3020.66,2952.46,3108.33,3034.56,917380000.0,10213500000.0,7.15,0.002362
1029409,801231.ZICN,801231,上海申银万国证券研究所有限公司,申万综合Ⅱ,XSHG,2015-09-23,3034.56,2973.5,2916.69,3079.87,3005.78,805790000.0,9237690000.0,-28.78,-0.009484000000000001
1029798,801231.ZICN,801231,上海申银万国证券研究所有限公司,申万综合Ⅱ,XSHG,2015-09-24,3005.78,3001.37,2952.43,3082.96,3035.49,711360000.0,8091860000.0,29.71,0.009884
1030187,801231.ZICN,801231,上海申银万国证券研究所有限公司,申万综合Ⅱ,XSHG,2015-09-25,3035.49,3008.33,2882.24,3075.81,2954.41,876650000.0,9649710000.0,-81.08,-0.026711000000000002
1030576,801231.ZICN,801231,上海申银万国证券研究所有限公司,申万综合Ⅱ,XSHG,2015-09-28,2954.41,2942.36,2871.55,3031.06,3000.97,574580000.0,6445630000.0,46.56,0.015759
1030965,801231.ZICN,801231,上海申银万国证券研究所有限公司,申万综合Ⅱ,XSHG,2015-09-29,3000.97,2942.3,2891.73,3021.03,2955.29,592290000.0,6572700000.0,-45.68,-0.015222
1031354,801231.ZICN,801231,上海申银万国证券研究所有限公司,申万综合Ⅱ,XSHG,2015-09-30,2955.29,2956.39,2894.01,3007.56,2949.3,426340000.0,4809970000.0,-5.99,-0.002027
1031743,801231.ZICN,801231,上海申银万国证券研究所有限公司,申万综合Ⅱ,XSHG,2015-10-08,2949.3,3007.89,2955.6,3089.02,3038.19,848010000.0,9068740000.0,88.89,0.030139
1032132,801231.ZICN,801231,上海申银万国证券研究所有限公司,申万综合Ⅱ,XSHG,2015-10-09,3038.19,3023.8,2981.7,3125.18,3078.45,846930000.0,9256390000.0,40.26,0.013250999999999999
1032521,801231.ZICN,801231,上海申银万国证券研究所有限公司,申万综合Ⅱ,XSHG,2015-10-12,3078.45,3045.34,3028.31,3195.02,3146.77,1160560000.0,13591200000.0,68.32,0.022193
1032910,801231.ZICN,801231,上海申银万国证券研究所有限公司,申万综合Ⅱ,XSHG,2015-10-13,3146.77,3082.18,3052.93,3189.74,3155.54,957310000.0,11438600000.0,8.77,0.002787
1033299,801231.ZICN,801231,上海申银万国证券研究所有限公司,申万综合Ⅱ,XSHG,2015-10-14,3155.54,3104.34,3042.56,3190.75,3105.87,1032550000.0,12177400000.0,-49.67,-0.015740999999999998
1033688,801231.ZICN,801231,上海申银万国证券研究所有限公司,申万综合Ⅱ,XSHG,2015-10-15,3105.87,3063.13,3033.97,3208.24,3173.57,1350950000.0,16092100000.0,67.7,0.021797
1034077,801231.ZICN,801231,上海申银万国证券研究所有限公司,申万综合Ⅱ,XSHG,2015-10-16,3173.57,3164.57,3101.53,3262.7,3216.26,1428180000.0,17888400000.0,42.69,0.013452
1034470,801231.ZICN,801231,上海申银万国证券研究所有限公司,申万综合Ⅱ,XSHG,2015-10-19,3216.26,3212.91,3146.28,3338.05,3254.13,1641360000.0,23628400000.0,37.87,0.011775
1034859,801231.ZICN,801231,上海申银万国证券研究所有限公司,申万综合Ⅱ,XSHG,2015-10-20,3254.13,3224.28,3171.35,3336.93,3287.17,1372000000.0,19320500000.0,33.04,0.010153
1035248,801231.ZICN,801231,上海申银万国证券研究所有限公司,申万综合Ⅱ,XSHG,2015-10-21,3287.17,3281.91,3054.63,3357.12,3101.58,1662050000.0,22590700000.0,-185.59,-0.056459
1035637,801231.ZICN,801231,上海申银万国证券研究所有限公司,申万综合Ⅱ,XSHG,2015-10-22,3101.58,3095.41,3055.28,3253.89,3228.23,1383210000.0,19190500000.0,126.65,0.040833999999999995
1036026,801231.ZICN,801231,上海申银万国证券研究所有限公司,申万综合Ⅱ,XSHG,2015-10-23,3228.23,3235.67,3185.73,3383.69,3342.88,1497990000.0,21621300000.0,114.65,0.035515
1036415,801231.ZICN,801231,上海申银万国证券研究所有限公司,申万综合Ⅱ,XSHG,2015-10-26,3342.88,3376.17,3259.41,3459.1,3358.99,1525210000.0,22710400000.0,16.11,0.0048189999999999995
1036804,801231.ZICN,801231,上海申银万国证券研究所有限公司,申万综合Ⅱ,XSHG,2015-10-27,3358.99,3324.96,3210.0,3459.92,3421.54,1456880000.0,20484500000.0,62.55,0.018622
1037193,801231.ZICN,801231,上海申银万国证券研究所有限公司,申万综合Ⅱ,XSHG,2015-10-28,3421.54,3386.87,3275.5,3483.04,3329.2,1267700000.0,18060900000.0,-92.34,-0.026987999999999998
1037582,801231.ZICN,801231,上海申银万国证券研究所有限公司,申万综合Ⅱ,XSHG,2015-10-29,3329.2,3349.1,3283.18,3436.36,3364.65,1021510000.0,14152800000.0,35.45,0.010648000000000001
1037971,801231.ZICN,801231,上海申银万国证券研究所有限公司,申万综合Ⅱ,XSHG,2015-10-30,3364.65,3351.33,3268.07,3444.19,3358.37,1066040000.0,15521000000.0,-6.28,-0.001866
1038360,801231.ZICN,801231,上海申银万国证券研究所有限公司,申万综合Ⅱ,XSHG,2015-11-02,3358.37,3259.61,3204.71,3418.55,3303.52,943390000.0,13797700000.0,-54.85,-0.016332
1038749,801231.ZICN,801231,上海申银万国证券研究所有限公司,申万综合Ⅱ,XSHG,2015-11-03,3303.52,3297.5,3222.99,3366.95,3287.67,680280000.0,9889860000.0,-15.85,-0.004797999999999999
1039138,801231.ZICN,801231,上海申银万国证券研究所有限公司,申万综合Ⅱ,XSHG,2015-11-04,3287.67,3305.9,3279.91,3474.58,3452.57,1168940000.0,16842600000.0,164.9,0.050157
1039527,801231.ZICN,801231,上海申银万国证券研究所有限公司,申万综合Ⅱ,XSHG,2015-11-05,3452.57,3447.53,3379.54,3566.15,3466.08,1492770000.0,21524500000.0,13.51,0.003913000000000001
1039916,801231.ZICN,801231,上海申银万国证券研究所有限公司,申万综合Ⅱ,XSHG,2015-11-06,3466.08,3458.81,3429.16,3590.38,3538.91,1271620000.0,18381100000.0,72.83,0.021012
1040305,801231.ZICN,801231,上海申银万国证券研究所有限公司,申万综合Ⅱ,XSHG,2015-11-09,3538.91,3514.63,3456.25,3644.71,3587.54,1354430000.0,20081400000.0,48.63,0.013741999999999999
1040694,801231.ZICN,801231,上海申银万国证券研究所有限公司,申万综合Ⅱ,XSHG,2015-11-10,3587.54,3559.64,3515.71,3711.32,3631.83,1296950000.0,20406400000.0,44.29,0.012346
1041083,801231.ZICN,801231,上海申银万国证券研究所有限公司,申万综合Ⅱ,XSHG,2015-11-11,3631.83,3633.23,3593.65,3783.78,3737.93,1195830000.0,19422100000.0,106.1,0.029213999999999997
1041472,801231.ZICN,801231,上海申银万国证券研究所有限公司,申万综合Ⅱ,XSHG,2015-11-12,3737.93,3757.91,3662.7,3841.57,3757.71,1240030000.0,20562700000.0,19.78,0.005292
1041861,801231.ZICN,801231,上海申银万国证券研究所有限公司,申万综合Ⅱ,XSHG,2015-11-13,3757.71,3730.58,3631.27,3878.51,3761.42,1288870000.0,21405100000.0,3.71,0.000987
1042250,801231.ZICN,801231,上海申银万国证券研究所有限公司,申万综合Ⅱ,XSHG,2015-11-16,3761.42,3693.01,3656.67,3910.25,3872.41,1171110000.0,18850200000.0,110.99,0.029507
1042639,801231.ZICN,801231,上海申银万国证券研究所有限公司,申万综合Ⅱ,XSHG,2015-11-17,3872.41,3898.77,3790.95,3990.26,3830.83,1315480000.0,21427300000.0,-41.58,-0.010737
1043028,801231.ZICN,801231,上海申银万国证券研究所有限公司,申万综合Ⅱ,XSHG,2015-11-18,3830.83,3833.58,3709.89,3916.5,3761.51,981680000.0,16408600000.0,-69.32,-0.018095
1043417,801231.ZICN,801231,上海申银万国证券研究所有限公司,申万综合Ⅱ,XSHG,2015-11-19,3761.51,3765.97,3719.81,3906.1,3884.43,895110000.0,15136400000.0,122.92,0.032678
1043806,801231.ZICN,801231,上海申银万国证券研究所有限公司,申万综合Ⅱ,XSHG,2015-11-20,3884.43,3880.13,3826.66,4029.67,3969.95,1221320000.0,20911800000.0,85.52,0.022016
1044195,801231.ZICN,801231,上海申银万国证券研究所有限公司,申万综合Ⅱ,XSHG,2015-11-23,3969.95,3949.76,3841.24,4078.61,3914.85,1209920000.0,20412200000.0,-55.1,-0.013878999999999999
1044584,801231.ZICN,801231,上海申银万国证券研究所有限公司,申万综合Ⅱ,XSHG,2015-11-24,3914.85,3897.08,3807.5,3987.56,3939.79,807360000.0,13339200000.0,24.94,0.006371
1044973,801231.ZICN,801231,上海申银万国证券研究所有限公司,申万综合Ⅱ,XSHG,2015-11-25,3939.79,3929.08,3896.34,4073.53,4018.98,952740000.0,15917600000.0,79.19,0.0201
1045362,801231.ZICN,801231,上海申银万国证券研究所有限公司,申万综合Ⅱ,XSHG,2015-11-26,4018.98,4045.22,3956.44,4182.55,4045.78,1183120000.0,20371300000.0,26.8,0.006668
1045751,801231.ZICN,801231,上海申银万国证券研究所有限公司,申万综合Ⅱ,XSHG,2015-11-27,4045.78,4020.09,3791.33,4144.05,3862.54,1295570000.0,21195300000.0,-183.24,-0.045292
1046144,801231.ZICN,801231,上海申银万国证券研究所有限公司,申万综合Ⅱ,XSHG,2015-11-30,3862.54,3862.25,3682.2,4020.23,3945.63,1224900000.0,19999600000.0,83.09,0.021512
1046533,801231.ZICN,801231,上海申银万国证券研究所有限公司,申万综合Ⅱ,XSHG,2015-12-01,3945.63,3948.72,3829.56,4065.25,3929.27,1050310000.0,17669500000.0,-16.36,-0.004146
1046922,801231.ZICN,801231,上海申银万国证券研究所有限公司,申万综合Ⅱ,XSHG,2015-12-02,3929.27,3910.78,3720.9,3980.87,3846.92,919410000.0,17071800000.0,-82.35,-0.020958
1047311,801231.ZICN,801231,上海申银万国证券研究所有限公司,申万综合Ⅱ,XSHG,2015-12-03,3846.92,3829.99,3796.32,3971.77,3935.57,743030000.0,12987200000.0,88.65,0.023044
1047700,801231.ZICN,801231,上海申银万国证券研究所有限公司,申万综合Ⅱ,XSHG,2015-12-04,3935.57,3917.15,3855.16,4033.69,3948.81,799140000.0,13388200000.0,13.24,0.0033640000000000002
1048089,801231.ZICN,801231,上海申银万国证券研究所有限公司,申万综合Ⅱ,XSHG,2015-12-07,3948.81,3958.91,3899.19,4083.84,4038.78,780440000.0,12863600000.0,89.97,0.022784
1048478,801231.ZICN,801231,上海申银万国证券研究所有限公司,申万综合Ⅱ,XSHG,2015-12-08,4038.78,4008.76,3887.37,4104.16,3976.25,849980000.0,16145300000.0,-62.53,-0.015482
1048867,801231.ZICN,801231,上海申银万国证券研究所有限公司,申万综合Ⅱ,XSHG,2015-12-09,3976.25,3944.35,3873.55,4069.65,3977.16,708890000.0,13672500000.0,0.91,0.000229
1049256,801231.ZICN,801231,上海申银万国证券研究所有限公司,申万综合Ⅱ,XSHG,2015-12-10,3977.16,3967.01,3892.88,4064.87,3957.46,614610000.0,11722800000.0,-19.7,-0.004953
1049645,801231.ZICN,801231,上海申银万国证券研究所有限公司,申万综合Ⅱ,XSHG,2015-12-11,3957.46,3939.83,3851.25,4017.83,3907.99,575390000.0,10247800000.0,-49.47,-0.0125
1050034,801231.ZICN,801231,上海申银万国证券研究所有限公司,申万综合Ⅱ,XSHG,2015-12-14,3907.99,3858.28,3788.91,3984.36,3933.48,590990000.0,10275100000.0,25.49,0.006523
1050423,801231.ZICN,801231,上海申银万国证券研究所有限公司,申万综合Ⅱ,XSHG,2015-12-15,3933.48,3929.69,3902.25,4079.27,4022.8,642650000.0,11614400000.0,89.32,0.022708000000000002
1050812,801231.ZICN,801231,上海申银万国证券研究所有限公司,申万综合Ⅱ,XSHG,2015-12-16,4022.8,4023.17,3967.32,4115.4,4029.75,597640000.0,10953800000.0,6.95,0.0017280000000000002
1051201,801231.ZICN,801231,上海申银万国证券研究所有限公司,申万综合Ⅱ,XSHG,2015-12-17,4029.75,4040.75,4019.69,4177.74,4123.26,929110000.0,16010700000.0,93.51,0.023205
1051590,801231.ZICN,801231,上海申银万国证券研究所有限公司,申万综合Ⅱ,XSHG,2015-12-18,4123.26,4118.86,4059.81,4259.1,4175.14,1059530000.0,17875600000.0,51.88,0.012582
1051979,801231.ZICN,801231,上海申银万国证券研究所有限公司,申万综合Ⅱ,XSHG,2015-12-21,4175.14,4176.8,4112.7,4311.62,4222.93,967410000.0,15968600000.0,47.79,0.011446
1052368,801231.ZICN,801231,上海申银万国证券研究所有限公司,申万综合Ⅱ,XSHG,2015-12-22,4222.93,4214.01,4143.01,4320.08,4258.42,940170000.0,16155800000.0,35.49,0.008404
1052757,801231.ZICN,801231,上海申银万国证券研究所有限公司,申万综合Ⅱ,XSHG,2015-12-23,4258.42,4241.81,4138.58,4335.67,4182.48,892140000.0,16143600000.0,-75.94,-0.017833
1053146,801231.ZICN,801231,上海申银万国证券研究所有限公司,申万综合Ⅱ,XSHG,2015-12-24,4182.48,4166.33,4066.88,4270.24,4183.83,770290000.0,14048100000.0,1.35,0.000323
1053535,801231.ZICN,801231,上海申银万国证券研究所有限公司,申万综合Ⅱ,XSHG,2015-12-25,4183.83,4176.61,4117.21,4275.65,4212.61,657550000.0,11855200000.0,28.78,0.0068790000000000006
1053924,801231.ZICN,801231,上海申银万国证券研究所有限公司,申万综合Ⅱ,XSHG,2015-12-28,4212.61,4197.48,4039.51,4304.27,4094.6,937440000.0,17491100000.0,-118.01,-0.028013999999999997
1054313,801231.ZICN,801231,上海申银万国证券研究所有限公司,申万综合Ⅱ,XSHG,2015-12-29,4094.6,4079.13,3976.25,4191.13,4106.03,742980000.0,14893300000.0,11.43,0.002791
1054702,801231.ZICN,801231,上海申银万国证券研究所有限公司,申万综合Ⅱ,XSHG,2015-12-30,4106.03,4101.71,4025.31,4195.04,4121.54,715470000.0,13980700000.0,15.51,0.0037770000000000004
1055091,801231.ZICN,801231,上海申银万国证券研究所有限公司,申万综合Ⅱ,XSHG,2015-12-31,4121.54,4112.34,3992.79,4176.91,4043.79,582690000.0,11047400000.0,-77.75,-0.018864
1055480,801231.ZICN,801231,上海申银万国证券研究所有限公司,申万综合Ⅱ,XSHG,2016-01-04,4043.79,4030.31,3713.81,4094.94,3734.5,565220000.0,9367890000.0,-309.29,-0.076485
1055869,801231.ZICN,801231,上海申银万国证券研究所有限公司,申万综合Ⅱ,XSHG,2016-01-05,3734.5,3518.44,3470.17,3769.77,3637.25,849430000.0,13507500000.0,-97.25,-0.026041
1056258,801231.ZICN,801231,上海申银万国证券研究所有限公司,申万综合Ⅱ,XSHG,2016-01-06,3637.25,3640.53,3571.89,3754.9,3718.0,654510000.0,10837900000.0,80.75,0.022201
1056647,801231.ZICN,801231,上海申银万国证券研究所有限公司,申万综合Ⅱ,XSHG,2016-01-07,3718.0,3626.87,3403.81,3670.03,3432.7,157660000.0,2432210000.0,-285.3,-0.076735
1057036,801231.ZICN,801231,上海申银万国证券研究所有限公司,申万综合Ⅱ,XSHG,2016-01-08,3432.7,3462.76,3202.85,3558.8,3424.3,716610000.0,10552400000.0,-8.4,-0.002447
1057425,801231.ZICN,801231,上海申银万国证券研究所有限公司,申万综合Ⅱ,XSHG,2016-01-11,3424.3,3339.86,3157.49,3434.85,3194.81,664350000.0,9179860000.0,-229.49,-0.067018
1057814,801231.ZICN,801231,上海申银万国证券研究所有限公司,申万综合Ⅱ,XSHG,2016-01-12,3194.81,3155.07,3046.93,3259.87,3156.9,663730000.0,9087650000.0,-37.91,-0.011866
1058203,801231.ZICN,801231,上海申银万国证券研究所有限公司,申万综合Ⅱ,XSHG,2016-01-13,3156.9,3153.63,3013.93,3246.67,3059.33,556120000.0,7707400000.0,-97.57,-0.030907
1058592,801231.ZICN,801231,上海申银万国证券研究所有限公司,申万综合Ⅱ,XSHG,2016-01-14,3059.33,2952.96,2905.86,3197.8,3152.24,686010000.0,8879260000.0,92.91,0.030369
1058981,801231.ZICN,801231,上海申银万国证券研究所有限公司,申万综合Ⅱ,XSHG,2016-01-15,3152.24,3120.1,2988.56,3217.12,3042.92,638630000.0,8577950000.0,-109.32,-0.03468
1059370,801231.ZICN,801231,上海申银万国证券研究所有限公司,申万综合Ⅱ,XSHG,2016-01-18,3042.92,2951.56,2922.95,3164.57,3098.22,615150000.0,8424100000.0,55.3,0.018172999999999998
1059756,801231.ZICN,801231,上海申银万国证券研究所有限公司,申万综合Ⅱ,XSHG,2016-01-19,3098.22,3053.99,3023.5,3214.4,3188.51,682980000.0,9442330000.0,90.29,0.029143000000000002
1060142,801231.ZICN,801231,上海申银万国证券研究所有限公司,申万综合Ⅱ,XSHG,2016-01-20,3188.51,3144.96,3084.57,3236.79,3155.07,740670000.0,10389500000.0,-33.44,-0.010487999999999999
1060527,801231.ZICN,801231,上海申银万国证券研究所有限公司,申万综合Ⅱ,XSHG,2016-01-21,3155.07,3084.23,2970.95,3193.43,3000.58,655680000.0,8872780000.0,-154.49,-0.048966
1060912,801231.ZICN,801231,上海申银万国证券研究所有限公司,申万综合Ⅱ,XSHG,2016-01-22,3000.58,3019.62,2918.89,3097.24,3051.17,579620000.0,7661810000.0,50.59,0.01686
1061297,801231.ZICN,801231,上海申银万国证券研究所有限公司,申万综合Ⅱ,XSHG,2016-01-25,3051.17,3068.1,3011.56,3143.13,3091.27,503890000.0,6887490000.0,40.1,0.013142
1061682,801231.ZICN,801231,上海申银万国证券研究所有限公司,申万综合Ⅱ,XSHG,2016-01-26,3091.27,3042.96,2852.23,3101.82,2884.66,691600000.0,8860410000.0,-206.61,-0.066837
1062067,801231.ZICN,801231,上海申银万国证券研究所有限公司,申万综合Ⅱ,XSHG,2016-01-27,2884.66,2857.21,2671.79,2918.99,2801.1,692160000.0,7880820000.0,-83.56,-0.028967000000000003
1062452,801231.ZICN,801231,上海申银万国证券研究所有限公司,申万综合Ⅱ,XSHG,2016-01-28,2801.1,2753.93,2646.76,2846.58,2689.76,533910000.0,6146330000.0,-111.34,-0.039749
1062837,801231.ZICN,801231,上海申银万国证券研究所有限公司,申万综合Ⅱ,XSHG,2016-01-29,2689.76,2672.57,2637.23,2846.96,2803.16,607970000.0,7038590000.0,113.4,0.04216
1063222,801231.ZICN,801231,上海申银万国证券研究所有限公司,申万综合Ⅱ,XSHG,2016-02-01,2803.16,2798.27,2714.69,2877.48,2798.61,618130000.0,7305220000.0,-4.55,-0.001623
1063608,801231.ZICN,801231,上海申银万国证券研究所有限公司,申万综合Ⅱ,XSHG,2016-02-02,2798.61,2799.04,2776.85,2948.73,2916.51,519600000.0,6381050000.0,117.9,0.042128
1063994,801231.ZICN,801231,上海申银万国证券研究所有限公司,申万综合Ⅱ,XSHG,2016-02-03,2916.51,2881.08,2835.47,2999.54,2956.56,665080000.0,8523430000.0,40.05,0.013732
1064380,801231.ZICN,801231,上海申银万国证券研究所有限公司,申万综合Ⅱ,XSHG,2016-02-04,2956.56,2942.61,2921.25,3063.76,3011.03,622350000.0,8092740000.0,54.47,0.018423
1064766,801231.ZICN,801231,上海申银万国证券研究所有限公司,申万综合Ⅱ,XSHG,2016-02-05,3011.03,3014.21,2935.43,3070.24,2982.55,462290000.0,6124680000.0,-28.48,-0.009459
1065152,801231.ZICN,801231,上海申银万国证券研究所有限公司,申万综合Ⅱ,XSHG,2016-02-15,2982.55,2867.7,2842.51,3029.23,2991.49,400670000.0,5398740000.0,8.94,0.002997
1065538,801231.ZICN,801231,上海申银万国证券研究所有限公司,申万综合Ⅱ,XSHG,2016-02-16,2991.49,2990.0,2973.98,3138.16,3101.68,579170000.0,7785150000.0,110.19,0.036834
1065924,801231.ZICN,801231,上海申银万国证券研究所有限公司,申万综合Ⅱ,XSHG,2016-02-17,3101.68,3090.28,3038.89,3178.3,3138.97,654800000.0,9033900000.0,37.29,0.012023
1066310,801231.ZICN,801231,上海申银万国证券研究所有限公司,申万综合Ⅱ,XSHG,2016-02-18,3138.97,3172.95,3096.33,3252.28,3153.36,768740000.0,10489600000.0,14.39,0.004584
1066696,801231.ZICN,801231,上海申银万国证券研究所有限公司,申万综合Ⅱ,XSHG,2016-02-19,3153.36,3122.15,3079.29,3206.62,3152.27,551620000.0,7624220000.0,-1.09,-0.000346
1067082,801231.ZICN,801231,上海申银万国证券研究所有限公司,申万综合Ⅱ,XSHG,2016-02-22,3152.27,3177.53,3126.87,3237.92,3197.54,603610000.0,8141170000.0,45.27,0.014361
1067468,801231.ZICN,801231,上海申银万国证券研究所有限公司,申万综合Ⅱ,XSHG,2016-02-23,3197.54,3189.22,3101.7,3248.6,3179.18,591550000.0,7855330000.0,-18.36,-0.005742000000000001
1067854,801231.ZICN,801231,上海申银万国证券研究所有限公司,申万综合Ⅱ,XSHG,2016-02-24,3179.18,3146.28,3075.01,3234.5,3191.39,581780000.0,7561230000.0,12.21,0.003841
1068240,801231.ZICN,801231,上海申银万国证券研究所有限公司,申万综合Ⅱ,XSHG,2016-02-25,3191.39,3173.03,2926.0,3216.08,2954.89,750570000.0,9651380000.0,-236.5,-0.07410599999999999
1068626,801231.ZICN,801231,上海申银万国证券研究所有限公司,申万综合Ⅱ,XSHG,2016-02-26,2954.89,2954.44,2845.71,3028.59,2936.47,556990000.0,6636620000.0,-18.42,-0.006234
1069016,801231.ZICN,801231,上海申银万国证券研究所有限公司,申万综合Ⅱ,XSHG,2016-02-29,2936.47,2906.53,2706.89,2941.98,2753.45,579180000.0,6442200000.0,-183.02,-0.062327
1069402,801231.ZICN,801231,上海申银万国证券研究所有限公司,申万综合Ⅱ,XSHG,2016-03-01,2753.45,2751.24,2665.53,2837.57,2794.0,496060000.0,5701680000.0,40.55,0.014727
1069788,801231.ZICN,801231,上海申银万国证券研究所有限公司,申万综合Ⅱ,XSHG,2016-03-02,2794.0,2775.9,2745.13,2945.01,2914.13,612350000.0,7195830000.0,120.13,0.042996
1070174,801231.ZICN,801231,上海申银万国证券研究所有限公司,申万综合Ⅱ,XSHG,2016-03-03,2914.13,2899.76,2865.41,3024.47,2930.78,686180000.0,8481710000.0,16.65,0.005714
1070560,801231.ZICN,801231,上海申银万国证券研究所有限公司,申万综合Ⅱ,XSHG,2016-03-04,2930.78,2905.99,2766.21,2966.25,2836.47,584180000.0,6874750000.0,-94.31,-0.032179
1070946,801231.ZICN,801231,上海申银万国证券研究所有限公司,申万综合Ⅱ,XSHG,2016-03-07,2836.47,2849.61,2824.4,2949.51,2902.53,477010000.0,5711300000.0,66.06,0.02329
1071332,801231.ZICN,801231,上海申银万国证券研究所有限公司,申万综合Ⅱ,XSHG,2016-03-08,2902.53,2882.0,2755.73,2960.68,2927.98,567780000.0,6991410000.0,25.45,0.008768000000000001
1071718,801231.ZICN,801231,上海申银万国证券研究所有限公司,申万综合Ⅱ,XSHG,2016-03-09,2927.98,2868.76,2814.98,2955.31,2882.9,489220000.0,6157600000.0,-45.08,-0.015396
1072106,801231.ZICN,801231,上海申银万国证券研究所有限公司,申万综合Ⅱ,XSHG,2016-03-10,2882.9,2872.76,2795.86,2924.89,2826.21,413560000.0,5272810000.0,-56.69,-0.019663999999999997
1072492,801231.ZICN,801231,上海申银万国证券研究所有限公司,申万综合Ⅱ,XSHG,2016-03-11,2826.21,2786.45,2740.88,2854.6,2810.47,338590000.0,4198960000.0,-15.74,-0.005569
1072878,801231.ZICN,801231,上海申银万国证券研究所有限公司,申万综合Ⅱ,XSHG,2016-03-14,2810.47,2822.18,2809.65,2967.23,2916.43,653930000.0,7926460000.0,105.96,0.037702
1073264,801231.ZICN,801231,上海申银万国证券研究所有限公司,申万综合Ⅱ,XSHG,2016-03-15,2916.43,2896.63,2853.45,2964.24,2899.53,495100000.0,6234430000.0,-16.9,-0.005795000000000001
1073650,801231.ZICN,801231,上海申银万国证券研究所有限公司,申万综合Ⅱ,XSHG,2016-03-16,2899.53,2897.43,2813.36,2939.7,2851.38,462500000.0,5710530000.0,-48.15,-0.016606
1074036,801231.ZICN,801231,上海申银万国证券研究所有限公司,申万综合Ⅱ,XSHG,2016-03-17,2851.38,2838.54,2823.06,2964.13,2948.13,683090000.0,9016520000.0,96.75,0.033931
1074422,801231.ZICN,801231,上海申银万国证券研究所有限公司,申万综合Ⅱ,XSHG,2016-03-18,2948.13,2943.64,2918.95,3107.77,3064.52,1016430000.0,13911400000.0,116.39,0.039479
1074808,801231.ZICN,801231,上海申银万国证券研究所有限公司,申万综合Ⅱ,XSHG,2016-03-21,3064.52,3087.83,3046.07,3178.5,3152.17,1043600000.0,14559700000.0,87.65,0.028602
1075194,801231.ZICN,801231,上海申银万国证券研究所有限公司,申万综合Ⅱ,XSHG,2016-03-22,3152.17,3109.46,3072.21,3219.15,3145.21,915620000.0,12942400000.0,-6.96,-0.002208
1075580,801231.ZICN,801231,上海申银万国证券研究所有限公司,申万综合Ⅱ,XSHG,2016-03-23,3145.21,3129.6,3091.8,3221.74,3183.18,813210000.0,12036000000.0,37.97,0.012072
1075966,801231.ZICN,801231,上海申银万国证券研究所有限公司,申万综合Ⅱ,XSHG,2016-03-24,3183.18,3130.36,3071.5,3225.88,3131.75,853350000.0,12426000000.0,-51.43,-0.016156999999999998
1076352,801231.ZICN,801231,上海申银万国证券研究所有限公司,申万综合Ⅱ,XSHG,2016-03-25,3131.75,3108.61,3079.36,3217.64,3180.85,646600000.0,9415860000.0,49.1,0.015678
1076738,801231.ZICN,801231,上海申银万国证券研究所有限公司,申万综合Ⅱ,XSHG,2016-03-28,3180.85,3190.35,3114.51,3275.76,3160.77,818150000.0,11621500000.0,-20.08,-0.006313
1077124,801231.ZICN,801231,上海申银万国证券研究所有限公司,申万综合Ⅱ,XSHG,2016-03-29,3160.77,3138.06,3032.33,3200.97,3105.24,698190000.0,9756100000.0,-55.53,-0.017569
1077510,801231.ZICN,801231,上海申银万国证券研究所有限公司,申万综合Ⅱ,XSHG,2016-03-30,3105.24,3125.57,3093.5,3245.91,3231.32,819480000.0,11372100000.0,126.08,0.040602
1077896,801231.ZICN,801231,上海申银万国证券研究所有限公司,申万综合Ⅱ,XSHG,2016-03-31,3231.32,3228.76,3176.87,3300.63,3221.39,833200000.0,11986300000.0,-9.93,-0.003073
1078282,801231.ZICN,801231,上海申银万国证券研究所有限公司,申万综合Ⅱ,XSHG,2016-04-01,3221.39,3198.0,3115.62,3261.46,3218.24,722490000.0,10153200000.0,-3.15,-0.000978
1078668,801231.ZICN,801231,上海申银万国证券研究所有限公司,申万综合Ⅱ,XSHG,2016-04-05,3218.24,3225.33,3194.55,3352.74,3325.16,889820000.0,13085000000.0,106.92,0.033223
1079054,801231.ZICN,801231,上海申银万国证券研究所有限公司,申万综合Ⅱ,XSHG,2016-04-06,3325.16,3299.62,3252.73,3371.25,3326.28,839140000.0,11987900000.0,1.12,0.000337
1079440,801231.ZICN,801231,上海申银万国证券研究所有限公司,申万综合Ⅱ,XSHG,2016-04-07,3326.28,3321.26,3249.23,3418.54,3304.37,885070000.0,13740300000.0,-21.91,-0.006587000000000001
1079826,801231.ZICN,801231,上海申银万国证券研究所有限公司,申万综合Ⅱ,XSHG,2016-04-08,3304.37,3252.93,3173.52,3340.68,3270.94,765570000.0,12072800000.0,-33.43,-0.010117000000000001
1080212,801231.ZICN,801231,上海申银万国证券研究所有限公司,申万综合Ⅱ,XSHG,2016-04-11,3270.94,3282.88,3252.8,3384.44,3329.96,760100000.0,11905800000.0,59.02,0.018044
1080598,801231.ZICN,801231,上海申银万国证券研究所有限公司,申万综合Ⅱ,XSHG,2016-04-12,3329.96,3305.63,3225.61,3392.24,3329.49,755120000.0,11693200000.0,-0.47,-0.00014099999999999998
1080984,801231.ZICN,801231,上海申银万国证券研究所有限公司,申万综合Ⅱ,XSHG,2016-04-13,3329.49,3328.3,3302.79,3434.46,3359.08,938000000.0,13963900000.0,29.59,0.008887
1081370,801231.ZICN,801231,上海申银万国证券研究所有限公司,申万综合Ⅱ,XSHG,2016-04-14,3359.08,3359.78,3315.4,3446.03,3407.37,763640000.0,11093600000.0,48.29,0.014376
1081756,801231.ZICN,801231,上海申银万国证券研究所有限公司,申万综合Ⅱ,XSHG,2016-04-15,3407.37,3393.87,3347.07,3474.86,3419.48,760080000.0,11199100000.0,12.11,0.003554
1082142,801231.ZICN,801231,上海申银万国证券研究所有限公司,申万综合Ⅱ,XSHG,2016-04-18,3419.48,3376.92,3298.51,3449.1,3382.18,690660000.0,10493900000.0,-37.3,-0.010908
1082528,801231.ZICN,801231,上海申银万国证券研究所有限公司,申万综合Ⅱ,XSHG,2016-04-19,3382.18,3383.65,3314.82,3464.21,3398.37,718180000.0,10860000000.0,16.19,0.004787
1082914,801231.ZICN,801231,上海申银万国证券研究所有限公司,申万综合Ⅱ,XSHG,2016-04-20,3398.37,3383.55,3120.98,3430.75,3217.38,986250000.0,14023100000.0,-180.99,-0.05325800000000001
1083300,801231.ZICN,801231,上海申银万国证券研究所有限公司,申万综合Ⅱ,XSHG,2016-04-21,3217.38,3176.44,3106.89,3270.08,3161.37,685150000.0,9334360000.0,-56.01,-0.017409
1083686,801231.ZICN,801231,上海申银万国证券研究所有限公司,申万综合Ⅱ,XSHG,2016-04-22,3161.37,3125.56,3085.28,3224.12,3199.43,522280000.0,7246900000.0,38.06,0.012039
1084072,801231.ZICN,801231,上海申银万国证券研究所有限公司,申万综合Ⅱ,XSHG,2016-04-25,3199.43,3166.61,3095.09,3241.66,3188.87,511930000.0,6965470000.0,-10.56,-0.0033009999999999997
1084458,801231.ZICN,801231,上海申银万国证券研究所有限公司,申万综合Ⅱ,XSHG,2016-04-26,3188.87,3157.68,3131.37,3269.52,3251.54,477900000.0,7341480000.0,62.67,0.019653
1084846,801231.ZICN,801231,上海申银万国证券研究所有限公司,申万综合Ⅱ,XSHG,2016-04-27,3251.54,3230.69,3191.15,3319.97,3250.96,539660000.0,8390740000.0,-0.58,-0.000178
1085234,801231.ZICN,801231,上海申银万国证券研究所有限公司,申万综合Ⅱ,XSHG,2016-04-28,3250.96,3223.78,3144.94,3295.95,3249.82,560780000.0,8525310000.0,-1.14,-0.00035099999999999997
1085620,801231.ZICN,801231,上海申银万国证券研究所有限公司,申万综合Ⅱ,XSHG,2016-04-29,3249.82,3211.75,3160.72,3279.66,3228.05,421710000.0,6405980000.0,-21.77,-0.006698999999999999
1086006,801231.ZICN,801231,上海申银万国证券研究所有限公司,申万综合Ⅱ,XSHG,2016-05-03,3228.05,3202.14,3172.59,3337.55,3320.6,570210000.0,8551810000.0,92.55,0.028671
1086392,801231.ZICN,801231,上海申银万国证券研究所有限公司,申万综合Ⅱ,XSHG,2016-05-04,3320.6,3297.1,3254.32,3384.69,3306.52,670520000.0,10134200000.0,-14.08,-0.00424
1086778,801231.ZICN,801231,上海申银万国证券研究所有限公司,申万综合Ⅱ,XSHG,2016-05-05,3306.52,3290.56,3253.37,3359.01,3312.23,550000000.0,8346010000.0,5.71,0.001727
1087164,801231.ZICN,801231,上海申银万国证券研究所有限公司,申万综合Ⅱ,XSHG,2016-05-06,3312.23,3299.99,3120.58,3339.36,3142.75,830330000.0,12511100000.0,-169.48,-0.051168
1087550,801231.ZICN,801231,上海申银万国证券研究所有限公司,申万综合Ⅱ,XSHG,2016-05-09,3142.75,3077.95,2936.62,3109.48,2984.69,619450000.0,8312060000.0,-158.06,-0.050294
1087938,801231.ZICN,801231,上海申银万国证券研究所有限公司,申万综合Ⅱ,XSHG,2016-05-10,2984.69,2955.78,2902.56,3013.91,2948.11,433140000.0,5766220000.0,-36.58,-0.012256
1088324,801231.ZICN,801231,上海申银万国证券研究所有限公司,申万综合Ⅱ,XSHG,2016-05-11,2948.11,2960.75,2865.63,3004.85,2905.5,522230000.0,6722730000.0,-42.61,-0.014453
1088710,801231.ZICN,801231,上海申银万国证券研究所有限公司,申万综合Ⅱ,XSHG,2016-05-12,2905.5,2848.68,2764.18,2920.08,2891.28,538350000.0,6900810000.0,-14.22,-0.004894
1089096,801231.ZICN,801231,上海申银万国证券研究所有限公司,申万综合Ⅱ,XSHG,2016-05-13,2891.28,2871.27,2833.63,2962.1,2895.71,487770000.0,6717780000.0,4.43,0.001532
1089482,801231.ZICN,801231,上海申银万国证券研究所有限公司,申万综合Ⅱ,XSHG,2016-05-16,2895.71,2893.32,2846.78,2972.48,2955.33,444310000.0,6378970000.0,59.62,0.020589
1089868,801231.ZICN,801231,上海申银万国证券研究所有限公司,申万综合Ⅱ,XSHG,2016-05-17,2955.33,2946.31,2898.57,2997.21,2938.02,443250000.0,6299470000.0,-17.31,-0.005857
1090254,801231.ZICN,801231,上海申银万国证券研究所有限公司,申万综合Ⅱ,XSHG,2016-05-18,2938.02,2893.7,2763.01,2920.3,2814.71,493340000.0,6410970000.0,-123.31,-0.04197
1090640,801231.ZICN,801231,上海申银万国证券研究所有限公司,申万综合Ⅱ,XSHG,2016-05-19,2814.71,2806.31,2786.28,2904.55,2837.23,418800000.0,5598570000.0,22.52,0.008001000000000001
1091026,801231.ZICN,801231,上海申银万国证券研究所有限公司,申万综合Ⅱ,XSHG,2016-05-20,2837.23,2802.21,2771.66,2900.58,2879.94,431390000.0,5496160000.0,42.71,0.015053
1091414,801231.ZICN,801231,上海申银万国证券研究所有限公司,申万综合Ⅱ,XSHG,2016-05-23,2879.94,2876.05,2862.31,2966.65,2932.25,458390000.0,6339060000.0,52.31,0.018164
1091800,801231.ZICN,801231,上海申银万国证券研究所有限公司,申万综合Ⅱ,XSHG,2016-05-24,2932.25,2923.26,2864.27,2965.22,2907.47,439820000.0,5662160000.0,-24.78,-0.008451
1092186,801231.ZICN,801231,上海申银万国证券研究所有限公司,申万综合Ⅱ,XSHG,2016-05-25,2907.47,2916.85,2863.43,2967.48,2900.69,383350000.0,5084230000.0,-6.78,-0.002332
1092572,801231.ZICN,801231,上海申银万国证券研究所有限公司,申万综合Ⅱ,XSHG,2016-05-26,2900.69,2883.25,2802.88,2935.91,2912.86,435500000.0,5270470000.0,12.17,0.004196
1092958,801231.ZICN,801231,上海申银万国证券研究所有限公司,申万综合Ⅱ,XSHG,2016-05-27,2912.86,2901.77,2869.37,2971.4,2924.79,441160000.0,5502290000.0,11.93,0.004096
1093344,801231.ZICN,801231,上海申银万国证券研究所有限公司,申万综合Ⅱ,XSHG,2016-05-30,2924.79,2900.95,2856.21,2964.72,2913.71,375080000.0,4809940000.0,-11.08,-0.003788
1093732,801231.ZICN,801231,上海申银万国证券研究所有限公司,申万综合Ⅱ,XSHG,2016-05-31,2913.71,2907.94,2899.28,3043.46,3030.18,662960000.0,8652690000.0,116.47,0.039973
1094120,801231.ZICN,801231,上海申银万国证券研究所有限公司,申万综合Ⅱ,XSHG,2016-06-01,3030.18,3021.55,2994.8,3098.32,3045.63,640080000.0,8892870000.0,15.45,0.005099
1094508,801231.ZICN,801231,上海申银万国证券研究所有限公司,申万综合Ⅱ,XSHG,2016-06-02,3045.63,3028.78,3009.86,3117.61,3086.61,644790000.0,8903430000.0,40.98,0.013455000000000002
1094894,801231.ZICN,801231,上海申银万国证券研究所有限公司,申万综合Ⅱ,XSHG,2016-06-03,3086.61,3081.62,3042.83,3138.98,3088.88,575330000.0,8014700000.0,2.27,0.000735
1095280,801231.ZICN,801231,上海申银万国证券研究所有限公司,申万综合Ⅱ,XSHG,2016-06-06,3088.88,3104.8,3061.19,3167.62,3125.88,508370000.0,7563500000.0,37.0,0.011978
1095666,801231.ZICN,801231,上海申银万国证券研究所有限公司,申万综合Ⅱ,XSHG,2016-06-07,3125.88,3124.04,3076.26,3172.98,3132.25,465490000.0,6991530000.0,6.37,0.002038
1096052,801231.ZICN,801231,上海申银万国证券研究所有限公司,申万综合Ⅱ,XSHG,2016-06-08,3132.25,3124.96,3065.93,3182.55,3131.29,554210000.0,8096160000.0,-0.96,-0.000306
1096438,801231.ZICN,801231,上海申银万国证券研究所有限公司,申万综合Ⅱ,XSHG,2016-06-13,3131.29,3069.06,2917.81,3117.29,2936.33,621220000.0,8762320000.0,-194.96,-0.062262
1096824,801231.ZICN,801231,上海申银万国证券研究所有限公司,申万综合Ⅱ,XSHG,2016-06-14,2936.33,2915.25,2879.56,2976.4,2947.32,408990000.0,5480670000.0,10.99,0.003743
1097210,801231.ZICN,801231,上海申银万国证券研究所有限公司,申万综合Ⅱ,XSHG,2016-06-15,2947.32,2905.43,2884.29,3081.82,3052.3,543940000.0,7885590000.0,104.98,0.035619
1097596,801231.ZICN,801231,上海申银万国证券研究所有限公司,申万综合Ⅱ,XSHG,2016-06-16,3052.3,3050.64,3004.36,3117.54,3057.03,601450000.0,9169840000.0,4.73,0.00155
1097982,801231.ZICN,801231,上海申银万国证券研究所有限公司,申万综合Ⅱ,XSHG,2016-06-17,3057.03,3059.32,3013.57,3131.78,3065.92,527890000.0,7858330000.0,8.89,0.002908
1098368,801231.ZICN,801231,上海申银万国证券研究所有限公司,申万综合Ⅱ,XSHG,2016-06-20,3065.92,3043.96,2985.36,3102.76,3057.22,491230000.0,6569540000.0,-8.7,-0.002838
1098754,801231.ZICN,801231,上海申银万国证券研究所有限公司,申万综合Ⅱ,XSHG,2016-06-21,3057.22,3077.11,3001.39,3143.43,3048.28,687670000.0,10015900000.0,-8.94,-0.002924
1099140,801231.ZICN,801231,上海申银万国证券研究所有限公司,申万综合Ⅱ,XSHG,2016-06-22,3048.28,3031.48,2994.82,3102.5,3083.13,587090000.0,8103550000.0,34.85,0.011433
1099526,801231.ZICN,801231,上海申银万国证券研究所有限公司,申万综合Ⅱ,XSHG,2016-06-23,3083.13,3068.37,3015.12,3119.07,3058.05,496070000.0,7023460000.0,-25.08,-0.008135
1099912,801231.ZICN,801231,上海申银万国证券研究所有限公司,申万综合Ⅱ,XSHG,2016-06-24,3058.05,3049.22,2917.67,3121.13,3036.18,711970000.0,10382700000.0,-21.87,-0.0071519999999999995
1100298,801231.ZICN,801231,上海申银万国证券研究所有限公司,申万综合Ⅱ,XSHG,2016-06-27,3036.18,3005.85,2989.71,3120.9,3101.99,528240000.0,7672050000.0,65.81,0.021675
1100684,801231.ZICN,801231,上海申银万国证券研究所有限公司,申万综合Ⅱ,XSHG,2016-06-28,3101.99,3090.52,3053.2,3171.35,3139.75,598870000.0,8643570000.0,37.76,0.012173
1101070,801231.ZICN,801231,上海申银万国证券研究所有限公司,申万综合Ⅱ,XSHG,2016-06-29,3139.75,3147.29,3104.49,3208.24,3142.47,589780000.0,8739240000.0,2.72,0.000866
1101456,801231.ZICN,801231,上海申银万国证券研究所有限公司,申万综合Ⅱ,XSHG,2016-06-30,3142.47,3144.86,3104.71,3208.31,3168.93,547710000.0,8282210000.0,26.46,0.00842
1101842,801231.ZICN,801231,上海申银万国证券研究所有限公司,申万综合Ⅱ,XSHG,2016-07-01,3168.93,3168.76,3120.88,3214.84,3153.01,460040000.0,6443180000.0,-15.92,-0.005024
1102229,801231.ZICN,801231,上海申银万国证券研究所有限公司,申万综合Ⅱ,XSHG,2016-07-04,3153.01,3135.74,3109.21,3241.32,3203.8,547070000.0,7607690000.0,50.79,0.016108
1102616,801231.ZICN,801231,上海申银万国证券研究所有限公司,申万综合Ⅱ,XSHG,2016-07-05,3203.8,3195.51,3167.03,3267.54,3225.33,562050000.0,7527220000.0,21.53,0.00672
1103003,801231.ZICN,801231,上海申银万国证券研究所有限公司,申万综合Ⅱ,XSHG,2016-07-06,3225.33,3208.91,3172.65,3262.13,3222.35,461330000.0,6467340000.0,-2.98,-0.000924
1103390,801231.ZICN,801231,上海申银万国证券研究所有限公司,申万综合Ⅱ,XSHG,2016-07-07,3222.35,3201.51,3157.22,3268.05,3220.34,610580000.0,8285050000.0,-2.01,-0.000624
1103777,801231.ZICN,801231,上海申银万国证券研究所有限公司,申万综合Ⅱ,XSHG,2016-07-08,3220.34,3206.75,3168.49,3266.06,3213.51,588060000.0,8273610000.0,-6.83,-0.002121
1104164,801231.ZICN,801231,上海申银万国证券研究所有限公司,申万综合Ⅱ,XSHG,2016-07-11,3213.51,3206.64,3157.9,3267.02,3186.89,629390000.0,8570040000.0,-26.62,-0.008284
1104551,801231.ZICN,801231,上海申银万国证券研究所有限公司,申万综合Ⅱ,XSHG,2016-07-12,3186.89,3177.94,3111.49,3232.44,3203.26,626520000.0,9073660000.0,16.37,0.005137
1104938,801231.ZICN,801231,上海申银万国证券研究所有限公司,申万综合Ⅱ,XSHG,2016-07-13,3203.26,3202.76,3174.59,3283.04,3244.75,667130000.0,9940910000.0,41.49,0.012952000000000002
1105325,801231.ZICN,801231,上海申银万国证券研究所有限公司,申万综合Ⅱ,XSHG,2016-07-14,3244.75,3234.62,3198.62,3306.44,3264.42,607150000.0,9135720000.0,19.67,0.006062
1105712,801231.ZICN,801231,上海申银万国证券研究所有限公司,申万综合Ⅱ,XSHG,2016-07-15,3264.42,3268.23,3223.77,3374.31,3314.16,774580000.0,12065400000.0,49.74,0.015237
1106099,801231.ZICN,801231,上海申银万国证券研究所有限公司,申万综合Ⅱ,XSHG,2016-07-18,3314.16,3299.41,3260.15,3409.99,3348.71,825630000.0,13507700000.0,34.55,0.010425
1106486,801231.ZICN,801231,上海申银万国证券研究所有限公司,申万综合Ⅱ,XSHG,2016-07-19,3348.71,3332.18,3286.48,3419.22,3374.64,714630000.0,11749600000.0,25.93,0.007743000000000001
1106873,801231.ZICN,801231,上海申银万国证券研究所有限公司,申万综合Ⅱ,XSHG,2016-07-20,3374.64,3363.92,3322.93,3434.62,3375.11,674550000.0,10460000000.0,0.47,0.000139
1107260,801231.ZICN,801231,上海申银万国证券研究所有限公司,申万综合Ⅱ,XSHG,2016-07-21,3375.11,3362.22,3333.63,3442.97,3383.69,707150000.0,11093900000.0,8.58,0.002542
1107647,801231.ZICN,801231,上海申银万国证券研究所有限公司,申万综合Ⅱ,XSHG,2016-07-22,3383.69,3372.75,3321.84,3471.97,3397.39,813540000.0,12480000000.0,13.7,0.0040490000000000005
1108034,801231.ZICN,801231,上海申银万国证券研究所有限公司,申万综合Ⅱ,XSHG,2016-07-25,3397.39,3386.05,3334.6,3488.87,3396.1,913320000.0,13947200000.0,-1.29,-0.00037999999999999997
1108421,801231.ZICN,801231,上海申银万国证券研究所有限公司,申万综合Ⅱ,XSHG,2016-07-26,3396.1,3390.03,3343.32,3471.61,3405.01,764600000.0,12164500000.0,8.91,0.002624
1108808,801231.ZICN,801231,上海申银万国证券研究所有限公司,申万综合Ⅱ,XSHG,2016-07-27,3405.01,3400.14,3196.17,3454.86,3279.56,1105350000.0,15655000000.0,-125.45,-0.036843
1109195,801231.ZICN,801231,上海申银万国证券研究所有限公司,申万综合Ⅱ,XSHG,2016-07-28,3279.56,3270.31,3186.42,3327.99,3255.39,666560000.0,9889000000.0,-24.17,-0.007370000000000001
1109582,801231.ZICN,801231,上海申银万国证券研究所有限公司,申万综合Ⅱ,XSHG,2016-07-29,3255.39,3257.82,3175.37,3312.23,3214.65,736620000.0,8934200000.0,-40.74,-0.012515
1109969,801231.ZICN,801231,上海申银万国证券研究所有限公司,申万综合Ⅱ,XSHG,2016-08-01,3214.65,3196.98,3064.19,3229.06,3125.28,732050000.0,8302130000.0,-89.37,-0.027801
1110358,801231.ZICN,801231,上海申银万国证券研究所有限公司,申万综合Ⅱ,XSHG,2016-08-02,3125.28,3119.28,3095.61,3213.61,3184.34,634360000.0,7932340000.0,59.06,0.018897999999999998
1110745,801231.ZICN,801231,上海申银万国证券研究所有限公司,申万综合Ⅱ,XSHG,2016-08-03,3184.34,3175.58,3140.41,3255.69,3207.19,667780000.0,8505180000.0,22.85,0.007176
1111132,801231.ZICN,801231,上海申银万国证券研究所有限公司,申万综合Ⅱ,XSHG,2016-08-04,3207.19,3202.9,3168.57,3283.48,3234.78,717010000.0,9348860000.0,27.59,0.008603
1111519,801231.ZICN,801231,上海申银万国证券研究所有限公司,申万综合Ⅱ,XSHG,2016-08-05,3234.78,3234.55,3191.06,3292.97,3231.63,667790000.0,9055610000.0,-3.15,-0.000974
1111906,801231.ZICN,801231,上海申银万国证券研究所有限公司,申万综合Ⅱ,XSHG,2016-08-08,3231.63,3228.98,3181.07,3288.96,3270.82,551770000.0,7157340000.0,39.19,0.012126999999999999
1112293,801231.ZICN,801231,上海申银万国证券研究所有限公司,申万综合Ⅱ,XSHG,2016-08-09,3270.82,3282.11,3249.86,3389.12,3370.02,968850000.0,12467900000.0,99.2,0.030329000000000002
1112680,801231.ZICN,801231,上海申银万国证券研究所有限公司,申万综合Ⅱ,XSHG,2016-08-10,3370.02,3366.32,3322.88,3429.81,3367.48,934770000.0,12417600000.0,-2.54,-0.000754
1113067,801231.ZICN,801231,上海申银万国证券研究所有限公司,申万综合Ⅱ,XSHG,2016-08-11,3367.48,3358.23,3294.31,3423.07,3338.33,838010000.0,10986800000.0,-29.15,-0.008656
1113454,801231.ZICN,801231,上海申银万国证券研究所有限公司,申万综合Ⅱ,XSHG,2016-08-12,3338.33,3328.27,3296.46,3406.21,3379.08,733370000.0,10159200000.0,40.75,0.012206999999999999
1113841,801231.ZICN,801231,上海申银万国证券研究所有限公司,申万综合Ⅱ,XSHG,2016-08-15,3379.08,3408.96,3362.5,3506.23,3458.28,1118550000.0,15025600000.0,79.2,0.023438
1114228,801231.ZICN,801231,上海申银万国证券研究所有限公司,申万综合Ⅱ,XSHG,2016-08-16,3458.28,3461.05,3427.15,3543.0,3480.74,1125240000.0,14836100000.0,22.46,0.006495
1114615,801231.ZICN,801231,上海申银万国证券研究所有限公司,申万综合Ⅱ,XSHG,2016-08-17,3480.74,3485.8,3435.44,3599.95,3551.73,1278490000.0,18408200000.0,70.99,0.020395
1115002,801231.ZICN,801231,上海申银万国证券研究所有限公司,申万综合Ⅱ,XSHG,2016-08-18,3551.73,3560.13,3514.75,3643.55,3570.4,1402140000.0,20142500000.0,18.67,0.005257
1115389,801231.ZICN,801231,上海申银万国证券研究所有限公司,申万综合Ⅱ,XSHG,2016-08-19,3570.4,3556.57,3512.96,3680.83,3625.29,1364310000.0,18860400000.0,54.89,0.015374
1115776,801231.ZICN,801231,上海申银万国证券研究所有限公司,申万综合Ⅱ,XSHG,2016-08-22,3625.29,3611.16,3529.12,3666.21,3567.75,1239460000.0,16350100000.0,-57.54,-0.015872
1116163,801231.ZICN,801231,上海申银万国证券研究所有限公司,申万综合Ⅱ,XSHG,2016-08-23,3567.75,3533.46,3462.9,3594.08,3532.75,982110000.0,13981200000.0,-35.0,-0.00981
1116550,801231.ZICN,801231,上海申银万国证券研究所有限公司,申万综合Ⅱ,XSHG,2016-08-24,3532.75,3529.94,3486.36,3588.31,3535.38,790510000.0,11182300000.0,2.63,0.0007440000000000001
1116937,801231.ZICN,801231,上海申银万国证券研究所有限公司,申万综合Ⅱ,XSHG,2016-08-25,3535.38,3505.73,3413.81,3541.95,3487.74,751010000.0,10690100000.0,-47.64,-0.013475
1117324,801231.ZICN,801231,上海申银万国证券研究所有限公司,申万综合Ⅱ,XSHG,2016-08-26,3487.74,3497.51,3444.24,3597.28,3512.13,882370000.0,12885700000.0,24.39,0.006993000000000001
1117711,801231.ZICN,801231,上海申银万国证券研究所有限公司,申万综合Ⅱ,XSHG,2016-08-29,3512.13,3491.95,3452.75,3579.03,3540.55,784780000.0,11552500000.0,28.42,0.008092
1118098,801231.ZICN,801231,上海申银万国证券研究所有限公司,申万综合Ⅱ,XSHG,2016-08-30,3540.55,3533.57,3483.71,3589.1,3530.72,705180000.0,10432800000.0,-9.83,-0.0027760000000000003
1118485,801231.ZICN,801231,上海申银万国证券研究所有限公司,申万综合Ⅱ,XSHG,2016-08-31,3530.72,3520.78,3472.86,3582.37,3545.56,904670000.0,14870400000.0,14.84,0.004203
1118872,801231.ZICN,801231,上海申银万国证券研究所有限公司,申万综合Ⅱ,XSHG,2016-09-01,3545.56,3534.87,3481.67,3629.37,3530.38,1191730000.0,16744100000.0,-15.18,-0.004281
1119259,801231.ZICN,801231,上海申银万国证券研究所有限公司,申万综合Ⅱ,XSHG,2016-09-02,3530.38,3516.43,3472.91,3597.23,3531.18,1007110000.0,13559900000.0,0.8,0.000227
1119646,801231.ZICN,801231,上海申银万国证券研究所有限公司,申万综合Ⅱ,XSHG,2016-09-05,3531.18,3534.54,3487.2,3596.89,3532.14,926890000.0,11794400000.0,0.96,0.000272
1120033,801231.ZICN,801231,上海申银万国证券研究所有限公司,申万综合Ⅱ,XSHG,2016-09-06,3532.14,3532.0,3480.77,3623.33,3596.23,1134120000.0,13848900000.0,64.09,0.018144999999999998
1120420,801231.ZICN,801231,上海申银万国证券研究所有限公司,申万综合Ⅱ,XSHG,2016-09-07,3596.23,3600.69,3559.06,3666.86,3598.93,1024600000.0,13128600000.0,2.7,0.0007509999999999999
1120807,801231.ZICN,801231,上海申银万国证券研究所有限公司,申万综合Ⅱ,XSHG,2016-09-08,3598.93,3594.29,3548.07,3658.1,3613.58,870240000.0,11944400000.0,14.65,0.004071
1121194,801231.ZICN,801231,上海申银万国证券研究所有限公司,申万综合Ⅱ,XSHG,2016-09-09,3613.58,3609.48,3553.29,3659.51,3578.75,801600000.0,10465600000.0,-34.83,-0.009639
1121581,801231.ZICN,801231,上海申银万国证券研究所有限公司,申万综合Ⅱ,XSHG,2016-09-12,3578.75,3501.71,3414.74,3559.95,3455.78,879300000.0,10930600000.0,-122.97,-0.034361
1121968,801231.ZICN,801231,上海申银万国证券研究所有限公司,申万综合Ⅱ,XSHG,2016-09-13,3455.78,3473.34,3426.97,3547.25,3502.64,773500000.0,9550010000.0,46.86,0.01356
1122355,801231.ZICN,801231,上海申银万国证券研究所有限公司,申万综合Ⅱ,XSHG,2016-09-14,3502.64,3473.42,3424.99,3554.0,3484.01,770980000.0,9595160000.0,-18.63,-0.005319
1122742,801231.ZICN,801231,上海申银万国证券研究所有限公司,申万综合Ⅱ,XSHG,2016-09-19,3484.01,3494.3,3466.07,3554.57,3520.0,554720000.0,7195350000.0,35.99,0.010329999999999999
1123129,801231.ZICN,801231,上海申银万国证券研究所有限公司,申万综合Ⅱ,XSHG,2016-09-20,3520.0,3523.36,3471.73,3576.62,3511.93,608020000.0,8282410000.0,-8.07,-0.002293
1123516,801231.ZICN,801231,上海申银万国证券研究所有限公司,申万综合Ⅱ,XSHG,2016-09-21,3511.93,3509.69,3472.2,3559.14,3513.2,537260000.0,7344070000.0,1.27,0.000362
1123903,801231.ZICN,801231,上海申银万国证券研究所有限公司,申万综合Ⅱ,XSHG,2016-09-22,3513.2,3534.67,3499.61,3594.65,3547.96,686540000.0,9956010000.0,34.76,0.009894
1124290,801231.ZICN,801231,上海申银万国证券研究所有限公司,申万综合Ⅱ,XSHG,2016-09-23,3547.96,3551.73,3482.72,3585.36,3511.45,641790000.0,8791980000.0,-36.51,-0.01029
1124677,801231.ZICN,801231,上海申银万国证券研究所有限公司,申万综合Ⅱ,XSHG,2016-09-26,3511.45,3510.36,3389.36,3534.74,3416.78,690660000.0,8953450000.0,-94.67,-0.02696
1125064,801231.ZICN,801231,上海申银万国证券研究所有限公司,申万综合Ⅱ,XSHG,2016-09-27,3416.78,3413.99,3372.69,3490.97,3466.56,583000000.0,7737680000.0,49.78,0.014569
1125451,801231.ZICN,801231,上海申银万国证券研究所有限公司,申万综合Ⅱ,XSHG,2016-09-28,3466.56,3464.06,3405.01,3510.57,3450.62,633260000.0,9048500000.0,-15.94,-0.004598
1125838,801231.ZICN,801231,上海申银万国证券研究所有限公司,申万综合Ⅱ,XSHG,2016-09-29,3450.62,3447.83,3411.64,3513.9,3456.65,608490000.0,8396430000.0,6.03,0.001748
1126225,801231.ZICN,801231,上海申银万国证券研究所有限公司,申万综合Ⅱ,XSHG,2016-09-30,3456.65,3450.05,3426.94,3516.24,3475.1,556010000.0,7874510000.0,18.45,0.005338
1126614,801231.ZICN,801231,上海申银万国证券研究所有限公司,申万综合Ⅱ,XSHG,2016-10-10,3475.1,3496.81,3458.77,3578.15,3554.76,713690000.0,9838240000.0,79.66,0.022923
1127001,801231.ZICN,801231,上海申银万国证券研究所有限公司,申万综合Ⅱ,XSHG,2016-10-11,3554.76,3544.03,3513.9,3620.72,3583.45,723350000.0,9882240000.0,28.69,0.008071
1127388,801231.ZICN,801231,上海申银万国证券研究所有限公司,申万综合Ⅱ,XSHG,2016-10-12,3583.45,3557.97,3522.8,3660.93,3615.33,858740000.0,11384100000.0,31.88,0.008896
1127775,801231.ZICN,801231,上海申银万国证券研究所有限公司,申万综合Ⅱ,XSHG,2016-10-13,3615.33,3602.0,3564.75,3660.72,3610.07,724500000.0,9775470000.0,-5.26,-0.0014550000000000001
1128162,801231.ZICN,801231,上海申银万国证券研究所有限公司,申万综合Ⅱ,XSHG,2016-10-14,3610.07,3614.12,3567.65,3669.35,3617.3,782100000.0,10739100000.0,7.23,0.002003
1128549,801231.ZICN,801231,上海申银万国证券研究所有限公司,申万综合Ⅱ,XSHG,2016-10-17,3617.3,3626.71,3551.46,3689.92,3588.44,758030000.0,10174800000.0,-28.86,-0.007978
1128936,801231.ZICN,801231,上海申银万国证券研究所有限公司,申万综合Ⅱ,XSHG,2016-10-18,3588.44,3575.24,3549.6,3657.58,3636.03,709410000.0,9966720000.0,47.59,0.013262000000000001
1129323,801231.ZICN,801231,上海申银万国证券研究所有限公司,申万综合Ⅱ,XSHG,2016-10-19,3636.03,3638.54,3603.82,3714.78,3656.86,888570000.0,12895200000.0,20.83,0.005729
1129710,801231.ZICN,801231,上海申银万国证券研究所有限公司,申万综合Ⅱ,XSHG,2016-10-20,3656.86,3652.28,3608.07,3713.46,3656.8,750200000.0,11908400000.0,-0.06,-1.6e-05
1130097,801231.ZICN,801231,上海申银万国证券研究所有限公司,申万综合Ⅱ,XSHG,2016-10-21,3656.8,3652.78,3577.3,3692.3,3622.46,704560000.0,11097500000.0,-34.34,-0.009391
1130484,801231.ZICN,801231,上海申银万国证券研究所有限公司,申万综合Ⅱ,XSHG,2016-10-24,3622.46,3623.72,3596.14,3674.71,3645.09,602970000.0,8697830000.0,22.63,0.006247
1130871,801231.ZICN,801231,上海申银万国证券研究所有限公司,申万综合Ⅱ,XSHG,2016-10-25,3645.09,3649.37,3617.92,3710.9,3665.52,726290000.0,10558900000.0,20.43,0.005605
1131258,801231.ZICN,801231,上海申银万国证券研究所有限公司,申万综合Ⅱ,XSHG,2016-10-26,3665.52,3659.78,3611.17,3716.83,3665.41,832360000.0,12595400000.0,-0.11,-2.9999999999999997e-05
1131645,801231.ZICN,801231,上海申银万国证券研究所有限公司,申万综合Ⅱ,XSHG,2016-10-27,3665.41,3658.96,3604.19,3707.55,3653.39,673110000.0,9676090000.0,-12.02,-0.003279
1132032,801231.ZICN,801231,上海申银万国证券研究所有限公司,申万综合Ⅱ,XSHG,2016-10-28,3653.39,3637.7,3588.05,3699.02,3633.18,725910000.0,12053200000.0,-20.21,-0.0055320000000000005
1132419,801231.ZICN,801231,上海申银万国证券研究所有限公司,申万综合Ⅱ,XSHG,2016-10-31,3633.18,3617.84,3544.54,3666.91,3611.38,591260000.0,8564870000.0,-21.8,-0.006
1132806,801231.ZICN,801231,上海申银万国证券研究所有限公司,申万综合Ⅱ,XSHG,2016-11-01,3611.38,3626.94,3602.67,3700.05,3675.02,626240000.0,9181450000.0,63.64,0.017622
1133193,801231.ZICN,801231,上海申银万国证券研究所有限公司,申万综合Ⅱ,XSHG,2016-11-02,3675.02,3687.82,3642.43,3742.05,3685.44,731920000.0,11080700000.0,10.42,0.0028350000000000003
1133580,801231.ZICN,801231,上海申银万国证券研究所有限公司,申万综合Ⅱ,XSHG,2016-11-03,3685.44,3686.94,3649.71,3776.32,3708.87,986880000.0,18011200000.0,23.43,0.006357
1133967,801231.ZICN,801231,上海申银万国证券研究所有限公司,申万综合Ⅱ,XSHG,2016-11-04,3708.87,3694.85,3631.52,3740.92,3664.65,694910000.0,10631700000.0,-44.22,-0.011923
1134354,801231.ZICN,801231,上海申银万国证券研究所有限公司,申万综合Ⅱ,XSHG,2016-11-07,3664.65,3657.75,3594.66,3693.85,3636.08,675330000.0,12019500000.0,-28.57,-0.007795999999999999
1134743,801231.ZICN,801231,上海申银万国证券研究所有限公司,申万综合Ⅱ,XSHG,2016-11-08,3636.08,3640.28,3615.02,3700.76,3655.19,675580000.0,11329800000.0,19.11,0.005256
1135132,801231.ZICN,801231,上海申银万国证券研究所有限公司,申万综合Ⅱ,XSHG,2016-11-09,3655.19,3657.04,3560.01,3696.68,3625.86,847100000.0,13820600000.0,-29.33,-0.008024
1135521,801231.ZICN,801231,上海申银万国证券研究所有限公司,申万综合Ⅱ,XSHG,2016-11-10,3625.86,3652.14,3616.05,3703.17,3664.28,747050000.0,12162900000.0,38.42,0.010596
1135908,801231.ZICN,801231,上海申银万国证券研究所有限公司,申万综合Ⅱ,XSHG,2016-11-11,3664.28,3661.2,3624.08,3735.32,3685.05,887360000.0,13919400000.0,20.77,0.005668
1136295,801231.ZICN,801231,上海申银万国证券研究所有限公司,申万综合Ⅱ,XSHG,2016-11-14,3685.05,3669.06,3631.66,3732.49,3683.05,772240000.0,11039300000.0,-2.0,-0.000543
1136682,801231.ZICN,801231,上海申银万国证券研究所有限公司,申万综合Ⅱ,XSHG,2016-11-15,3683.05,3681.55,3647.59,3748.62,3716.46,709320000.0,10250200000.0,33.41,0.009071
1137069,801231.ZICN,801231,上海申银万国证券研究所有限公司,申万综合Ⅱ,XSHG,2016-11-16,3716.46,3718.99,3679.18,3786.83,3733.02,856430000.0,12409400000.0,16.56,0.004456
1137456,801231.ZICN,801231,上海申银万国证券研究所有限公司,申万综合Ⅱ,XSHG,2016-11-17,3733.02,3731.93,3674.45,3773.21,3714.43,631900000.0,9616300000.0,-18.59,-0.00498
1137843,801231.ZICN,801231,上海申银万国证券研究所有限公司,申万综合Ⅱ,XSHG,2016-11-18,3714.43,3717.09,3665.13,3774.21,3704.06,650920000.0,9440050000.0,-10.37,-0.002792
1138230,801231.ZICN,801231,上海申银万国证券研究所有限公司,申万综合Ⅱ,XSHG,2016-11-21,3704.06,3697.63,3660.35,3748.99,3705.13,544840000.0,8280970000.0,1.07,0.00028900000000000003
1138619,801231.ZICN,801231,上海申银万国证券研究所有限公司,申万综合Ⅱ,XSHG,2016-11-22,3705.13,3705.85,3678.76,3757.83,3726.54,566220000.0,7790150000.0,21.41,0.005778
1139006,801231.ZICN,801231,上海申银万国证券研究所有限公司,申万综合Ⅱ,XSHG,2016-11-23,3726.54,3727.01,3679.0,3768.42,3704.57,572690000.0,8156250000.0,-21.97,-0.005896
1139393,801231.ZICN,801231,上海申银万国证券研究所有限公司,申万综合Ⅱ,XSHG,2016-11-24,3704.57,3700.39,3638.37,3748.42,3686.92,696150000.0,9313280000.0,-17.65,-0.004764
1139780,801231.ZICN,801231,上海申银万国证券研究所有限公司,申万综合Ⅱ,XSHG,2016-11-25,3686.92,3678.43,3599.32,3726.01,3690.84,571650000.0,7693560000.0,3.92,0.0010630000000000001
1140167,801231.ZICN,801231,上海申银万国证券研究所有限公司,申万综合Ⅱ,XSHG,2016-11-28,3690.84,3694.32,3660.39,3741.76,3687.64,525240000.0,6965220000.0,-3.2,-0.000867
1140554,801231.ZICN,801231,上海申银万国证券研究所有限公司,申万综合Ⅱ,XSHG,2016-11-29,3687.64,3676.85,3617.04,3713.54,3631.82,559080000.0,8479810000.0,-55.82,-0.015137000000000001
1140941,801231.ZICN,801231,上海申银万国证券研究所有限公司,申万综合Ⅱ,XSHG,2016-11-30,3631.82,3625.01,3567.18,3660.43,3597.61,441510000.0,6397640000.0,-34.21,-0.00942
1141328,801231.ZICN,801231,上海申银万国证券研究所有限公司,申万综合Ⅱ,XSHG,2016-12-01,3597.61,3599.72,3574.88,3660.09,3623.01,400320000.0,5972980000.0,25.4,0.0070599999999999994
1141715,801231.ZICN,801231,上海申银万国证券研究所有限公司,申万综合Ⅱ,XSHG,2016-12-02,3623.01,3629.82,3548.77,3660.73,3570.73,437280000.0,6954740000.0,-52.28,-0.014430000000000002
1142102,801231.ZICN,801231,上海申银万国证券研究所有限公司,申万综合Ⅱ,XSHG,2016-12-05,3570.73,3536.28,3496.99,3605.99,3553.13,438500000.0,6550380000.0,-17.6,-0.004929
1142489,801231.ZICN,801231,上海申银万国证券研究所有限公司,申万综合Ⅱ,XSHG,2016-12-06,3553.13,3569.82,3532.58,3644.82,3588.1,545150000.0,8113460000.0,34.97,0.009842
1142876,801231.ZICN,801231,上海申银万国证券研究所有限公司,申万综合Ⅱ,XSHG,2016-12-07,3588.1,3588.83,3556.43,3650.77,3622.94,523260000.0,8091020000.0,34.84,0.00971
1143263,801231.ZICN,801231,上海申银万国证券研究所有限公司,申万综合Ⅱ,XSHG,2016-12-08,3622.94,3622.73,3585.1,3687.66,3625.46,509470000.0,8112070000.0,2.52,0.000696
1143650,801231.ZICN,801231,上海申银万国证券研究所有限公司,申万综合Ⅱ,XSHG,2016-12-09,3625.46,3624.15,3575.43,3666.6,3604.21,460770000.0,6982170000.0,-21.25,-0.005861
1144037,801231.ZICN,801231,上海申银万国证券研究所有限公司,申万综合Ⅱ,XSHG,2016-12-12,3604.21,3599.26,3423.6,3629.77,3446.72,598010000.0,7963800000.0,-157.49,-0.043696
1144424,801231.ZICN,801231,上海申银万国证券研究所有限公司,申万综合Ⅱ,XSHG,2016-12-13,3446.72,3442.77,3383.22,3519.85,3475.55,435040000.0,6559800000.0,28.83,0.008364
1144811,801231.ZICN,801231,上海申银万国证券研究所有限公司,申万综合Ⅱ,XSHG,2016-12-14,3475.55,3478.33,3412.45,3522.58,3446.21,467470000.0,7190630000.0,-29.34,-0.008442
1145198,801231.ZICN,801231,上海申银万国证券研究所有限公司,申万综合Ⅱ,XSHG,2016-12-15,3446.21,3440.07,3407.12,3549.38,3503.24,486590000.0,7522120000.0,57.03,0.016549
1145587,801231.ZICN,801231,上海申银万国证券研究所有限公司,申万综合Ⅱ,XSHG,2016-12-16,3503.24,3523.87,3482.8,3617.75,3562.01,567730000.0,10113200000.0,58.77,0.016776
1145974,801231.ZICN,801231,上海申银万国证券研究所有限公司,申万综合Ⅱ,XSHG,2016-12-19,3562.01,3564.01,3514.54,3641.03,3577.12,564080000.0,8941880000.0,15.11,0.004242
1146361,801231.ZICN,801231,上海申银万国证券研究所有限公司,申万综合Ⅱ,XSHG,2016-12-20,3577.12,3572.25,3515.89,3622.17,3565.12,468970000.0,7030570000.0,-12.0,-0.003355
1146748,801231.ZICN,801231,上海申银万国证券研究所有限公司,申万综合Ⅱ,XSHG,2016-12-21,3565.12,3568.74,3533.35,3641.42,3588.7,516890000.0,7556070000.0,23.58,0.006614
1147135,801231.ZICN,801231,上海申银万国证券研究所有限公司,申万综合Ⅱ,XSHG,2016-12-22,3588.7,3576.64,3529.26,3628.3,3575.21,491900000.0,6878170000.0,-13.49,-0.003759
1147522,801231.ZICN,801231,上海申银万国证券研究所有限公司,申万综合Ⅱ,XSHG,2016-12-23,3575.21,3578.34,3485.92,3610.91,3514.8,512480000.0,8087290000.0,-60.41,-0.016897
1147909,801231.ZICN,801231,上海申银万国证券研究所有限公司,申万综合Ⅱ,XSHG,2016-12-26,3514.8,3515.97,3445.81,3575.02,3534.29,437150000.0,5789480000.0,19.49,0.0055450000000000004
1148298,801231.ZICN,801231,上海申银万国证券研究所有限公司,申万综合Ⅱ,XSHG,2016-12-27,3534.29,3539.06,3499.66,3592.18,3541.15,473810000.0,7470870000.0,6.86,0.001941
1148685,801231.ZICN,801231,上海申银万国证券研究所有限公司,申万综合Ⅱ,XSHG,2016-12-28,3541.15,3539.06,3489.95,3595.48,3535.07,474960000.0,7144880000.0,-6.08,-0.0017170000000000002
1149072,801231.ZICN,801231,上海申银万国证券研究所有限公司,申万综合Ⅱ,XSHG,2016-12-29,3535.07,3530.13,3490.01,3573.13,3522.96,401290000.0,6183110000.0,-12.11,-0.003426
1149459,801231.ZICN,801231,上海申银万国证券研究所有限公司,申万综合Ⅱ,XSHG,2016-12-30,3522.96,3528.88,3487.65,3580.66,3522.95,432480000.0,6582220000.0,-0.01,-3e-06
1149846,801231.ZICN,801231,上海申银万国证券研究所有限公司,申万综合Ⅱ,XSHG,2017-01-03,3522.95,3527.77,3502.61,3590.28,3552.35,408380000.0,5962120000.0,29.4,0.008345
1150233,801231.ZICN,801231,上海申银万国证券研究所有限公司,申万综合Ⅱ,XSHG,2017-01-04,3552.35,3544.36,3516.31,3606.49,3578.73,582000000.0,8323700000.0,26.38,0.007426
1150620,801231.ZICN,801231,上海申银万国证券研究所有限公司,申万综合Ⅱ,XSHG,2017-01-05,3578.73,3575.13,3537.69,3624.93,3564.9,502590000.0,7383890000.0,-13.83,-0.0038640000000000002
1151009,801231.ZICN,801231,上海申银万国证券研究所有限公司,申万综合Ⅱ,XSHG,2017-01-06,3564.9,3561.22,3500.16,3601.93,3533.46,521110000.0,7083130000.0,-31.44,-0.008819
1151396,801231.ZICN,801231,上海申银万国证券研究所有限公司,申万综合Ⅱ,XSHG,2017-01-09,3533.46,3527.1,3500.7,3604.41,3560.33,458700000.0,6158970000.0,26.87,0.0076040000000000005
1151783,801231.ZICN,801231,上海申银万国证券研究所有限公司,申万综合Ⅱ,XSHG,2017-01-10,3560.33,3555.82,3517.33,3597.37,3544.51,437920000.0,6049320000.0,-15.82,-0.004443
1152170,801231.ZICN,801231,上海申银万国证券研究所有限公司,申万综合Ⅱ,XSHG,2017-01-11,3544.51,3542.7,3478.26,3577.36,3499.0,416590000.0,5806330000.0,-45.51,-0.01284
1152557,801231.ZICN,801231,上海申银万国证券研究所有限公司,申万综合Ⅱ,XSHG,2017-01-12,3499.0,3495.67,3445.09,3546.62,3478.44,434860000.0,5819800000.0,-20.56,-0.005876
1152944,801231.ZICN,801231,上海申银万国证券研究所有限公司,申万综合Ⅱ,XSHG,2017-01-13,3478.44,3475.24,3387.54,3510.63,3417.8,424050000.0,5478520000.0,-60.64,-0.017433
1153331,801231.ZICN,801231,上海申银万国证券研究所有限公司,申万综合Ⅱ,XSHG,2017-01-16,3417.8,3404.52,3173.19,3441.53,3288.47,634830000.0,7816650000.0,-129.33,-0.03784
1153718,801231.ZICN,801231,上海申银万国证券研究所有限公司,申万综合Ⅱ,XSHG,2017-01-17,3288.47,3272.88,3201.3,3334.18,3302.45,424730000.0,5391000000.0,13.98,0.004251
1154105,801231.ZICN,801231,上海申银万国证券研究所有限公司,申万综合Ⅱ,XSHG,2017-01-18,3302.45,3293.72,3263.3,3353.86,3299.81,346640000.0,4763540000.0,-2.64,-0.000799
1154492,801231.ZICN,801231,上海申银万国证券研究所有限公司,申万综合Ⅱ,XSHG,2017-01-19,3299.81,3291.9,3248.8,3344.35,3283.13,374880000.0,5212160000.0,-16.68,-0.005055
1154879,801231.ZICN,801231,上海申银万国证券研究所有限公司,申万综合Ⅱ,XSHG,2017-01-20,3283.13,3285.05,3261.99,3362.23,3321.95,386490000.0,5193480000.0,38.82,0.011824
1155266,801231.ZICN,801231,上海申银万国证券研究所有限公司,申万综合Ⅱ,XSHG,2017-01-23,3321.95,3326.48,3299.29,3390.43,3342.72,388770000.0,5276480000.0,20.77,0.006252000000000001
1155651,801231.ZICN,801231,上海申银万国证券研究所有限公司,申万综合Ⅱ,XSHG,2017-01-24,3342.72,3343.52,3300.12,3388.61,3338.42,318770000.0,4503400000.0,-4.3,-0.001286
1156034,801231.ZICN,801231,上海申银万国证券研究所有限公司,申万综合Ⅱ,XSHG,2017-01-25,3338.42,3340.48,3307.7,3386.94,3344.89,329490000.0,4355190000.0,6.47,0.0019379999999999998
1156417,801231.ZICN,801231,上海申银万国证券研究所有限公司,申万综合Ⅱ,XSHG,2017-01-26,3344.89,3350.32,3326.82,3383.6,3352.85,255880000.0,3185170000.0,7.96,0.00238
1156800,801231.ZICN,801231,上海申银万国证券研究所有限公司,申万综合Ⅱ,XSHG,2017-02-03,3352.85,3361.45,3319.94,3393.63,3351.36,251060000.0,3219660000.0,-1.49,-0.00044400000000000006
1157183,801231.ZICN,801231,上海申银万国证券研究所有限公司,申万综合Ⅱ,XSHG,2017-02-06,3351.36,3358.23,3332.91,3412.71,3388.77,320860000.0,4259800000.0,37.41,0.011163
1157566,801231.ZICN,801231,上海申银万国证券研究所有限公司,申万综合Ⅱ,XSHG,2017-02-07,3388.77,3385.98,3354.12,3435.77,3395.71,362070000.0,5206940000.0,6.94,0.002048
1157949,801231.ZICN,801231,上海申银万国证券研究所有限公司,申万综合Ⅱ,XSHG,2017-02-08,3395.71,3385.98,3352.78,3420.73,3403.37,315550000.0,4311800000.0,7.66,0.0022559999999999998
1158332,801231.ZICN,801231,上海申银万国证券研究所有限公司,申万综合Ⅱ,XSHG,2017-02-09,3403.37,3400.39,3378.91,3455.61,3417.52,380820000.0,4896790000.0,14.15,0.004158
1158715,801231.ZICN,801231,上海申银万国证券研究所有限公司,申万综合Ⅱ,XSHG,2017-02-10,3417.52,3420.67,3386.75,3459.7,3404.94,399930000.0,4905020000.0,-12.58,-0.0036810000000000002
1159098,801231.ZICN,801231,上海申银万国证券研究所有限公司,申万综合Ⅱ,XSHG,2017-02-13,3404.94,3405.03,3372.76,3454.94,3423.57,367450000.0,4938810000.0,18.63,0.005471
1159481,801231.ZICN,801231,上海申银万国证券研究所有限公司,申万综合Ⅱ,XSHG,2017-02-14,3423.57,3427.53,3389.43,3478.12,3428.92,395270000.0,5427090000.0,5.35,0.0015630000000000002
1159864,801231.ZICN,801231,上海申银万国证券研究所有限公司,申万综合Ⅱ,XSHG,2017-02-15,3428.92,3425.47,3380.57,3476.1,3411.32,468040000.0,6357820000.0,-17.6,-0.0051329999999999995
1160247,801231.ZICN,801231,上海申银万国证券研究所有限公司,申万综合Ⅱ,XSHG,2017-02-16,3411.32,3411.35,3389.26,3458.42,3429.11,373280000.0,4980050000.0,17.79,0.005215
1160630,801231.ZICN,801231,上海申银万国证券研究所有限公司,申万综合Ⅱ,XSHG,2017-02-17,3429.11,3428.18,3364.21,3485.39,3418.22,538100000.0,6373890000.0,-10.89,-0.003176
1161013,801231.ZICN,801231,上海申银万国证券研究所有限公司,申万综合Ⅱ,XSHG,2017-02-20,3418.22,3424.15,3385.79,3495.0,3458.38,613440000.0,7054810000.0,40.16,0.011748999999999999
1161396,801231.ZICN,801231,上海申银万国证券研究所有限公司,申万综合Ⅱ,XSHG,2017-02-21,3458.38,3457.09,3433.16,3502.65,3473.28,454480000.0,5423930000.0,14.9,0.004308
1161779,801231.ZICN,801231,上海申银万国证券研究所有限公司,申万综合Ⅱ,XSHG,2017-02-22,3473.28,3474.49,3436.62,3513.15,3480.71,458710000.0,5595090000.0,7.43,0.002139
1162162,801231.ZICN,801231,上海申银万国证券研究所有限公司,申万综合Ⅱ,XSHG,2017-02-23,3480.71,3482.12,3439.32,3534.15,3486.41,605550000.0,6988360000.0,5.7,0.001638
1162545,801231.ZICN,801231,上海申银万国证券研究所有限公司,申万综合Ⅱ,XSHG,2017-02-24,3486.41,3484.19,3449.03,3525.52,3492.88,439630000.0,5395010000.0,6.47,0.0018559999999999998
1162928,801231.ZICN,801231,上海申银万国证券研究所有限公司,申万综合Ⅱ,XSHG,2017-02-27,3492.88,3517.53,3446.21,3557.76,3463.38,514170000.0,6289400000.0,-29.5,-0.008445999999999999
1163311,801231.ZICN,801231,上海申银万国证券研究所有限公司,申万综合Ⅱ,XSHG,2017-02-28,3463.38,3467.97,3431.47,3554.54,3516.85,631690000.0,7285030000.0,53.47,0.015438999999999998
1163694,801231.ZICN,801231,上海申银万国证券研究所有限公司,申万综合Ⅱ,XSHG,2017-03-01,3516.85,3520.2,3497.09,3628.33,3573.83,913230000.0,11703600000.0,56.98,0.016202
1164077,801231.ZICN,801231,上海申银万国证券研究所有限公司,申万综合Ⅱ,XSHG,2017-03-02,3573.83,3576.41,3528.0,3624.11,3558.69,675280000.0,9058570000.0,-15.14,-0.004236
1164460,801231.ZICN,801231,上海申银万国证券研究所有限公司,申万综合Ⅱ,XSHG,2017-03-03,3558.69,3549.68,3508.36,3600.94,3551.24,544010000.0,7062530000.0,-7.45,-0.002093
1164843,801231.ZICN,801231,上海申银万国证券研究所有限公司,申万综合Ⅱ,XSHG,2017-03-06,3551.24,3555.26,3533.51,3618.97,3581.15,462100000.0,6343500000.0,29.91,0.008422
1165226,801231.ZICN,801231,上海申银万国证券研究所有限公司,申万综合Ⅱ,XSHG,2017-03-07,3581.15,3593.16,3551.24,3637.31,3588.32,537750000.0,6900040000.0,7.17,0.002002
1165609,801231.ZICN,801231,上海申银万国证券研究所有限公司,申万综合Ⅱ,XSHG,2017-03-08,3588.32,3587.7,3536.41,3616.07,3564.38,502280000.0,6528150000.0,-23.94,-0.006672
1165992,801231.ZICN,801231,上海申银万国证券研究所有限公司,申万综合Ⅱ,XSHG,2017-03-09,3564.38,3562.7,3518.87,3605.75,3551.11,511100000.0,6574730000.0,-13.27,-0.0037229999999999997
1166375,801231.ZICN,801231,上海申银万国证券研究所有限公司,申万综合Ⅱ,XSHG,2017-03-10,3551.11,3547.58,3505.69,3589.69,3538.58,504560000.0,6658430000.0,-12.53,-0.0035280000000000003
1166758,801231.ZICN,801231,上海申银万国证券研究所有限公司,申万综合Ⅱ,XSHG,2017-03-13,3538.58,3530.32,3493.17,3620.69,3580.54,619000000.0,8288620000.0,41.96,0.011858
1167141,801231.ZICN,801231,上海申银万国证券研究所有限公司,申万综合Ⅱ,XSHG,2017-03-14,3580.54,3577.0,3534.89,3620.83,3562.31,569900000.0,7680200000.0,-18.23,-0.005091
1167526,801231.ZICN,801231,上海申银万国证券研究所有限公司,申万综合Ⅱ,XSHG,2017-03-15,3562.31,3558.93,3510.37,3608.51,3554.07,515610000.0,6935090000.0,-8.24,-0.002313
1167909,801231.ZICN,801231,上海申银万国证券研究所有限公司,申万综合Ⅱ,XSHG,2017-03-16,3554.07,3554.73,3537.67,3652.27,3608.02,711180000.0,9655690000.0,53.95,0.01518
1168292,801231.ZICN,801231,上海申银万国证券研究所有限公司,申万综合Ⅱ,XSHG,2017-03-17,3608.02,3605.81,3555.26,3654.02,3577.8,551620000.0,7653820000.0,-30.22,-0.008376
1168675,801231.ZICN,801231,上海申银万国证券研究所有限公司,申万综合Ⅱ,XSHG,2017-03-20,3577.8,3571.73,3522.66,3614.89,3576.39,463630000.0,6308330000.0,-1.41,-0.000394
1169058,801231.ZICN,801231,上海申银万国证券研究所有限公司,申万综合Ⅱ,XSHG,2017-03-21,3576.39,3577.49,3544.67,3625.66,3590.54,407580000.0,5695970000.0,14.15,0.0039570000000000004
1169441,801231.ZICN,801231,上海申银万国证券研究所有限公司,申万综合Ⅱ,XSHG,2017-03-22,3590.54,3574.65,3523.98,3628.28,3574.16,524280000.0,7118760000.0,-16.38,-0.004562
1169824,801231.ZICN,801231,上海申银万国证券研究所有限公司,申万综合Ⅱ,XSHG,2017-03-23,3574.16,3572.32,3516.68,3627.65,3566.38,622160000.0,8361820000.0,-7.78,-0.002177
1170207,801231.ZICN,801231,上海申银万国证券研究所有限公司,申万综合Ⅱ,XSHG,2017-03-24,3566.38,3586.2,3528.13,3621.0,3565.84,598290000.0,8147450000.0,-0.54,-0.000151
1170590,801231.ZICN,801231,上海申银万国证券研究所有限公司,申万综合Ⅱ,XSHG,2017-03-27,3565.84,3561.6,3514.31,3612.37,3566.89,480390000.0,6617330000.0,1.05,0.000294
1170973,801231.ZICN,801231,上海申银万国证券研究所有限公司,申万综合Ⅱ,XSHG,2017-03-28,3566.89,3566.88,3500.86,3618.4,3529.23,711800000.0,9179910000.0,-37.66,-0.010558
1171356,801231.ZICN,801231,上海申银万国证券研究所有限公司,申万综合Ⅱ,XSHG,2017-03-29,3529.23,3522.86,3447.52,3550.74,3473.45,610510000.0,7688380000.0,-55.78,-0.015805
1171739,801231.ZICN,801231,上海申银万国证券研究所有限公司,申万综合Ⅱ,XSHG,2017-03-30,3473.45,3470.38,3351.69,3505.09,3388.99,636170000.0,8003810000.0,-84.46,-0.024316
1172122,801231.ZICN,801231,上海申银万国证券研究所有限公司,申万综合Ⅱ,XSHG,2017-03-31,3388.99,3394.19,3359.57,3448.76,3405.61,424930000.0,5646060000.0,16.62,0.0049039999999999995
1172505,801231.ZICN,801231,上海申银万国证券研究所有限公司,申万综合Ⅱ,XSHG,2017-04-05,3405.61,3431.1,3408.22,3531.83,3483.98,549640000.0,7082480000.0,78.37,0.023012
1172888,801231.ZICN,801231,上海申银万国证券研究所有限公司,申万综合Ⅱ,XSHG,2017-04-06,3483.98,3491.01,3451.82,3526.21,3482.62,423310000.0,5357090000.0,-1.36,-0.00039
1173271,801231.ZICN,801231,上海申银万国证券研究所有限公司,申万综合Ⅱ,XSHG,2017-04-07,3482.62,3495.72,3454.79,3539.73,3490.66,467300000.0,6299390000.0,8.04,0.002309
1173654,801231.ZICN,801231,上海申银万国证券研究所有限公司,申万综合Ⅱ,XSHG,2017-04-10,3490.66,3483.19,3414.4,3547.56,3465.44,657310000.0,8875340000.0,-25.22,-0.007225
1174037,801231.ZICN,801231,上海申银万国证券研究所有限公司,申万综合Ⅱ,XSHG,2017-04-11,3465.44,3466.69,3406.54,3534.65,3491.29,596340000.0,7130940000.0,25.85,0.007459
1174420,801231.ZICN,801231,上海申银万国证券研究所有限公司,申万综合Ⅱ,XSHG,2017-04-12,3491.29,3493.07,3420.69,3572.13,3485.67,763970000.0,10713200000.0,-5.62,-0.00161
1174803,801231.ZICN,801231,上海申银万国证券研究所有限公司,申万综合Ⅱ,XSHG,2017-04-13,3485.67,3469.05,3434.31,3544.18,3495.18,586400000.0,7587150000.0,9.51,0.002728
1175186,801231.ZICN,801231,上海申银万国证券研究所有限公司,申万综合Ⅱ,XSHG,2017-04-14,3495.18,3498.77,3415.53,3535.08,3440.17,566000000.0,6809890000.0,-55.01,-0.015739
1175569,801231.ZICN,801231,上海申银万国证券研究所有限公司,申万综合Ⅱ,XSHG,2017-04-17,3440.17,3425.21,3339.08,3469.66,3380.36,427200000.0,5673820000.0,-59.81,-0.017386000000000002
1175952,801231.ZICN,801231,上海申银万国证券研究所有限公司,申万综合Ⅱ,XSHG,2017-04-18,3380.36,3376.51,3312.9,3441.82,3343.66,428200000.0,5231040000.0,-36.7,-0.010856999999999999
1176335,801231.ZICN,801231,上海申银万国证券研究所有限公司,申万综合Ⅱ,XSHG,2017-04-19,3343.66,3330.98,3220.72,3373.2,3286.38,539970000.0,6042860000.0,-57.28,-0.017131
1176718,801231.ZICN,801231,上海申银万国证券研究所有限公司,申万综合Ⅱ,XSHG,2017-04-20,3286.38,3297.06,3206.65,3340.31,3245.32,526940000.0,5836210000.0,-41.06,-0.012494
1177101,801231.ZICN,801231,上海申银万国证券研究所有限公司,申万综合Ⅱ,XSHG,2017-04-21,3245.32,3247.37,3191.07,3294.95,3224.69,367790000.0,4194580000.0,-20.63,-0.006357
1177484,801231.ZICN,801231,上海申银万国证券研究所有限公司,申万综合Ⅱ,XSHG,2017-04-24,3224.69,3232.75,3095.76,3257.45,3140.1,448050000.0,4901610000.0,-84.59,-0.026232
1177867,801231.ZICN,801231,上海申银万国证券研究所有限公司,申万综合Ⅱ,XSHG,2017-04-25,3140.1,3143.54,3103.02,3224.9,3165.44,459570000.0,5188180000.0,25.34,0.00807
1178250,801231.ZICN,801231,上海申银万国证券研究所有限公司,申万综合Ⅱ,XSHG,2017-04-26,3165.44,3166.08,3123.72,3236.38,3176.52,510900000.0,5788110000.0,11.08,0.0035
1178633,801231.ZICN,801231,上海申银万国证券研究所有限公司,申万综合Ⅱ,XSHG,2017-04-27,3176.52,3173.14,3078.26,3239.78,3180.02,520660000.0,5193500000.0,3.5,0.001102
1179016,801231.ZICN,801231,上海申银万国证券研究所有限公司,申万综合Ⅱ,XSHG,2017-04-28,3180.02,3168.67,3139.23,3225.54,3182.39,319590000.0,3316470000.0,2.37,0.000745
1179401,801231.ZICN,801231,上海申银万国证券研究所有限公司,申万综合Ⅱ,XSHG,2017-05-02,3182.39,3175.54,3133.18,3235.28,3184.19,373670000.0,3831640000.0,1.8,0.000566
1179784,801231.ZICN,801231,上海申银万国证券研究所有限公司,申万综合Ⅱ,XSHG,2017-05-03,3184.19,3183.23,3138.13,3229.46,3175.56,495970000.0,5362440000.0,-8.63,-0.00271
1180167,801231.ZICN,801231,上海申银万国证券研究所有限公司,申万综合Ⅱ,XSHG,2017-05-04,3175.56,3166.2,3124.71,3231.51,3165.27,569530000.0,5877710000.0,-10.29,-0.00324
1180550,801231.ZICN,801231,上海申银万国证券研究所有限公司,申万综合Ⅱ,XSHG,2017-05-05,3165.27,3166.45,3091.74,3202.04,3109.63,466950000.0,4936770000.0,-55.64,-0.017578
1180933,801231.ZICN,801231,上海申银万国证券研究所有限公司,申万综合Ⅱ,XSHG,2017-05-08,3109.63,3108.02,3006.13,3140.07,3023.59,432230000.0,4396120000.0,-86.04,-0.027669
1181316,801231.ZICN,801231,上海申银万国证券研究所有限公司,申万综合Ⅱ,XSHG,2017-05-09,3023.59,3018.51,2967.15,3077.06,3044.42,353150000.0,3758220000.0,20.83,0.006889
1181699,801231.ZICN,801231,上海申银万国证券研究所有限公司,申万综合Ⅱ,XSHG,2017-05-10,3044.42,3050.18,2964.55,3098.26,2987.74,421920000.0,4199480000.0,-56.68,-0.018618
1182082,801231.ZICN,801231,上海申银万国证券研究所有限公司,申万综合Ⅱ,XSHG,2017-05-11,2987.74,2972.46,2845.96,3019.49,2936.5,521080000.0,5252850000.0,-51.24,-0.01715
1182465,801231.ZICN,801231,上海申银万国证券研究所有限公司,申万综合Ⅱ,XSHG,2017-05-12,2936.5,2941.3,2884.45,2989.04,2931.83,427920000.0,4338820000.0,-4.67,-0.00159
1182848,801231.ZICN,801231,上海申银万国证券研究所有限公司,申万综合Ⅱ,XSHG,2017-05-15,2931.83,2957.17,2924.27,3032.71,2976.03,491460000.0,5097300000.0,44.2,0.015075999999999999
1183231,801231.ZICN,801231,上海申银万国证券研究所有限公司,申万综合Ⅱ,XSHG,2017-05-16,2976.03,2976.98,2925.31,3064.54,3034.01,528950000.0,5358620000.0,57.98,0.019482
1183614,801231.ZICN,801231,上海申银万国证券研究所有限公司,申万综合Ⅱ,XSHG,2017-05-17,3034.01,3036.7,3004.0,3098.35,3036.19,420420000.0,4311720000.0,2.18,0.000719
1183997,801231.ZICN,801231,上海申银万国证券研究所有限公司,申万综合Ⅱ,XSHG,2017-05-18,3036.19,3018.63,2982.89,3083.63,3018.39,397220000.0,4235850000.0,-17.8,-0.005863
1184380,801231.ZICN,801231,上海申银万国证券研究所有限公司,申万综合Ⅱ,XSHG,2017-05-19,3018.39,3020.88,2983.02,3071.0,3019.72,324820000.0,3580090000.0,1.33,0.00044100000000000004
1184763,801231.ZICN,801231,上海申银万国证券研究所有限公司,申万综合Ⅱ,XSHG,2017-05-22,3019.72,3017.38,2921.65,3052.68,2947.1,370660000.0,3995880000.0,-72.62,-0.024049
1185146,801231.ZICN,801231,上海申银万国证券研究所有限公司,申万综合Ⅱ,XSHG,2017-05-23,2947.1,2947.82,2825.43,2978.75,2847.07,385300000.0,3932270000.0,-100.03,-0.033942
1185529,801231.ZICN,801231,上海申银万国证券研究所有限公司,申万综合Ⅱ,XSHG,2017-05-24,2847.07,2841.42,2770.53,2890.06,2860.23,316960000.0,3077670000.0,13.16,0.004622
1185912,801231.ZICN,801231,上海申银万国证券研究所有限公司,申万综合Ⅱ,XSHG,2017-05-25,2860.23,2867.84,2812.47,2937.96,2897.34,328860000.0,3105340000.0,37.11,0.012974000000000001
1186295,801231.ZICN,801231,上海申银万国证券研究所有限公司,申万综合Ⅱ,XSHG,2017-05-26,2897.34,2904.31,2872.01,2960.78,2907.84,343350000.0,3397210000.0,10.5,0.003624
1186678,801231.ZICN,801231,上海申银万国证券研究所有限公司,申万综合Ⅱ,XSHG,2017-05-31,2907.84,2937.9,2873.46,2975.3,2899.58,290060000.0,3038710000.0,-8.26,-0.002841
1187061,801231.ZICN,801231,上海申银万国证券研究所有限公司,申万综合Ⅱ,XSHG,2017-06-01,2899.58,2900.01,2799.16,2928.74,2826.37,347530000.0,3410610000.0,-73.21,-0.025248
1187444,801231.ZICN,801231,上海申银万国证券研究所有限公司,申万综合Ⅱ,XSHG,2017-06-02,2826.37,2808.87,2739.31,2869.11,2839.12,360470000.0,3614810000.0,12.75,0.004511
1187827,801231.ZICN,801231,上海申银万国证券研究所有限公司,申万综合Ⅱ,XSHG,2017-06-05,2839.12,2849.19,2821.63,2902.11,2864.03,288680000.0,2893560000.0,24.91,0.008773999999999999
1188210,801231.ZICN,801231,上海申银万国证券研究所有限公司,申万综合Ⅱ,XSHG,2017-06-06,2864.03,2866.88,2829.72,2910.75,2875.26,287570000.0,2867250000.0,11.23,0.003921
1188593,801231.ZICN,801231,上海申银万国证券研究所有限公司,申万综合Ⅱ,XSHG,2017-06-07,2875.26,2877.54,2857.6,2963.2,2940.53,450240000.0,4618040000.0,65.27,0.022701
1188976,801231.ZICN,801231,上海申银万国证券研究所有限公司,申万综合Ⅱ,XSHG,2017-06-08,2940.53,2947.91,2911.58,2997.11,2943.02,390730000.0,4397330000.0,2.49,0.0008470000000000001
1189359,801231.ZICN,801231,上海申银万国证券研究所有限公司,申万综合Ⅱ,XSHG,2017-06-09,2943.02,2944.82,2907.72,2987.55,2948.91,332790000.0,3601260000.0,5.89,0.002001
1189742,801231.ZICN,801231,上海申银万国证券研究所有限公司,申万综合Ⅱ,XSHG,2017-06-12,2948.91,2945.85,2885.35,2973.59,2907.69,304310000.0,3300460000.0,-41.22,-0.013978
1190125,801231.ZICN,801231,上海申银万国证券研究所有限公司,申万综合Ⅱ,XSHG,2017-06-13,2907.69,2913.61,2893.52,2985.01,2955.77,319260000.0,3578690000.0,48.08,0.016535
1190508,801231.ZICN,801231,上海申银万国证券研究所有限公司,申万综合Ⅱ,XSHG,2017-06-14,2955.77,2970.7,2934.44,3014.03,2966.46,363520000.0,3834640000.0,10.69,0.003617
1190892,801231.ZICN,801231,上海申银万国证券研究所有限公司,申万综合Ⅱ,XSHG,2017-06-15,2966.46,2969.11,2948.15,3035.11,2992.73,405320000.0,4148090000.0,26.27,0.008856000000000001
1191279,801231.ZICN,801231,上海申银万国证券研究所有限公司,申万综合Ⅱ,XSHG,2017-06-16,2992.73,2999.05,2966.55,3039.81,2994.9,333270000.0,3465980000.0,2.17,0.000725
1191664,801231.ZICN,801231,上海申银万国证券研究所有限公司,申万综合Ⅱ,XSHG,2017-06-19,2994.9,3000.23,2970.46,3037.39,3007.49,299810000.0,3204820000.0,12.59,0.004204
1192049,801231.ZICN,801231,上海申银万国证券研究所有限公司,申万综合Ⅱ,XSHG,2017-06-20,3007.49,3018.62,2980.3,3059.72,3004.84,356620000.0,4065720000.0,-2.65,-0.0008810000000000001
1192434,801231.ZICN,801231,上海申银万国证券研究所有限公司,申万综合Ⅱ,XSHG,2017-06-21,3004.84,3015.76,2969.8,3045.95,3006.49,298970000.0,3084330000.0,1.65,0.000549
1192819,801231.ZICN,801231,上海申银万国证券研究所有限公司,申万综合Ⅱ,XSHG,2017-06-22,3006.49,3011.95,2938.55,3045.49,2952.9,374660000.0,3725960000.0,-53.59,-0.017825
1193204,801231.ZICN,801231,上海申银万国证券研究所有限公司,申万综合Ⅱ,XSHG,2017-06-23,2952.9,2943.9,2886.22,2995.51,2941.54,388320000.0,4126280000.0,-11.36,-0.0038469999999999997
1193589,801231.ZICN,801231,上海申银万国证券研究所有限公司,申万综合Ⅱ,XSHG,2017-06-26,2941.54,2945.5,2912.46,3012.15,2981.75,452070000.0,4032340000.0,40.21,0.013669999999999998
1193974,801231.ZICN,801231,上海申银万国证券研究所有限公司,申万综合Ⅱ,XSHG,2017-06-27,2981.75,2982.11,2948.99,3032.59,2990.12,422950000.0,4147120000.0,8.37,0.002807
1194359,801231.ZICN,801231,上海申银万国证券研究所有限公司,申万综合Ⅱ,XSHG,2017-06-28,2990.12,2989.85,2951.51,3046.2,2990.02,455800000.0,4808880000.0,-0.1,-3.3e-05
1194744,801231.ZICN,801231,上海申银万国证券研究所有限公司,申万综合Ⅱ,XSHG,2017-06-29,2990.02,2989.26,2966.76,3031.98,2992.53,339590000.0,3419390000.0,2.51,0.000839
1195129,801231.ZICN,801231,上海申银万国证券研究所有限公司,申万综合Ⅱ,XSHG,2017-06-30,2992.53,2988.75,2963.52,3053.1,3017.81,438640000.0,4403300000.0,25.28,0.008448
1195514,801231.ZICN,801231,上海申银万国证券研究所有限公司,申万综合Ⅱ,XSHG,2017-07-03,3017.81,3019.02,2994.79,3056.54,3033.04,454810000.0,3955930000.0,15.23,0.005047
1195899,801231.ZICN,801231,上海申银万国证券研究所有限公司,申万综合Ⅱ,XSHG,2017-07-04,3033.04,3033.98,3008.72,3074.23,3035.71,485500000.0,4190790000.0,2.67,0.00088
1196284,801231.ZICN,801231,上海申银万国证券研究所有限公司,申万综合Ⅱ,XSHG,2017-07-05,3035.71,3037.5,3010.51,3075.63,3057.82,525470000.0,4572040000.0,22.11,0.0072829999999999995
1196669,801231.ZICN,801231,上海申银万国证券研究所有限公司,申万综合Ⅱ,XSHG,2017-07-06,3057.82,3051.44,3011.55,3083.25,3044.01,594050000.0,5146940000.0,-13.81,-0.004516
1197054,801231.ZICN,801231,上海申银万国证券研究所有限公司,申万综合Ⅱ,XSHG,2017-07-07,3044.01,3043.9,3015.92,3102.99,3073.47,753340000.0,6667050000.0,29.46,0.009678
1197439,801231.ZICN,801231,上海申银万国证券研究所有限公司,申万综合Ⅱ,XSHG,2017-07-10,3073.47,3067.03,3026.75,3113.48,3059.1,745240000.0,6255340000.0,-14.37,-0.004675
1197824,801231.ZICN,801231,上海申银万国证券研究所有限公司,申万综合Ⅱ,XSHG,2017-07-11,3059.1,3055.36,3006.86,3098.42,3022.55,674990000.0,5604200000.0,-36.55,-0.011948
1198209,801231.ZICN,801231,上海申银万国证券研究所有限公司,申万综合Ⅱ,XSHG,2017-07-12,3022.55,3022.19,2952.75,3054.97,3014.28,658560000.0,5320820000.0,-8.27,-0.002736
1198594,801231.ZICN,801231,上海申银万国证券研究所有限公司,申万综合Ⅱ,XSHG,2017-07-13,3014.28,3020.45,2983.96,3055.52,3015.48,481700000.0,4154860000.0,1.2,0.000398
1198979,801231.ZICN,801231,上海申银万国证券研究所有限公司,申万综合Ⅱ,XSHG,2017-07-14,3015.48,3018.26,2969.54,3046.26,2999.72,462990000.0,3664190000.0,-15.76,-0.005226
1199364,801231.ZICN,801231,上海申银万国证券研究所有限公司,申万综合Ⅱ,XSHG,2017-07-17,2999.72,2979.83,2774.9,2998.35,2820.51,830760000.0,6675890000.0,-179.21,-0.059741999999999996
1199749,801231.ZICN,801231,上海申银万国证券研究所有限公司,申万综合Ⅱ,XSHG,2017-07-18,2820.51,2811.03,2769.34,2876.48,2846.6,527690000.0,4366670000.0,26.09,0.00925
1200134,801231.ZICN,801231,上海申银万国证券研究所有限公司,申万综合Ⅱ,XSHG,2017-07-19,2846.6,2844.65,2821.93,2932.54,2911.52,636870000.0,5068010000.0,64.92,0.022806
1200519,801231.ZICN,801231,上海申银万国证券研究所有限公司,申万综合Ⅱ,XSHG,2017-07-20,2911.52,2919.7,2896.53,2995.83,2943.1,728480000.0,5984810000.0,31.58,0.010847
1200904,801231.ZICN,801231,上海申银万国证券研究所有限公司,申万综合Ⅱ,XSHG,2017-07-21,2943.1,2942.53,2907.89,2991.42,2947.5,664440000.0,5835730000.0,4.4,0.001495
1201291,801231.ZICN,801231,上海申银万国证券研究所有限公司,申万综合Ⅱ,XSHG,2017-07-24,2947.5,2940.54,2912.05,3008.7,2973.84,629270000.0,5427170000.0,26.34,0.008936
1201676,801231.ZICN,801231,上海申银万国证券研究所有限公司,申万综合Ⅱ,XSHG,2017-07-25,2973.84,2967.04,2920.24,3014.37,2968.18,551550000.0,4915180000.0,-5.66,-0.0019030000000000002
1202061,801231.ZICN,801231,上海申银万国证券研究所有限公司,申万综合Ⅱ,XSHG,2017-07-26,2968.18,2971.47,2928.65,3012.89,2971.34,645990000.0,5543710000.0,3.16,0.001065
1202446,801231.ZICN,801231,上海申银万国证券研究所有限公司,申万综合Ⅱ,XSHG,2017-07-27,2971.34,2965.14,2928.15,3023.33,2990.53,698210000.0,5993450000.0,19.19,0.006458
1202831,801231.ZICN,801231,上海申银万国证券研究所有限公司,申万综合Ⅱ,XSHG,2017-07-28,2990.53,2987.14,2958.57,3061.86,3019.43,768990000.0,6740190000.0,28.9,0.009664
1203216,801231.ZICN,801231,上海申银万国证券研究所有限公司,申万综合Ⅱ,XSHG,2017-07-31,3019.43,3018.13,2986.15,3084.23,3049.88,885760000.0,7776230000.0,30.45,0.010085
1203601,801231.ZICN,801231,上海申银万国证券研究所有限公司,申万综合Ⅱ,XSHG,2017-08-01,3049.88,3049.65,3003.82,3117.12,3059.45,1023400000.0,8446810000.0,9.57,0.0031379999999999997
1203986,801231.ZICN,801231,上海申银万国证券研究所有限公司,申万综合Ⅱ,XSHG,2017-08-02,3059.45,3057.84,3005.63,3128.53,3057.22,1112810000.0,9488580000.0,-2.23,-0.000729
1204371,801231.ZICN,801231,上海申银万国证券研究所有限公司,申万综合Ⅱ,XSHG,2017-08-03,3057.22,3050.1,3019.74,3110.01,3069.76,766820000.0,6611360000.0,12.54,0.004102000000000001
1204756,801231.ZICN,801231,上海申银万国证券研究所有限公司,申万综合Ⅱ,XSHG,2017-08-04,3069.76,3074.2,3021.95,3114.92,3039.53,795470000.0,7071090000.0,-30.23,-0.009848
1205141,801231.ZICN,801231,上海申银万国证券研究所有限公司,申万综合Ⅱ,XSHG,2017-08-07,3039.53,3043.95,3017.0,3108.21,3084.29,736340000.0,6602870000.0,44.76,0.014726
1205526,801231.ZICN,801231,上海申银万国证券研究所有限公司,申万综合Ⅱ,XSHG,2017-08-08,3084.29,3085.0,3047.1,3136.18,3091.11,693680000.0,5719630000.0,6.82,0.002211
1205911,801231.ZICN,801231,上海申银万国证券研究所有限公司,申万综合Ⅱ,XSHG,2017-08-09,3091.11,3086.2,3043.86,3127.9,3093.72,751010000.0,6818120000.0,2.61,0.0008439999999999999
1206296,801231.ZICN,801231,上海申银万国证券研究所有限公司,申万综合Ⅱ,XSHG,2017-08-10,3093.72,3086.03,3024.02,3123.26,3056.26,746600000.0,6523360000.0,-37.46,-0.012107999999999999
1206681,801231.ZICN,801231,上海申银万国证券研究所有限公司,申万综合Ⅱ,XSHG,2017-08-11,3056.26,3038.27,2983.26,3087.46,3011.93,774820000.0,6596760000.0,-44.33,-0.014505
1207066,801231.ZICN,801231,上海申银万国证券研究所有限公司,申万综合Ⅱ,XSHG,2017-08-14,3011.93,3018.39,3001.91,3090.32,3068.65,662520000.0,5540580000.0,56.72,0.018831999999999998
1207451,801231.ZICN,801231,上海申银万国证券研究所有限公司,申万综合Ⅱ,XSHG,2017-08-15,3068.65,3069.39,3041.5,3129.24,3085.67,705360000.0,6458630000.0,17.02,0.005546
1207836,801231.ZICN,801231,上海申银万国证券研究所有限公司,申万综合Ⅱ,XSHG,2017-08-16,3085.67,3081.51,3036.45,3124.68,3084.98,732490000.0,6433290000.0,-0.69,-0.00022400000000000002
1208221,801231.ZICN,801231,上海申银万国证券研究所有限公司,申万综合Ⅱ,XSHG,2017-08-17,3084.98,3088.63,3061.71,3150.46,3120.04,784440000.0,7522990000.0,35.06,0.011365
1208606,801231.ZICN,801231,上海申银万国证券研究所有限公司,申万综合Ⅱ,XSHG,2017-08-18,3120.04,3115.9,3080.67,3168.81,3116.02,930900000.0,8285680000.0,-4.02,-0.001288
1208991,801231.ZICN,801231,上海申银万国证券研究所有限公司,申万综合Ⅱ,XSHG,2017-08-21,3116.02,3116.6,3088.39,3179.15,3146.93,823130000.0,7336050000.0,30.91,0.00992
1209376,801231.ZICN,801231,上海申银万国证券研究所有限公司,申万综合Ⅱ,XSHG,2017-08-22,3146.93,3145.37,3100.08,3180.37,3130.3,729390000.0,6308420000.0,-16.63,-0.005285
1209761,801231.ZICN,801231,上海申银万国证券研究所有限公司,申万综合Ⅱ,XSHG,2017-08-23,3130.3,3124.57,3081.24,3164.24,3109.27,640820000.0,5648550000.0,-21.03,-0.006718000000000001
1210146,801231.ZICN,801231,上海申银万国证券研究所有限公司,申万综合Ⅱ,XSHG,2017-08-24,3109.27,3108.92,3057.56,3142.1,3086.43,595720000.0,5085320000.0,-22.84,-0.007345999999999999
1210531,801231.ZICN,801231,上海申银万国证券研究所有限公司,申万综合Ⅱ,XSHG,2017-08-25,3086.43,3086.69,3061.79,3138.58,3111.34,592950000.0,4996850000.0,24.91,0.008071
1210916,801231.ZICN,801231,上海申银万国证券研究所有限公司,申万综合Ⅱ,XSHG,2017-08-28,3111.34,3112.11,3087.37,3159.71,3130.7,652340000.0,5585500000.0,19.36,0.006222
1211301,801231.ZICN,801231,上海申银万国证券研究所有限公司,申万综合Ⅱ,XSHG,2017-08-29,3130.7,3133.51,3107.55,3194.23,3152.31,815430000.0,7348130000.0,21.61,0.006903
1211686,801231.ZICN,801231,上海申银万国证券研究所有限公司,申万综合Ⅱ,XSHG,2017-08-30,3152.31,3152.1,3123.26,3186.59,3155.62,648130000.0,5694060000.0,3.31,0.00105
1212071,801231.ZICN,801231,上海申银万国证券研究所有限公司,申万综合Ⅱ,XSHG,2017-08-31,3155.62,3151.55,3118.54,3199.57,3167.17,796490000.0,7345900000.0,11.55,0.00366
1212456,801231.ZICN,801231,上海申银万国证券研究所有限公司,申万综合Ⅱ,XSHG,2017-09-01,3167.17,3173.52,3143.34,3208.2,3179.87,661400000.0,6152500000.0,12.7,0.0040100000000000005
1212841,801231.ZICN,801231,上海申银万国证券研究所有限公司,申万综合Ⅱ,XSHG,2017-09-04,3179.87,3180.24,3150.51,3239.97,3200.97,824030000.0,8435680000.0,21.1,0.006634999999999999
1213226,801231.ZICN,801231,上海申银万国证券研究所有限公司,申万综合Ⅱ,XSHG,2017-09-05,3200.97,3202.3,3163.56,3247.46,3207.43,690770000.0,7538100000.0,6.46,0.002018
1213611,801231.ZICN,801231,上海申银万国证券研究所有限公司,申万综合Ⅱ,XSHG,2017-09-06,3207.43,3215.81,3173.46,3265.78,3216.51,940910000.0,9871420000.0,9.08,0.0028309999999999997
1213996,801231.ZICN,801231,上海申银万国证券研究所有限公司,申万综合Ⅱ,XSHG,2017-09-07,3216.51,3221.61,3176.4,3277.95,3221.91,913830000.0,9681140000.0,5.4,0.001679
1214381,801231.ZICN,801231,上海申银万国证券研究所有限公司,申万综合Ⅱ,XSHG,2017-09-08,3221.91,3218.02,3185.71,3272.83,3232.54,801870000.0,8422010000.0,10.63,0.0032990000000000003
1214766,801231.ZICN,801231,上海申银万国证券研究所有限公司,申万综合Ⅱ,XSHG,2017-09-11,3232.54,3226.0,3200.06,3297.27,3263.72,911820000.0,9162330000.0,31.18,0.009646
1215151,801231.ZICN,801231,上海申银万国证券研究所有限公司,申万综合Ⅱ,XSHG,2017-09-12,3263.72,3261.43,3200.76,3317.99,3241.35,1078990000.0,10475000000.0,-22.37,-0.006854000000000001
1215536,801231.ZICN,801231,上海申银万国证券研究所有限公司,申万综合Ⅱ,XSHG,2017-09-13,3241.35,3236.66,3202.57,3289.87,3257.81,847580000.0,8060020000.0,16.46,0.005078
1215921,801231.ZICN,801231,上海申银万国证券研究所有限公司,申万综合Ⅱ,XSHG,2017-09-14,3257.81,3255.56,3217.43,3313.52,3258.67,889070000.0,8279250000.0,0.86,0.000264
1216306,801231.ZICN,801231,上海申银万国证券研究所有限公司,申万综合Ⅱ,XSHG,2017-09-15,3258.67,3255.93,3206.84,3329.16,3284.54,969070000.0,9996390000.0,25.87,0.007939
1216691,801231.ZICN,801231,上海申银万国证券研究所有限公司,申万综合Ⅱ,XSHG,2017-09-18,3284.54,3276.34,3239.54,3334.76,3300.44,838560000.0,8292160000.0,15.9,0.004841
1217076,801231.ZICN,801231,上海申银万国证券研究所有限公司,申万综合Ⅱ,XSHG,2017-09-19,3300.44,3295.75,3246.6,3354.92,3291.19,910500000.0,9156720000.0,-9.25,-0.002803
1217461,801231.ZICN,801231,上海申银万国证券研究所有限公司,申万综合Ⅱ,XSHG,2017-09-20,3291.19,3288.25,3250.41,3354.91,3311.76,903360000.0,9456560000.0,20.57,0.00625
1217846,801231.ZICN,801231,上海申银万国证券研究所有限公司,申万综合Ⅱ,XSHG,2017-09-21,3311.76,3316.84,3239.64,3350.65,3260.06,843210000.0,8932000000.0,-51.7,-0.015611000000000002
1218231,801231.ZICN,801231,上海申银万国证券研究所有限公司,申万综合Ⅱ,XSHG,2017-09-22,3260.06,3256.33,3199.57,3289.08,3230.1,635580000.0,6853190000.0,-29.96,-0.00919
1218616,801231.ZICN,801231,上海申银万国证券研究所有限公司,申万综合Ⅱ,XSHG,2017-09-25,3230.1,3231.73,3144.3,3261.49,3167.89,577660000.0,6116370000.0,-62.21,-0.019259000000000002
1219001,801231.ZICN,801231,上海申银万国证券研究所有限公司,申万综合Ⅱ,XSHG,2017-09-26,3167.89,3172.81,3137.27,3217.97,3177.8,452830000.0,5648910000.0,9.91,0.003128
1219386,801231.ZICN,801231,上海申银万国证券研究所有限公司,申万综合Ⅱ,XSHG,2017-09-27,3177.8,3184.77,3162.79,3234.1,3198.61,463330000.0,5378470000.0,20.81,0.006548999999999999
1219771,801231.ZICN,801231,上海申银万国证券研究所有限公司,申万综合Ⅱ,XSHG,2017-09-28,3198.61,3197.89,3157.77,3249.9,3178.75,515770000.0,5898740000.0,-19.86,-0.006209
1220156,801231.ZICN,801231,上海申银万国证券研究所有限公司,申万综合Ⅱ,XSHG,2017-09-29,3178.75,3184.14,3159.86,3234.13,3205.39,442630000.0,4985640000.0,26.64,0.008381
1220541,801231.ZICN,801231,上海申银万国证券研究所有限公司,申万综合Ⅱ,XSHG,2017-10-09,3205.39,3238.17,3199.9,3282.15,3238.39,555800000.0,6071870000.0,33.0,0.010295
1220928,801231.ZICN,801231,上海申银万国证券研究所有限公司,申万综合Ⅱ,XSHG,2017-10-10,3238.39,3236.44,3213.89,3291.83,3272.13,548610000.0,5916910000.0,33.74,0.010419
1221313,801231.ZICN,801231,上海申银万国证券研究所有限公司,申万综合Ⅱ,XSHG,2017-10-11,3272.13,3269.36,3207.53,3308.86,3244.26,682810000.0,7059760000.0,-27.87,-0.008517
1221698,801231.ZICN,801231,上海申银万国证券研究所有限公司,申万综合Ⅱ,XSHG,2017-10-12,3244.26,3243.73,3181.17,3269.79,3214.49,554080000.0,5430730000.0,-29.77,-0.009176
1222083,801231.ZICN,801231,上海申银万国证券研究所有限公司,申万综合Ⅱ,XSHG,2017-10-13,3214.49,3212.45,3188.28,3264.0,3235.96,446990000.0,4403040000.0,21.47,0.006679000000000001
1222468,801231.ZICN,801231,上海申银万国证券研究所有限公司,申万综合Ⅱ,XSHG,2017-10-16,3235.96,3233.68,3150.71,3263.94,3171.5,556770000.0,5692710000.0,-64.46,-0.01992
1222853,801231.ZICN,801231,上海申银万国证券研究所有限公司,申万综合Ⅱ,XSHG,2017-10-17,3171.5,3166.05,3137.34,3221.41,3179.39,409860000.0,4346260000.0,7.89,0.0024879999999999998
1223240,801231.ZICN,801231,上海申银万国证券研究所有限公司,申万综合Ⅱ,XSHG,2017-10-18,3179.39,3180.23,3120.98,3215.96,3141.12,428920000.0,4750300000.0,-38.27,-0.012037
1223625,801231.ZICN,801231,上海申银万国证券研究所有限公司,申万综合Ⅱ,XSHG,2017-10-19,3141.12,3138.23,3058.2,3168.44,3086.53,501130000.0,4775170000.0,-54.59,-0.017379
1224010,801231.ZICN,801231,上海申银万国证券研究所有限公司,申万综合Ⅱ,XSHG,2017-10-20,3086.53,3086.01,3064.73,3143.9,3127.04,348850000.0,3491630000.0,40.51,0.013125
1224395,801231.ZICN,801231,上海申银万国证券研究所有限公司,申万综合Ⅱ,XSHG,2017-10-23,3127.04,3122.16,3099.34,3175.13,3146.69,370870000.0,3633280000.0,19.65,0.0062840000000000005
1224780,801231.ZICN,801231,上海申银万国证券研究所有限公司,申万综合Ⅱ,XSHG,2017-10-24,3146.69,3142.8,3093.72,3177.01,3135.78,377500000.0,3870780000.0,-10.91,-0.003467
1225165,801231.ZICN,801231,上海申银万国证券研究所有限公司,申万综合Ⅱ,XSHG,2017-10-25,3135.78,3137.77,3112.75,3176.79,3148.89,322970000.0,3389340000.0,13.11,0.004181
1225550,801231.ZICN,801231,上海申银万国证券研究所有限公司,申万综合Ⅱ,XSHG,2017-10-26,3148.89,3148.62,3119.59,3184.66,3155.47,369640000.0,3753370000.0,6.58,0.00209
1225935,801231.ZICN,801231,上海申银万国证券研究所有限公司,申万综合Ⅱ,XSHG,2017-10-27,3155.47,3154.46,3108.07,3195.08,3144.04,464390000.0,4678170000.0,-11.43,-0.003622
1226320,801231.ZICN,801231,上海申银万国证券研究所有限公司,申万综合Ⅱ,XSHG,2017-10-30,3144.04,3135.55,3016.89,3163.27,3062.22,563360000.0,5405740000.0,-81.82,-0.026024000000000002
1226705,801231.ZICN,801231,上海申银万国证券研究所有限公司,申万综合Ⅱ,XSHG,2017-10-31,3062.22,3067.75,3033.64,3125.03,3099.27,409330000.0,3783630000.0,37.05,0.012098999999999999
1227090,801231.ZICN,801231,上海申银万国证券研究所有限公司,申万综合Ⅱ,XSHG,2017-11-01,3099.27,3100.29,3058.53,3141.64,3095.71,534370000.0,4429650000.0,-3.56,-0.001149
1227475,801231.ZICN,801231,上海申银万国证券研究所有限公司,申万综合Ⅱ,XSHG,2017-11-02,3095.71,3094.62,3035.97,3122.08,3066.35,467510000.0,4154240000.0,-29.36,-0.009484000000000001
1227862,801231.ZICN,801231,上海申银万国证券研究所有限公司,申万综合Ⅱ,XSHG,2017-11-03,3066.35,3102.09,3004.4,3127.12,3045.81,951070000.0,9615700000.0,-20.54,-0.006698999999999999
1228247,801231.ZICN,801231,上海申银万国证券研究所有限公司,申万综合Ⅱ,XSHG,2017-11-06,3045.81,3048.91,3001.63,3088.77,3051.96,544850000.0,5233640000.0,6.15,0.002019
1228632,801231.ZICN,801231,上海申银万国证券研究所有限公司,申万综合Ⅱ,XSHG,2017-11-07,3051.96,3063.29,3026.89,3125.36,3104.5,893480000.0,9335850000.0,52.54,0.017215
1229017,801231.ZICN,801231,上海申银万国证券研究所有限公司,申万综合Ⅱ,XSHG,2017-11-08,3104.5,3111.09,3075.43,3185.54,3152.16,879900000.0,10217000000.0,47.66,0.015352000000000001
1229402,801231.ZICN,801231,上海申银万国证券研究所有限公司,申万综合Ⅱ,XSHG,2017-11-09,3152.16,3165.76,3104.33,3188.73,3133.7,819820000.0,10088300000.0,-18.46,-0.005856
1229787,801231.ZICN,801231,上海申银万国证券研究所有限公司,申万综合Ⅱ,XSHG,2017-11-10,3133.7,3123.89,3088.73,3190.08,3145.14,735770000.0,8264360000.0,11.44,0.0036509999999999997
1230172,801231.ZICN,801231,上海申银万国证券研究所有限公司,申万综合Ⅱ,XSHG,2017-11-13,3145.14,3151.32,3088.66,3193.08,3121.04,769980000.0,8295670000.0,-24.1,-0.007663
1230557,801231.ZICN,801231,上海申银万国证券研究所有限公司,申万综合Ⅱ,XSHG,2017-11-14,3121.04,3111.53,3052.14,3168.56,3098.17,820430000.0,8396960000.0,-22.87,-0.007328
1230942,801231.ZICN,801231,上海申银万国证券研究所有限公司,申万综合Ⅱ,XSHG,2017-11-15,3098.17,3093.62,3036.74,3129.88,3067.57,560260000.0,5775370000.0,-30.6,-0.009877
1231327,801231.ZICN,801231,上海申银万国证券研究所有限公司,申万综合Ⅱ,XSHG,2017-11-16,3067.57,3053.59,3016.09,3105.68,3051.37,473730000.0,4748150000.0,-16.2,-0.005281
1231712,801231.ZICN,801231,上海申银万国证券研究所有限公司,申万综合Ⅱ,XSHG,2017-11-17,3051.37,3048.27,2881.7,3078.31,2916.07,843650000.0,8060070000.0,-135.3,-0.044341000000000005
1232097,801231.ZICN,801231,上海申银万国证券研究所有限公司,申万综合Ⅱ,XSHG,2017-11-20,2916.07,2890.28,2803.31,2937.97,2911.37,542980000.0,4706680000.0,-4.7,-0.0016120000000000002
1232482,801231.ZICN,801231,上海申银万国证券研究所有限公司,申万综合Ⅱ,XSHG,2017-11-21,2911.37,2905.6,2866.76,2964.81,2922.84,476680000.0,4212240000.0,11.47,0.00394
1232867,801231.ZICN,801231,上海申银万国证券研究所有限公司,申万综合Ⅱ,XSHG,2017-11-22,2922.84,2915.33,2869.87,2973.32,2918.9,520500000.0,4416250000.0,-3.94,-0.001348
1233252,801231.ZICN,801231,上海申银万国证券研究所有限公司,申万综合Ⅱ,XSHG,2017-11-23,2918.9,2916.24,2825.71,2962.56,2862.34,550400000.0,4629900000.0,-56.56,-0.019377000000000002
1233637,801231.ZICN,801231,上海申银万国证券研究所有限公司,申万综合Ⅱ,XSHG,2017-11-24,2862.34,2847.64,2822.61,2912.74,2877.85,383170000.0,3206490000.0,15.51,0.005419
1234022,801231.ZICN,801231,上海申银万国证券研究所有限公司,申万综合Ⅱ,XSHG,2017-11-27,2877.85,2873.32,2823.75,2921.37,2861.22,437750000.0,3519570000.0,-16.63,-0.005779
1234407,801231.ZICN,801231,上海申银万国证券研究所有限公司,申万综合Ⅱ,XSHG,2017-11-28,2861.22,2860.09,2831.44,2908.73,2886.24,405530000.0,3293320000.0,25.02,0.008745000000000001
1234792,801231.ZICN,801231,上海申银万国证券研究所有限公司,申万综合Ⅱ,XSHG,2017-11-29,2886.24,2883.13,2831.39,2921.05,2884.96,501850000.0,3966860000.0,-1.28,-0.000443
1235177,801231.ZICN,801231,上海申银万国证券研究所有限公司,申万综合Ⅱ,XSHG,2017-11-30,2884.96,2869.77,2811.33,2905.44,2845.99,495410000.0,4010500000.0,-38.97,-0.013508000000000001
1235562,801231.ZICN,801231,上海申银万国证券研究所有限公司,申万综合Ⅱ,XSHG,2017-12-01,2845.99,2834.95,2807.72,2877.56,2849.85,363170000.0,2916800000.0,3.86,0.001356
1235947,801231.ZICN,801231,上海申银万国证券研究所有限公司,申万综合Ⅱ,XSHG,2017-12-04,2849.85,2837.32,2771.92,2862.92,2792.12,398560000.0,3260390000.0,-57.73,-0.020257
1236332,801231.ZICN,801231,上海申银万国证券研究所有限公司,申万综合Ⅱ,XSHG,2017-12-05,2792.12,2783.97,2706.55,2829.53,2748.39,488780000.0,3876340000.0,-43.73,-0.015662
1236717,801231.ZICN,801231,上海申银万国证券研究所有限公司,申万综合Ⅱ,XSHG,2017-12-06,2748.39,2742.75,2706.44,2801.11,2775.86,373410000.0,3182640000.0,27.47,0.009995
1237102,801231.ZICN,801231,上海申银万国证券研究所有限公司,申万综合Ⅱ,XSHG,2017-12-07,2775.86,2769.93,2742.25,2822.53,2783.45,394360000.0,3447370000.0,7.59,0.002734
1237487,801231.ZICN,801231,上海申银万国证券研究所有限公司,申万综合Ⅱ,XSHG,2017-12-08,2783.45,2774.23,2756.92,2828.55,2799.56,332910000.0,2963420000.0,16.11,0.005788000000000001
1237872,801231.ZICN,801231,上海申银万国证券研究所有限公司,申万综合Ⅱ,XSHG,2017-12-11,2799.56,2796.67,2778.79,2849.55,2824.68,355430000.0,3028640000.0,25.12,0.008973
1238257,801231.ZICN,801231,上海申银万国证券研究所有限公司,申万综合Ⅱ,XSHG,2017-12-12,2824.68,2818.37,2770.52,2847.27,2791.5,311640000.0,2760490000.0,-33.18,-0.011746
1238642,801231.ZICN,801231,上海申银万国证券研究所有限公司,申万综合Ⅱ,XSHG,2017-12-13,2791.5,2782.98,2758.04,2828.27,2803.96,316810000.0,2613230000.0,12.46,0.004464
1239027,801231.ZICN,801231,上海申银万国证券研究所有限公司,申万综合Ⅱ,XSHG,2017-12-14,2803.96,2795.69,2764.94,2829.41,2797.03,316910000.0,2544780000.0,-6.93,-0.002472
1239412,801231.ZICN,801231,上海申银万国证券研究所有限公司,申万综合Ⅱ,XSHG,2017-12-15,2797.03,2793.69,2760.14,2832.23,2798.65,365690000.0,3000750000.0,1.62,0.000579
1239797,801231.ZICN,801231,上海申银万国证券研究所有限公司,申万综合Ⅱ,XSHG,2017-12-18,2798.65,2796.55,2747.47,2821.6,2778.06,319660000.0,2644180000.0,-20.59,-0.007356999999999999
1240182,801231.ZICN,801231,上海申银万国证券研究所有限公司,申万综合Ⅱ,XSHG,2017-12-19,2778.06,2776.16,2748.89,2812.47,2783.35,304830000.0,2349050000.0,5.29,0.0019039999999999999
1240569,801231.ZICN,801231,上海申银万国证券研究所有限公司,申万综合Ⅱ,XSHG,2017-12-20,2783.35,2776.76,2725.09,2805.48,2755.85,359990000.0,2868420000.0,-27.5,-0.00988
1240954,801231.ZICN,801231,上海申银万国证券研究所有限公司,申万综合Ⅱ,XSHG,2017-12-21,2755.85,2749.35,2697.19,2778.2,2739.82,349490000.0,2783260000.0,-16.03,-0.005817
1241339,801231.ZICN,801231,上海申银万国证券研究所有限公司,申万综合Ⅱ,XSHG,2017-12-22,2739.82,2737.56,2706.49,2782.8,2742.5,343750000.0,2772170000.0,2.68,0.000978
1241724,801231.ZICN,801231,上海申银万国证券研究所有限公司,申万综合Ⅱ,XSHG,2017-12-25,2742.5,2732.39,2668.08,2761.82,2699.73,334220000.0,2564460000.0,-42.77,-0.015595
1242109,801231.ZICN,801231,上海申银万国证券研究所有限公司,申万综合Ⅱ,XSHG,2017-12-26,2699.73,2698.42,2669.59,2734.54,2718.97,232380000.0,1994360000.0,19.24,0.007127
1242494,801231.ZICN,801231,上海申银万国证券研究所有限公司,申万综合Ⅱ,XSHG,2017-12-27,2718.97,2722.73,2689.38,2772.97,2727.29,365700000.0,3328290000.0,8.32,0.0030600000000000002
1242879,801231.ZICN,801231,上海申银万国证券研究所有限公司,申万综合Ⅱ,XSHG,2017-12-28,2727.29,2722.0,2694.45,2762.11,2734.8,299780000.0,2534070000.0,7.51,0.002754
1243264,801231.ZICN,801231,上海申银万国证券研究所有限公司,申万综合Ⅱ,XSHG,2017-12-29,2734.8,2738.35,2716.22,2797.98,2766.76,400550000.0,3513450000.0,31.96,0.011686
1243649,801231.ZICN,801231,上海申银万国证券研究所有限公司,申万综合Ⅱ,XSHG,2018-01-02,2766.76,2769.75,2740.17,2821.16,2783.1,450780000.0,3686020000.0,16.34,0.005906000000000001
1244034,801231.ZICN,801231,上海申银万国证券研究所有限公司,申万综合Ⅱ,XSHG,2018-01-03,2783.1,2787.35,2761.35,2861.69,2839.01,654290000.0,5355860000.0,55.91,0.020089
1244419,801231.ZICN,801231,上海申银万国证券研究所有限公司,申万综合Ⅱ,XSHG,2018-01-04,2839.01,2847.45,2807.0,2899.17,2848.72,821640000.0,6439920000.0,9.71,0.0034200000000000003
1244806,801231.ZICN,801231,上海申银万国证券研究所有限公司,申万综合Ⅱ,XSHG,2018-01-05,2848.72,2836.41,2796.68,2890.69,2840.16,712650000.0,5554770000.0,-8.56,-0.003005
1245191,801231.ZICN,801231,上海申银万国证券研究所有限公司,申万综合Ⅱ,XSHG,2018-01-08,2840.16,2833.39,2794.62,2874.94,2835.88,540930000.0,4207230000.0,-4.28,-0.001507
1245576,801231.ZICN,801231,上海申银万国证券研究所有限公司,申万综合Ⅱ,XSHG,2018-01-09,2835.88,2827.83,2795.98,2866.9,2827.35,419380000.0,3295960000.0,-8.53,-0.003008
1245961,801231.ZICN,801231,上海申银万国证券研究所有限公司,申万综合Ⅱ,XSHG,2018-01-10,2827.35,2825.34,2765.09,2846.6,2795.26,413480000.0,3184090000.0,-32.09,-0.01135
1246346,801231.ZICN,801231,上海申银万国证券研究所有限公司,申万综合Ⅱ,XSHG,2018-01-11,2795.26,2777.36,2742.3,2820.56,2791.99,400340000.0,3067690000.0,-3.27,-0.00117
1246731,801231.ZICN,801231,上海申银万国证券研究所有限公司,申万综合Ⅱ,XSHG,2018-01-12,2791.99,2785.87,2759.95,2838.48,2790.91,437840000.0,3502700000.0,-1.08,-0.00038700000000000003
1247116,801231.ZICN,801231,上海申银万国证券研究所有限公司,申万综合Ⅱ,XSHG,2018-01-15,2790.91,2786.2,2691.72,2806.29,2715.23,470170000.0,3600250000.0,-75.68,-0.027117000000000002
1247501,801231.ZICN,801231,上海申银万国证券研究所有限公司,申万综合Ⅱ,XSHG,2018-01-16,2715.23,2706.77,2679.89,2765.49,2746.29,399920000.0,3032750000.0,31.06,0.011439
1247886,801231.ZICN,801231,上海申银万国证券研究所有限公司,申万综合Ⅱ,XSHG,2018-01-17,2746.29,2733.48,2686.28,2774.39,2737.03,393560000.0,3163980000.0,-9.26,-0.003372
1248271,801231.ZICN,801231,上海申银万国证券研究所有限公司,申万综合Ⅱ,XSHG,2018-01-18,2737.03,2727.22,2706.78,2774.13,2745.35,331870000.0,2617420000.0,8.32,0.0030399999999999997
1248656,801231.ZICN,801231,上海申银万国证券研究所有限公司,申万综合Ⅱ,XSHG,2018-01-19,2745.35,2739.99,2712.69,2779.0,2744.34,366210000.0,3096820000.0,-1.01,-0.000368
1249041,801231.ZICN,801231,上海申银万国证券研究所有限公司,申万综合Ⅱ,XSHG,2018-01-22,2744.34,2734.91,2703.11,2775.38,2753.34,330690000.0,2711790000.0,9.0,0.003279
1249426,801231.ZICN,801231,上海申银万国证券研究所有限公司,申万综合Ⅱ,XSHG,2018-01-23,2753.34,2746.88,2726.4,2791.61,2762.35,350750000.0,2822330000.0,9.01,0.0032719999999999997
1249811,801231.ZICN,801231,上海申银万国证券研究所有限公司,申万综合Ⅱ,XSHG,2018-01-24,2762.35,2758.43,2721.97,2798.91,2770.08,412080000.0,3375010000.0,7.73,0.002798
1250196,801231.ZICN,801231,上海申银万国证券研究所有限公司,申万综合Ⅱ,XSHG,2018-01-25,2770.08,2763.35,2735.6,2819.63,2773.82,466650000.0,3858420000.0,3.74,0.00135
1250581,801231.ZICN,801231,上海申银万国证券研究所有限公司,申万综合Ⅱ,XSHG,2018-01-26,2773.82,2762.11,2731.22,2801.46,2758.28,376560000.0,3028670000.0,-15.54,-0.005602
1250966,801231.ZICN,801231,上海申银万国证券研究所有限公司,申万综合Ⅱ,XSHG,2018-01-29,2758.28,2750.06,2697.9,2779.08,2729.23,369660000.0,2856910000.0,-29.05,-0.010532
1251351,801231.ZICN,801231,上海申银万国证券研究所有限公司,申万综合Ⅱ,XSHG,2018-01-30,2729.23,2726.48,2689.27,2763.29,2721.1,349480000.0,2586580000.0,-8.13,-0.002979
1251736,801231.ZICN,801231,上海申银万国证券研究所有限公司,申万综合Ⅱ,XSHG,2018-01-31,2721.1,2706.1,2622.83,2728.4,2650.78,449920000.0,3315310000.0,-70.32,-0.025842
1252121,801231.ZICN,801231,上海申银万国证券研究所有限公司,申万综合Ⅱ,XSHG,2018-02-01,2650.78,2632.7,2489.77,2667.29,2528.25,601210000.0,4045670000.0,-122.53,-0.046224
1252506,801231.ZICN,801231,上海申银万国证券研究所有限公司,申万综合Ⅱ,XSHG,2018-02-02,2528.25,2509.78,2436.72,2559.07,2514.37,375240000.0,2553780000.0,-13.88,-0.00549
1252891,801231.ZICN,801231,上海申银万国证券研究所有限公司,申万综合Ⅱ,XSHG,2018-02-05,2514.37,2478.97,2444.07,2538.67,2502.3,262110000.0,1836760000.0,-12.07,-0.0048
1253276,801231.ZICN,801231,上海申银万国证券研究所有限公司,申万综合Ⅱ,XSHG,2018-02-06,2502.3,2455.04,2327.34,2502.37,2349.43,495680000.0,3248140000.0,-152.87,-0.061091999999999994
1253661,801231.ZICN,801231,上海申银万国证券研究所有限公司,申万综合Ⅱ,XSHG,2018-02-07,2349.43,2381.12,2275.36,2419.37,2334.82,453160000.0,2765570000.0,-14.61,-0.006219
1254046,801231.ZICN,801231,上海申银万国证券研究所有限公司,申万综合Ⅱ,XSHG,2018-02-08,2334.82,2324.95,2301.7,2401.38,2374.88,337640000.0,1981990000.0,40.06,0.017158
1254431,801231.ZICN,801231,上海申银万国证券研究所有限公司,申万综合Ⅱ,XSHG,2018-02-09,2374.88,2320.92,2235.9,2362.97,2295.7,453250000.0,2665150000.0,-79.18,-0.033341
1254816,801231.ZICN,801231,上海申银万国证券研究所有限公司,申万综合Ⅱ,XSHG,2018-02-12,2295.7,2307.08,2283.95,2362.84,2336.21,315090000.0,1940780000.0,40.51,0.017646000000000002
1255201,801231.ZICN,801231,上海申银万国证券研究所有限公司,申万综合Ⅱ,XSHG,2018-02-13,2336.21,2345.93,2318.36,2397.5,2347.93,327980000.0,2085650000.0,11.72,0.005017
1255586,801231.ZICN,801231,上海申银万国证券研究所有限公司,申万综合Ⅱ,XSHG,2018-02-14,2347.93,2350.8,2323.7,2386.23,2365.31,219760000.0,1344890000.0,17.38,0.007402
1255971,801231.ZICN,801231,上海申银万国证券研究所有限公司,申万综合Ⅱ,XSHG,2018-02-22,2365.31,2381.98,2358.62,2442.64,2415.73,380800000.0,2353340000.0,50.42,0.021315999999999998
1256356,801231.ZICN,801231,上海申银万国证券研究所有限公司,申万综合Ⅱ,XSHG,2018-02-23,2415.73,2420.93,2387.23,2459.97,2423.8,417530000.0,2661670000.0,8.07,0.003341
1256741,801231.ZICN,801231,上海申银万国证券研究所有限公司,申万综合Ⅱ,XSHG,2018-02-26,2423.8,2432.19,2408.48,2494.56,2473.68,423270000.0,2862500000.0,49.88,0.020579
1257126,801231.ZICN,801231,上海申银万国证券研究所有限公司,申万综合Ⅱ,XSHG,2018-02-27,2473.68,2460.43,2432.62,2516.5,2481.69,423250000.0,3002240000.0,8.01,0.0032380000000000004
1257511,801231.ZICN,801231,上海申银万国证券研究所有限公司,申万综合Ⅱ,XSHG,2018-02-28,2481.69,2458.24,2420.43,2512.9,2481.25,402390000.0,2760470000.0,-0.44,-0.000177
1257896,801231.ZICN,801231,上海申银万国证券研究所有限公司,申万综合Ⅱ,XSHG,2018-03-01,2481.25,2454.26,2435.84,2522.82,2494.98,504920000.0,3303830000.0,13.73,0.005534000000000001
1258281,801231.ZICN,801231,上海申银万国证券研究所有限公司,申万综合Ⅱ,XSHG,2018-03-02,2494.98,2475.46,2447.03,2517.2,2478.89,418600000.0,3003240000.0,-16.09,-0.006449
1258666,801231.ZICN,801231,上海申银万国证券研究所有限公司,申万综合Ⅱ,XSHG,2018-03-05,2478.89,2473.28,2445.1,2513.06,2480.69,342310000.0,2547980000.0,1.8,0.000726
1259051,801231.ZICN,801231,上海申银万国证券研究所有限公司,申万综合Ⅱ,XSHG,2018-03-06,2480.69,2488.81,2467.92,2544.06,2520.28,471650000.0,3457360000.0,39.59,0.015959
1259436,801231.ZICN,801231,上海申银万国证券研究所有限公司,申万综合Ⅱ,XSHG,2018-03-07,2520.28,2518.9,2482.51,2560.1,2508.01,489210000.0,3908380000.0,-12.27,-0.004869
1259821,801231.ZICN,801231,上海申银万国证券研究所有限公司,申万综合Ⅱ,XSHG,2018-03-08,2508.01,2509.37,2487.01,2573.13,2544.84,587050000.0,4535660000.0,36.83,0.014685
1260206,801231.ZICN,801231,上海申银万国证券研究所有限公司,申万综合Ⅱ,XSHG,2018-03-09,2544.84,2534.12,2507.47,2593.8,2567.94,675470000.0,5291270000.0,23.1,0.009077
1260591,801231.ZICN,801231,上海申银万国证券研究所有限公司,申万综合Ⅱ,XSHG,2018-03-12,2567.94,2559.91,2540.34,2603.05,2579.33,612960000.0,4873000000.0,11.39,0.004435000000000001
1260976,801231.ZICN,801231,上海申银万国证券研究所有限公司,申万综合Ⅱ,XSHG,2018-03-13,2579.33,2568.77,2529.48,2605.39,2560.99,617680000.0,4797220000.0,-18.34,-0.007109999999999999
1261361,801231.ZICN,801231,上海申银万国证券研究所有限公司,申万综合Ⅱ,XSHG,2018-03-14,2560.99,2542.24,2498.3,2573.79,2520.22,507040000.0,4238990000.0,-40.77,-0.01592
1261746,801231.ZICN,801231,上海申银万国证券研究所有限公司,申万综合Ⅱ,XSHG,2018-03-15,2520.22,2501.22,2453.5,2529.19,2488.16,496880000.0,3886910000.0,-32.06,-0.012721
1262131,801231.ZICN,801231,上海申银万国证券研究所有限公司,申万综合Ⅱ,XSHG,2018-03-16,2488.16,2481.46,2461.68,2558.51,2511.82,699080000.0,6485050000.0,23.66,0.009509
1262516,801231.ZICN,801231,上海申银万国证券研究所有限公司,申万综合Ⅱ,XSHG,2018-03-19,2511.82,2509.74,2463.98,2546.93,2501.52,573090000.0,5195410000.0,-10.3,-0.004101
1262901,801231.ZICN,801231,上海申银万国证券研究所有限公司,申万综合Ⅱ,XSHG,2018-03-20,2501.52,2482.52,2443.39,2523.08,2495.46,489080000.0,3915300000.0,-6.06,-0.0024230000000000002
1263286,801231.ZICN,801231,上海申银万国证券研究所有限公司,申万综合Ⅱ,XSHG,2018-03-21,2495.46,2493.33,2462.06,2548.21,2485.41,508790000.0,4225330000.0,-10.05,-0.004027
1263671,801231.ZICN,801231,上海申银万国证券研究所有限公司,申万综合Ⅱ,XSHG,2018-03-22,2485.41,2485.74,2456.89,2533.07,2493.08,522960000.0,4498190000.0,7.67,0.0030859999999999998
1264056,801231.ZICN,801231,上海申银万国证券研究所有限公司,申万综合Ⅱ,XSHG,2018-03-23,2493.08,2419.05,2311.93,2462.67,2360.21,756140000.0,5565580000.0,-132.87,-0.053296
1264441,801231.ZICN,801231,上海申银万国证券研究所有限公司,申万综合Ⅱ,XSHG,2018-03-26,2360.21,2319.5,2260.75,2403.87,2383.0,528350000.0,3689310000.0,22.79,0.009656
1264826,801231.ZICN,801231,上海申银万国证券研究所有限公司,申万综合Ⅱ,XSHG,2018-03-27,2383.0,2403.59,2379.84,2472.42,2439.52,615670000.0,5029520000.0,56.52,0.023718
1265211,801231.ZICN,801231,上海申银万国证券研究所有限公司,申万综合Ⅱ,XSHG,2018-03-28,2439.52,2410.66,2380.71,2470.71,2418.44,499650000.0,4823210000.0,-21.08,-0.008641
1265596,801231.ZICN,801231,上海申银万国证券研究所有限公司,申万综合Ⅱ,XSHG,2018-03-29,2418.44,2420.85,2394.87,2471.4,2442.37,460330000.0,4124750000.0,23.93,0.009895000000000001
1265981,801231.ZICN,801231,上海申银万国证券研究所有限公司,申万综合Ⅱ,XSHG,2018-03-30,2442.37,2449.03,2421.97,2489.46,2459.86,504050000.0,4243810000.0,17.49,0.007161
1266366,801231.ZICN,801231,上海申银万国证券研究所有限公司,申万综合Ⅱ,XSHG,2018-04-02,2459.86,2455.61,2430.13,2504.42,2466.13,540220000.0,4647800000.0,6.27,0.002549
1266751,801231.ZICN,801231,上海申银万国证券研究所有限公司,申万综合Ⅱ,XSHG,2018-04-03,2466.13,2436.27,2388.55,2474.11,2434.68,514800000.0,4437640000.0,-31.45,-0.012753
1267136,801231.ZICN,801231,上海申银万国证券研究所有限公司,申万综合Ⅱ,XSHG,2018-04-04,2434.68,2440.14,2399.75,2476.1,2421.63,431550000.0,3694670000.0,-13.05,-0.00536
1267521,801231.ZICN,801231,上海申银万国证券研究所有限公司,申万综合Ⅱ,XSHG,2018-04-09,2421.63,2406.39,2361.97,2435.66,2406.08,365590000.0,2967930000.0,-15.55,-0.006421
1267906,801231.ZICN,801231,上海申银万国证券研究所有限公司,申万综合Ⅱ,XSHG,2018-04-10,2406.08,2403.38,2374.11,2447.11,2426.33,401540000.0,3512040000.0,20.25,0.008416
1268291,801231.ZICN,801231,上海申银万国证券研究所有限公司,申万综合Ⅱ,XSHG,2018-04-11,2426.33,2429.8,2405.85,2463.24,2434.19,405390000.0,3619350000.0,7.86,0.003239
1268676,801231.ZICN,801231,上海申银万国证券研究所有限公司,申万综合Ⅱ,XSHG,2018-04-12,2434.19,2428.53,2398.63,2461.35,2425.37,389690000.0,3491470000.0,-8.82,-0.0036229999999999995
1269061,801231.ZICN,801231,上海申银万国证券研究所有限公司,申万综合Ⅱ,XSHG,2018-04-13,2425.37,2430.99,2390.79,2456.21,2412.04,373620000.0,3239460000.0,-13.33,-0.005496
1269446,801231.ZICN,801231,上海申银万国证券研究所有限公司,申万综合Ⅱ,XSHG,2018-04-16,2412.04,2407.46,2357.47,2436.81,2386.95,414420000.0,3133130000.0,-25.09,-0.010402
1269831,801231.ZICN,801231,上海申银万国证券研究所有限公司,申万综合Ⅱ,XSHG,2018-04-17,2386.95,2386.41,2318.39,2406.9,2335.11,383710000.0,2979720000.0,-51.84,-0.021718
1270216,801231.ZICN,801231,上海申银万国证券研究所有限公司,申万综合Ⅱ,XSHG,2018-04-18,2335.11,2346.58,2282.36,2378.93,2351.26,424270000.0,3126240000.0,16.15,0.006915999999999999
1270601,801231.ZICN,801231,上海申银万国证券研究所有限公司,申万综合Ⅱ,XSHG,2018-04-19,2351.26,2347.23,2327.15,2403.97,2369.77,454740000.0,3454150000.0,18.51,0.007872
1270986,801231.ZICN,801231,上海申银万国证券研究所有限公司,申万综合Ⅱ,XSHG,2018-04-20,2369.77,2360.25,2308.04,2393.39,2334.81,494900000.0,3748360000.0,-34.96,-0.014752000000000001
1271371,801231.ZICN,801231,上海申银万国证券研究所有限公司,申万综合Ⅱ,XSHG,2018-04-23,2334.81,2337.0,2280.38,2365.53,2318.74,420050000.0,2956880000.0,-16.07,-0.006883
1271756,801231.ZICN,801231,上海申银万国证券研究所有限公司,申万综合Ⅱ,XSHG,2018-04-24,2318.74,2315.58,2299.82,2368.88,2352.52,370510000.0,2850490000.0,33.78,0.014568000000000001
1272141,801231.ZICN,801231,上海申银万国证券研究所有限公司,申万综合Ⅱ,XSHG,2018-04-25,2352.52,2333.6,2314.7,2376.44,2353.08,414540000.0,3187970000.0,0.56,0.00023799999999999998
1272526,801231.ZICN,801231,上海申银万国证券研究所有限公司,申万综合Ⅱ,XSHG,2018-04-26,2353.08,2337.14,2277.88,2364.71,2295.44,564340000.0,4002600000.0,-57.64,-0.024496
1272911,801231.ZICN,801231,上海申银万国证券研究所有限公司,申万综合Ⅱ,XSHG,2018-04-27,2295.44,2299.88,2253.56,2324.52,2280.65,402660000.0,2789840000.0,-14.79,-0.006443000000000001
1273296,801231.ZICN,801231,上海申银万国证券研究所有限公司,申万综合Ⅱ,XSHG,2018-05-02,2280.65,2280.59,2242.2,2312.66,2274.0,293210000.0,2001840000.0,-6.65,-0.002916
1273681,801231.ZICN,801231,上海申银万国证券研究所有限公司,申万综合Ⅱ,XSHG,2018-05-03,2274.0,2266.04,2226.96,2296.48,2279.72,335420000.0,2310170000.0,5.72,0.002515
1274066,801231.ZICN,801231,上海申银万国证券研究所有限公司,申万综合Ⅱ,XSHG,2018-05-04,2279.72,2269.24,2248.6,2302.7,2270.82,276170000.0,1865210000.0,-8.9,-0.003904
1274451,801231.ZICN,801231,上海申银万国证券研究所有限公司,申万综合Ⅱ,XSHG,2018-05-07,2270.82,2271.93,2256.5,2309.04,2296.82,306030000.0,2133020000.0,26.0,0.01145
1274836,801231.ZICN,801231,上海申银万国证券研究所有限公司,申万综合Ⅱ,XSHG,2018-05-08,2296.82,2290.39,2271.04,2323.87,2308.18,343720000.0,2505910000.0,11.36,0.004946
1275221,801231.ZICN,801231,上海申银万国证券研究所有限公司,申万综合Ⅱ,XSHG,2018-05-09,2308.18,2299.77,2278.39,2331.32,2302.47,289850000.0,2159130000.0,-5.71,-0.0024739999999999996
1275606,801231.ZICN,801231,上海申银万国证券研究所有限公司,申万综合Ⅱ,XSHG,2018-05-10,2302.47,2302.52,2277.12,2328.28,2305.48,350830000.0,2546550000.0,3.01,0.001307
1275991,801231.ZICN,801231,上海申银万国证券研究所有限公司,申万综合Ⅱ,XSHG,2018-05-11,2305.48,2305.89,2267.01,2322.94,2282.61,309260000.0,2243870000.0,-22.87,-0.00992
1276376,801231.ZICN,801231,上海申银万国证券研究所有限公司,申万综合Ⅱ,XSHG,2018-05-14,2282.61,2281.22,2250.13,2305.07,2272.26,297700000.0,2086320000.0,-10.35,-0.004534000000000001
1276761,801231.ZICN,801231,上海申银万国证券研究所有限公司,申万综合Ⅱ,XSHG,2018-05-15,2272.26,2275.1,2245.3,2300.22,2281.6,295930000.0,2285360000.0,9.34,0.00411
1277148,801231.ZICN,801231,上海申银万国证券研究所有限公司,申万综合Ⅱ,XSHG,2018-05-16,2281.6,2271.49,2249.15,2299.97,2271.51,285460000.0,2335740000.0,-10.09,-0.004422
1277533,801231.ZICN,801231,上海申银万国证券研究所有限公司,申万综合Ⅱ,XSHG,2018-05-17,2271.51,2269.01,2234.17,2286.63,2254.98,306150000.0,2506760000.0,-16.53,-0.007277
1277918,801231.ZICN,801231,上海申银万国证券研究所有限公司,申万综合Ⅱ,XSHG,2018-05-18,2254.98,2250.06,2231.42,2291.64,2274.93,350870000.0,2520930000.0,19.95,0.008847
1278303,801231.ZICN,801231,上海申银万国证券研究所有限公司,申万综合Ⅱ,XSHG,2018-05-21,2274.93,2286.84,2269.47,2319.83,2299.55,520810000.0,3158210000.0,24.62,0.010822
1278688,801231.ZICN,801231,上海申银万国证券研究所有限公司,申万综合Ⅱ,XSHG,2018-05-22,2299.55,2298.88,2275.58,2332.39,2312.22,451390000.0,3056070000.0,12.67,0.00551
1279073,801231.ZICN,801231,上海申银万国证券研究所有限公司,申万综合Ⅱ,XSHG,2018-05-23,2312.22,2307.27,2266.84,2332.68,2289.23,503960000.0,3545890000.0,-22.99,-0.009943
1279458,801231.ZICN,801231,上海申银万国证券研究所有限公司,申万综合Ⅱ,XSHG,2018-05-24,2289.23,2291.71,2264.0,2317.54,2286.07,392630000.0,2887570000.0,-3.16,-0.0013800000000000002
1279843,801231.ZICN,801231,上海申银万国证券研究所有限公司,申万综合Ⅱ,XSHG,2018-05-25,2286.07,2284.46,2243.75,2307.33,2263.16,403600000.0,2640980000.0,-22.91,-0.010022
1280228,801231.ZICN,801231,上海申银万国证券研究所有限公司,申万综合Ⅱ,XSHG,2018-05-28,2263.16,2263.48,2216.41,2281.97,2238.39,386510000.0,2698510000.0,-24.77,-0.010945
1280613,801231.ZICN,801231,上海申银万国证券研究所有限公司,申万综合Ⅱ,XSHG,2018-05-29,2238.39,2229.58,2199.29,2264.62,2229.18,370490000.0,2527930000.0,-9.21,-0.004115
1280998,801231.ZICN,801231,上海申银万国证券研究所有限公司,申万综合Ⅱ,XSHG,2018-05-30,2229.18,2205.15,2131.47,2221.2,2157.16,384290000.0,2805410000.0,-72.02,-0.032307999999999996
1281385,801231.ZICN,801231,上海申银万国证券研究所有限公司,申万综合Ⅱ,XSHG,2018-05-31,2157.16,2163.58,2137.36,2193.62,2170.81,354960000.0,2302010000.0,13.65,0.006328
1281772,801231.ZICN,801231,上海申银万国证券研究所有限公司,申万综合Ⅱ,XSHG,2018-06-01,2170.81,2164.15,2127.46,2188.23,2154.26,294720000.0,1913330000.0,-16.55,-0.007624
1282157,801231.ZICN,801231,上海申银万国证券研究所有限公司,申万综合Ⅱ,XSHG,2018-06-04,2154.26,2157.94,2127.78,2178.53,2150.28,256230000.0,1553970000.0,-3.98,-0.001848
1282542,801231.ZICN,801231,上海申银万国证券研究所有限公司,申万综合Ⅱ,XSHG,2018-06-05,2150.28,2152.9,2133.08,2187.34,2175.76,304170000.0,1891810000.0,25.48,0.01185
1282927,801231.ZICN,801231,上海申银万国证券研究所有限公司,申万综合Ⅱ,XSHG,2018-06-06,2175.76,2171.95,2149.51,2195.0,2178.15,304410000.0,2115980000.0,2.39,0.001098
1283312,801231.ZICN,801231,上海申银万国证券研究所有限公司,申万综合Ⅱ,XSHG,2018-06-07,2178.15,2179.7,2149.16,2203.79,2166.82,286280000.0,2047690000.0,-11.33,-0.005202
1283697,801231.ZICN,801231,上海申银万国证券研究所有限公司,申万综合Ⅱ,XSHG,2018-06-08,2166.82,2169.69,2108.69,2193.13,2135.64,391320000.0,2511020000.0,-31.18,-0.01439
1284082,801231.ZICN,801231,上海申银万国证券研究所有限公司,申万综合Ⅱ,XSHG,2018-06-11,2135.64,2128.27,2081.33,2147.33,2117.3,273550000.0,1942180000.0,-18.34,-0.008588
1284467,801231.ZICN,801231,上海申银万国证券研究所有限公司,申万综合Ⅱ,XSHG,2018-06-12,2117.3,2114.45,2085.35,2138.62,2127.64,248310000.0,1888210000.0,10.34,0.004884
1284852,801231.ZICN,801231,上海申银万国证券研究所有限公司,申万综合Ⅱ,XSHG,2018-06-13,2127.64,2124.56,2082.56,2139.39,2099.56,260770000.0,2009600000.0,-28.08,-0.013198
1285237,801231.ZICN,801231,上海申银万国证券研究所有限公司,申万综合Ⅱ,XSHG,2018-06-14,2099.56,2087.9,2063.37,2119.34,2094.41,247710000.0,1784050000.0,-5.15,-0.0024530000000000003
1285622,801231.ZICN,801231,上海申银万国证券研究所有限公司,申万综合Ⅱ,XSHG,2018-06-15,2094.41,2090.58,2024.41,2103.49,2049.54,275250000.0,1841450000.0,-44.87,-0.021424000000000002
1286007,801231.ZICN,801231,上海申银万国证券研究所有限公司,申万综合Ⅱ,XSHG,2018-06-19,2049.54,2017.71,1892.41,2035.17,1910.12,451370000.0,2616530000.0,-139.42,-0.068025
1286392,801231.ZICN,801231,上海申银万国证券研究所有限公司,申万综合Ⅱ,XSHG,2018-06-20,1910.12,1884.45,1849.14,1934.42,1901.5,383740000.0,2152740000.0,-8.62,-0.0045130000000000005
1286777,801231.ZICN,801231,上海申银万国证券研究所有限公司,申万综合Ⅱ,XSHG,2018-06-21,1901.5,1901.22,1830.93,1931.71,1852.38,381040000.0,2061320000.0,-49.12,-0.025832
1287162,801231.ZICN,801231,上海申银万国证券研究所有限公司,申万综合Ⅱ,XSHG,2018-06-22,1852.38,1841.17,1813.45,1890.72,1875.22,285970000.0,1526050000.0,22.84,0.012329999999999999
1287547,801231.ZICN,801231,上海申银万国证券研究所有限公司,申万综合Ⅱ,XSHG,2018-06-25,1875.22,1890.17,1858.29,1917.22,1872.11,248100000.0,1503590000.0,-3.11,-0.0016579999999999998
1287932,801231.ZICN,801231,上海申银万国证券研究所有限公司,申万综合Ⅱ,XSHG,2018-06-26,1872.11,1846.66,1825.79,1899.89,1885.42,247200000.0,1524030000.0,13.31,0.007109999999999999
1288317,801231.ZICN,801231,上海申银万国证券研究所有限公司,申万综合Ⅱ,XSHG,2018-06-27,1885.42,1886.14,1855.32,1910.1,1878.7,279840000.0,1631060000.0,-6.72,-0.003564
1288702,801231.ZICN,801231,上海申银万国证券研究所有限公司,申万综合Ⅱ,XSHG,2018-06-28,1878.7,1878.81,1841.44,1903.46,1858.32,273970000.0,1609870000.0,-20.38,-0.010848
1289087,801231.ZICN,801231,上海申银万国证券研究所有限公司,申万综合Ⅱ,XSHG,2018-06-29,1858.32,1860.5,1842.31,1916.33,1904.38,310460000.0,1980750000.0,46.06,0.024786000000000002
1289472,801231.ZICN,801231,上海申银万国证券研究所有限公司,申万综合Ⅱ,XSHG,2018-07-02,1904.38,1906.45,1856.64,1922.39,1879.79,317850000.0,2066700000.0,-24.59,-0.012912
1289857,801231.ZICN,801231,上海申银万国证券研究所有限公司,申万综合Ⅱ,XSHG,2018-07-03,1879.79,1882.22,1855.56,1923.44,1904.48,314380000.0,1951910000.0,24.69,0.013134
1290242,801231.ZICN,801231,上海申银万国证券研究所有限公司,申万综合Ⅱ,XSHG,2018-07-04,1904.48,1903.73,1858.01,1914.77,1875.87,242150000.0,1514770000.0,-28.61,-0.015022
1290627,801231.ZICN,801231,上海申银万国证券研究所有限公司,申万综合Ⅱ,XSHG,2018-07-05,1875.87,1874.66,1817.17,1895.61,1830.68,270380000.0,1625790000.0,-45.19,-0.02409
1291012,801231.ZICN,801231,上海申银万国证券研究所有限公司,申万综合Ⅱ,XSHG,2018-07-06,1830.68,1835.96,1789.43,1871.46,1840.24,308240000.0,1767930000.0,9.56,0.005222
1291397,801231.ZICN,801231,上海申银万国证券研究所有限公司,申万综合Ⅱ,XSHG,2018-07-09,1840.24,1842.09,1828.75,1878.35,1866.52,246710000.0,1545850000.0,26.28,0.014281
1291782,801231.ZICN,801231,上海申银万国证券研究所有限公司,申万综合Ⅱ,XSHG,2018-07-10,1866.52,1868.33,1851.03,1903.52,1888.83,275740000.0,1714230000.0,22.31,0.011953
1292167,801231.ZICN,801231,上海申银万国证券研究所有限公司,申万综合Ⅱ,XSHG,2018-07-11,1888.83,1871.8,1814.39,1883.2,1848.81,315680000.0,1831740000.0,-40.02,-0.021188
1292552,801231.ZICN,801231,上海申银万国证券研究所有限公司,申万综合Ⅱ,XSHG,2018-07-12,1848.81,1839.96,1830.8,1893.71,1880.49,323360000.0,2037810000.0,31.68,0.017135
1292937,801231.ZICN,801231,上海申银万国证券研究所有限公司,申万综合Ⅱ,XSHG,2018-07-13,1880.49,1876.01,1859.23,1904.02,1882.73,277190000.0,1732020000.0,2.24,0.001191
1293322,801231.ZICN,801231,上海申银万国证券研究所有限公司,申万综合Ⅱ,XSHG,2018-07-16,1882.73,1877.47,1849.11,1898.44,1881.31,279510000.0,1459770000.0,-1.42,-0.000754
1293707,801231.ZICN,801231,上海申银万国证券研究所有限公司,申万综合Ⅱ,XSHG,2018-07-17,1881.31,1887.3,1860.33,1923.38,1903.52,391190000.0,1983720000.0,22.21,0.011806
1294092,801231.ZICN,801231,上海申银万国证券研究所有限公司,申万综合Ⅱ,XSHG,2018-07-18,1903.52,1904.18,1880.98,1939.05,1897.09,349510000.0,1888120000.0,-6.43,-0.003378
1294477,801231.ZICN,801231,上海申银万国证券研究所有限公司,申万综合Ⅱ,XSHG,2018-07-19,1897.09,1895.79,1856.47,1919.2,1876.06,276690000.0,1464410000.0,-21.03,-0.011085
1294862,801231.ZICN,801231,上海申银万国证券研究所有限公司,申万综合Ⅱ,XSHG,2018-07-20,1876.06,1872.49,1846.93,1907.26,1893.0,272180000.0,1399800000.0,16.94,0.00903
1295247,801231.ZICN,801231,上海申银万国证券研究所有限公司,申万综合Ⅱ,XSHG,2018-07-23,1893.0,1898.19,1859.09,1934.21,1906.93,389670000.0,2028930000.0,13.93,0.007359
1295632,801231.ZICN,801231,上海申银万国证券研究所有限公司,申万综合Ⅱ,XSHG,2018-07-24,1906.93,1908.06,1891.23,1959.68,1942.82,442970000.0,2247740000.0,35.89,0.018821
1296017,801231.ZICN,801231,上海申银万国证券研究所有限公司,申万综合Ⅱ,XSHG,2018-07-25,1942.82,1943.48,1919.49,1965.92,1942.71,320040000.0,1700990000.0,-0.11,-5.6999999999999996e-05
1296402,801231.ZICN,801231,上海申银万国证券研究所有限公司,申万综合Ⅱ,XSHG,2018-07-26,1942.71,1942.95,1922.23,1986.98,1963.46,499110000.0,2657270000.0,20.75,0.010681
1296787,801231.ZICN,801231,上海申银万国证券研究所有限公司,申万综合Ⅱ,XSHG,2018-07-27,1963.46,1960.49,1935.38,1991.47,1953.43,389760000.0,2038370000.0,-10.03,-0.005108
1297172,801231.ZICN,801231,上海申银万国证券研究所有限公司,申万综合Ⅱ,XSHG,2018-07-30,1953.43,1955.03,1910.04,1974.13,1928.34,311000000.0,1591950000.0,-25.09,-0.012844
1297557,801231.ZICN,801231,上海申银万国证券研究所有限公司,申万综合Ⅱ,XSHG,2018-07-31,1928.34,1930.03,1904.09,1962.16,1940.59,268920000.0,1649390000.0,12.25,0.006353
1297942,801231.ZICN,801231,上海申银万国证券研究所有限公司,申万综合Ⅱ,XSHG,2018-08-01,1940.59,1941.74,1895.9,1970.65,1911.24,316020000.0,1875890000.0,-29.35,-0.015124
1298327,801231.ZICN,801231,上海申银万国证券研究所有限公司,申万综合Ⅱ,XSHG,2018-08-02,1911.24,1904.38,1819.02,1922.05,1869.54,397190000.0,2268640000.0,-41.7,-0.021818
1298712,801231.ZICN,801231,上海申银万国证券研究所有限公司,申万综合Ⅱ,XSHG,2018-08-03,1869.54,1866.86,1838.56,1890.02,1856.51,219010000.0,1299520000.0,-13.03,-0.0069700000000000005
1299097,801231.ZICN,801231,上海申银万国证券研究所有限公司,申万综合Ⅱ,XSHG,2018-08-06,1856.51,1854.69,1812.19,1881.18,1837.37,257000000.0,1454660000.0,-19.14,-0.01031
1299482,801231.ZICN,801231,上海申银万国证券研究所有限公司,申万综合Ⅱ,XSHG,2018-08-07,1837.37,1840.52,1820.62,1886.54,1878.83,289090000.0,1600580000.0,41.46,0.022565
1299867,801231.ZICN,801231,上海申银万国证券研究所有限公司,申万综合Ⅱ,XSHG,2018-08-08,1878.83,1874.56,1841.37,1900.66,1862.35,298060000.0,1639620000.0,-16.48,-0.008771
1300252,801231.ZICN,801231,上海申银万国证券研究所有限公司,申万综合Ⅱ,XSHG,2018-08-09,1862.35,1853.66,1839.05,1904.1,1888.24,313940000.0,1655290000.0,25.89,0.013902000000000001
1300637,801231.ZICN,801231,上海申银万国证券研究所有限公司,申万综合Ⅱ,XSHG,2018-08-10,1888.24,1891.12,1868.2,1917.33,1894.57,253200000.0,1308570000.0,6.33,0.0033520000000000004
1301022,801231.ZICN,801231,上海申银万国证券研究所有限公司,申万综合Ⅱ,XSHG,2018-08-13,1894.57,1875.77,1849.54,1901.87,1891.91,213560000.0,1148670000.0,-2.66,-0.0014039999999999999
1301407,801231.ZICN,801231,上海申银万国证券研究所有限公司,申万综合Ⅱ,XSHG,2018-08-14,1891.91,1892.47,1876.63,1923.75,1898.76,259730000.0,1410280000.0,6.85,0.003621
1301794,801231.ZICN,801231,上海申银万国证券研究所有限公司,申万综合Ⅱ,XSHG,2018-08-15,1898.76,1899.74,1853.48,1915.5,1868.38,265400000.0,1480290000.0,-30.38,-0.016
1302179,801231.ZICN,801231,上海申银万国证券研究所有限公司,申万综合Ⅱ,XSHG,2018-08-16,1868.38,1855.4,1830.04,1882.57,1857.56,249500000.0,1467270000.0,-10.82,-0.005790999999999999
1302564,801231.ZICN,801231,上海申银万国证券研究所有限公司,申万综合Ⅱ,XSHG,2018-08-17,1857.56,1858.48,1806.28,1873.14,1819.66,262780000.0,1454720000.0,-37.9,-0.020403
1302949,801231.ZICN,801231,上海申银万国证券研究所有限公司,申万综合Ⅱ,XSHG,2018-08-20,1819.66,1803.17,1772.45,1826.38,1807.84,231290000.0,1221360000.0,-11.82,-0.006495999999999999
1303334,801231.ZICN,801231,上海申银万国证券研究所有限公司,申万综合Ⅱ,XSHG,2018-08-21,1807.84,1801.85,1789.22,1828.93,1817.2,195450000.0,1013870000.0,9.36,0.005177
1303719,801231.ZICN,801231,上海申银万国证券研究所有限公司,申万综合Ⅱ,XSHG,2018-08-22,1817.2,1807.8,1786.37,1830.86,1801.34,369590000.0,1458360000.0,-15.86,-0.008728
1304104,801231.ZICN,801231,上海申银万国证券研究所有限公司,申万综合Ⅱ,XSHG,2018-08-23,1801.34,1796.16,1777.94,1818.26,1799.11,295680000.0,1211540000.0,-2.23,-0.0012380000000000002
1304489,801231.ZICN,801231,上海申银万国证券研究所有限公司,申万综合Ⅱ,XSHG,2018-08-24,1799.11,1795.81,1778.98,1814.29,1795.51,216130000.0,958690000.0,-3.6,-0.002001
1304874,801231.ZICN,801231,上海申银万国证券研究所有限公司,申万综合Ⅱ,XSHG,2018-08-27,1795.51,1793.9,1787.29,1830.21,1819.55,280440000.0,1290310000.0,24.04,0.013388999999999998
1305259,801231.ZICN,801231,上海申银万国证券研究所有限公司,申万综合Ⅱ,XSHG,2018-08-28,1819.55,1821.86,1804.55,1839.54,1820.44,270290000.0,1199050000.0,0.89,0.000489
1305644,801231.ZICN,801231,上海申银万国证券研究所有限公司,申万综合Ⅱ,XSHG,2018-08-29,1820.44,1818.31,1800.23,1835.58,1815.94,249430000.0,1223710000.0,-4.5,-0.002472
1306029,801231.ZICN,801231,上海申银万国证券研究所有限公司,申万综合Ⅱ,XSHG,2018-08-30,1815.94,1813.89,1780.59,1833.59,1794.51,312880000.0,1371060000.0,-21.43,-0.011801
1306414,801231.ZICN,801231,上海申银万国证券研究所有限公司,申万综合Ⅱ,XSHG,2018-08-31,1794.51,1793.43,1765.63,1812.6,1784.05,303830000.0,1289290000.0,-10.46,-0.005829
1306799,801231.ZICN,801231,上海申银万国证券研究所有限公司,申万综合Ⅱ,XSHG,2018-09-03,1784.05,1776.85,1742.03,1798.23,1776.87,353320000.0,1509500000.0,-7.18,-0.004025
1307186,801231.ZICN,801231,上海申银万国证券研究所有限公司,申万综合Ⅱ,XSHG,2018-09-04,1776.87,1773.67,1763.11,1810.39,1798.29,315900000.0,1410280000.0,21.42,0.012055
1307573,801231.ZICN,801231,上海申银万国证券研究所有限公司,申万综合Ⅱ,XSHG,2018-09-05,1798.29,1778.64,1755.42,1805.35,1768.72,308760000.0,1370920000.0,-29.57,-0.016443
1307960,801231.ZICN,801231,上海申银万国证券研究所有限公司,申万综合Ⅱ,XSHG,2018-09-06,1768.72,1766.76,1744.25,1790.08,1758.0,230190000.0,1136630000.0,-10.72,-0.0060609999999999995
1308347,801231.ZICN,801231,上海申银万国证券研究所有限公司,申万综合Ⅱ,XSHG,2018-09-07,1758.0,1763.3,1746.64,1789.28,1762.48,245550000.0,1369540000.0,4.48,0.002548
1308734,801231.ZICN,801231,上海申银万国证券研究所有限公司,申万综合Ⅱ,XSHG,2018-09-10,1762.48,1761.16,1724.68,1762.8,1725.88,241590000.0,1242900000.0,-36.6,-0.020766
1309121,801231.ZICN,801231,上海申银万国证券研究所有限公司,申万综合Ⅱ,XSHG,2018-09-11,1725.88,1725.66,1693.97,1744.07,1723.32,217810000.0,1012990000.0,-2.56,-0.001483
1309508,801231.ZICN,801231,上海申银万国证券研究所有限公司,申万综合Ⅱ,XSHG,2018-09-12,1723.32,1724.09,1707.6,1745.68,1724.16,174940000.0,802980000.0,0.84,0.000487
1309895,801231.ZICN,801231,上海申银万国证券研究所有限公司,申万综合Ⅱ,XSHG,2018-09-13,1724.16,1731.89,1713.54,1753.72,1739.92,268040000.0,1118100000.0,15.76,0.009141
1310282,801231.ZICN,801231,上海申银万国证券研究所有限公司,申万综合Ⅱ,XSHG,2018-09-14,1739.92,1740.18,1721.4,1761.12,1735.28,263150000.0,1136030000.0,-4.64,-0.002667
1310669,801231.ZICN,801231,上海申银万国证券研究所有限公司,申万综合Ⅱ,XSHG,2018-09-17,1735.28,1731.11,1683.91,1737.75,1698.23,231570000.0,1044310000.0,-37.05,-0.021351
1311054,801231.ZICN,801231,上海申银万国证券研究所有限公司,申万综合Ⅱ,XSHG,2018-09-18,1698.23,1694.17,1683.19,1736.84,1728.39,260270000.0,1241740000.0,30.16,0.017759999999999998
1311439,801231.ZICN,801231,上海申银万国证券研究所有限公司,申万综合Ⅱ,XSHG,2018-09-19,1728.39,1726.31,1713.28,1763.11,1746.78,357820000.0,1594540000.0,18.39,0.01064
1311824,801231.ZICN,801231,上海申银万国证券研究所有限公司,申万综合Ⅱ,XSHG,2018-09-20,1746.78,1746.51,1727.83,1766.22,1741.23,306570000.0,1298190000.0,-5.55,-0.003177
1312209,801231.ZICN,801231,上海申银万国证券研究所有限公司,申万综合Ⅱ,XSHG,2018-09-21,1741.23,1743.51,1728.52,1769.58,1759.93,349300000.0,1449920000.0,18.7,0.010740000000000001
1312594,801231.ZICN,801231,上海申银万国证券研究所有限公司,申万综合Ⅱ,XSHG,2018-09-25,1759.93,1753.99,1734.04,1769.62,1752.43,259210000.0,1147580000.0,-7.5,-0.004262
1312979,801231.ZICN,801231,上海申银万国证券研究所有限公司,申万综合Ⅱ,XSHG,2018-09-26,1752.43,1751.59,1739.83,1768.57,1754.98,299350000.0,1289520000.0,2.55,0.0014550000000000001
1313364,801231.ZICN,801231,上海申银万国证券研究所有限公司,申万综合Ⅱ,XSHG,2018-09-27,1754.98,1755.96,1720.68,1762.38,1726.22,272080000.0,1297710000.0,-28.76,-0.016388
1313749,801231.ZICN,801231,上海申银万国证券研究所有限公司,申万综合Ⅱ,XSHG,2018-09-28,1726.22,1726.95,1719.96,1757.73,1743.8,386240000.0,1800140000.0,17.58,0.010184
1314134,801231.ZICN,801231,上海申银万国证券研究所有限公司,申万综合Ⅱ,XSHG,2018-10-08,1743.8,1717.68,1674.41,1729.7,1685.28,347510000.0,1561600000.0,-58.52,-0.033559
1314521,801231.ZICN,801231,上海申银万国证券研究所有限公司,申万综合Ⅱ,XSHG,2018-10-09,1685.28,1684.35,1665.22,1706.15,1682.45,328550000.0,1456230000.0,-2.83,-0.001679
1314906,801231.ZICN,801231,上海申银万国证券研究所有限公司,申万综合Ⅱ,XSHG,2018-10-10,1682.45,1684.93,1664.54,1703.37,1684.07,251840000.0,1300980000.0,1.62,0.0009630000000000001
1315291,801231.ZICN,801231,上海申银万国证券研究所有限公司,申万综合Ⅱ,XSHG,2018-10-11,1684.07,1637.52,1534.38,1650.24,1556.55,475780000.0,2047760000.0,-127.52,-0.07572100000000001
1315676,801231.ZICN,801231,上海申银万国证券研究所有限公司,申万综合Ⅱ,XSHG,2018-10-12,1556.55,1530.66,1453.81,1563.12,1527.2,537780000.0,2147310000.0,-29.35,-0.018856
1316061,801231.ZICN,801231,上海申银万国证券研究所有限公司,申万综合Ⅱ,XSHG,2018-10-15,1527.2,1534.8,1490.05,1554.56,1504.81,279970000.0,1197720000.0,-22.39,-0.014661000000000002
1316446,801231.ZICN,801231,上海申银万国证券研究所有限公司,申万综合Ⅱ,XSHG,2018-10-16,1504.81,1507.33,1457.84,1529.97,1478.39,331500000.0,1469000000.0,-26.42,-0.017557
1316831,801231.ZICN,801231,上海申银万国证券研究所有限公司,申万综合Ⅱ,XSHG,2018-10-17,1478.39,1496.07,1458.72,1513.93,1491.6,301400000.0,1340950000.0,13.21,0.008935
1317216,801231.ZICN,801231,上海申银万国证券研究所有限公司,申万综合Ⅱ,XSHG,2018-10-18,1491.6,1484.56,1427.61,1495.9,1441.21,294770000.0,1364110000.0,-50.39,-0.033783
1317601,801231.ZICN,801231,上海申银万国证券研究所有限公司,申万综合Ⅱ,XSHG,2018-10-19,1441.21,1422.8,1400.97,1490.26,1480.41,381320000.0,1697760000.0,39.2,0.027199
1317986,801231.ZICN,801231,上海申银万国证券研究所有限公司,申万综合Ⅱ,XSHG,2018-10-22,1480.41,1496.95,1487.36,1581.44,1557.02,532020000.0,2104190000.0,76.61,0.051749
1318371,801231.ZICN,801231,上海申银万国证券研究所有限公司,申万综合Ⅱ,XSHG,2018-10-23,1557.02,1559.07,1523.29,1579.9,1536.99,401550000.0,1822560000.0,-20.03,-0.012863999999999999
1318756,801231.ZICN,801231,上海申银万国证券研究所有限公司,申万综合Ⅱ,XSHG,2018-10-24,1536.99,1531.74,1518.01,1569.31,1540.07,375870000.0,1788720000.0,3.08,0.0020039999999999997
1319141,801231.ZICN,801231,上海申银万国证券研究所有限公司,申万综合Ⅱ,XSHG,2018-10-25,1540.07,1493.42,1473.02,1543.35,1531.71,340280000.0,1534500000.0,-8.36,-0.0054280000000000005
1319526,801231.ZICN,801231,上海申银万国证券研究所有限公司,申万综合Ⅱ,XSHG,2018-10-26,1531.71,1541.9,1526.23,1576.8,1545.44,353870000.0,1516980000.0,13.73,0.008964
1319911,801231.ZICN,801231,上海申银万国证券研究所有限公司,申万综合Ⅱ,XSHG,2018-10-29,1545.44,1541.96,1514.16,1562.47,1530.38,273310000.0,1186670000.0,-15.06,-0.009745
1320296,801231.ZICN,801231,上海申银万国证券研究所有限公司,申万综合Ⅱ,XSHG,2018-10-30,1530.38,1527.51,1502.93,1565.19,1547.94,323370000.0,1380630000.0,17.56,0.011474
1320681,801231.ZICN,801231,上海申银万国证券研究所有限公司,申万综合Ⅱ,XSHG,2018-10-31,1547.94,1553.27,1541.58,1601.99,1578.59,502380000.0,2039530000.0,30.65,0.019801
1321066,801231.ZICN,801231,上海申银万国证券研究所有限公司,申万综合Ⅱ,XSHG,2018-11-01,1578.59,1581.67,1564.88,1629.25,1586.44,538530000.0,2362490000.0,7.85,0.004973
1321451,801231.ZICN,801231,上海申银万国证券研究所有限公司,申万综合Ⅱ,XSHG,2018-11-02,1586.44,1601.94,1588.16,1634.19,1623.52,521820000.0,2352450000.0,37.08,0.023372999999999998
1321836,801231.ZICN,801231,上海申银万国证券研究所有限公司,申万综合Ⅱ,XSHG,2018-11-05,1623.52,1621.66,1604.88,1686.96,1664.44,648750000.0,3179080000.0,40.92,0.025204
1322221,801231.ZICN,801231,上海申银万国证券研究所有限公司,申万综合Ⅱ,XSHG,2018-11-06,1664.44,1669.01,1667.15,1690.86,1690.86,611640000.0,2944620000.0,26.42,0.015872999999999998
1322608,801231.ZICN,801231,上海申银万国证券研究所有限公司,申万综合Ⅱ,XSHG,2018-11-07,1690.86,1695.09,1658.76,1718.36,1672.73,659220000.0,3579650000.0,-18.13,-0.010722
1322993,801231.ZICN,801231,上海申银万国证券研究所有限公司,申万综合Ⅱ,XSHG,2018-11-08,1672.73,1679.45,1656.82,1718.09,1684.04,633550000.0,3371700000.0,11.31,0.006761
1323378,801231.ZICN,801231,上海申银万国证券研究所有限公司,申万综合Ⅱ,XSHG,2018-11-09,1684.04,1691.91,1669.97,1725.23,1697.49,684060000.0,3680540000.0,13.45,0.007987000000000001
1323763,801231.ZICN,801231,上海申银万国证券研究所有限公司,申万综合Ⅱ,XSHG,2018-11-12,1697.49,1701.73,1687.89,1773.47,1760.44,763550000.0,4004710000.0,62.95,0.037084
1324148,801231.ZICN,801231,上海申银万国证券研究所有限公司,申万综合Ⅱ,XSHG,2018-11-13,1760.44,1751.74,1737.69,1844.44,1811.21,896600000.0,4831260000.0,50.77,0.028839
1324533,801231.ZICN,801231,上海申银万国证券研究所有限公司,申万综合Ⅱ,XSHG,2018-11-14,1811.21,1809.84,1770.69,1873.93,1817.98,1156060000.0,6926390000.0,6.77,0.0037380000000000004
1324918,801231.ZICN,801231,上海申银万国证券研究所有限公司,申万综合Ⅱ,XSHG,2018-11-15,1817.98,1821.82,1799.07,1891.39,1862.03,1181640000.0,7075930000.0,44.05,0.02423
1325303,801231.ZICN,801231,上海申银万国证券研究所有限公司,申万综合Ⅱ,XSHG,2018-11-16,1862.03,1864.35,1837.18,1940.25,1908.83,1307350000.0,8572160000.0,46.8,0.025134
1325688,801231.ZICN,801231,上海申银万国证券研究所有限公司,申万综合Ⅱ,XSHG,2018-11-19,1908.83,1904.82,1856.52,1963.23,1916.08,1230410000.0,7818280000.0,7.25,0.0037979999999999997
1326073,801231.ZICN,801231,上海申银万国证券研究所有限公司,申万综合Ⅱ,XSHG,2018-11-20,1916.08,1894.61,1836.56,1931.86,1854.02,986710000.0,5716920000.0,-62.06,-0.032389
1326458,801231.ZICN,801231,上海申银万国证券研究所有限公司,申万综合Ⅱ,XSHG,2018-11-21,1854.02,1832.38,1805.26,1899.29,1868.03,908860000.0,5201770000.0,14.01,0.0075569999999999995
1326843,801231.ZICN,801231,上海申银万国证券研究所有限公司,申万综合Ⅱ,XSHG,2018-11-22,1868.03,1871.31,1832.07,1902.07,1863.76,757790000.0,4533800000.0,-4.27,-0.002286
1327228,801231.ZICN,801231,上海申银万国证券研究所有限公司,申万综合Ⅱ,XSHG,2018-11-23,1863.76,1850.4,1746.43,1875.24,1771.35,947130000.0,5466760000.0,-92.41,-0.049582999999999995
1327613,801231.ZICN,801231,上海申银万国证券研究所有限公司,申万综合Ⅱ,XSHG,2018-11-26,1771.35,1767.67,1745.16,1813.45,1773.53,611190000.0,3450030000.0,2.18,0.001231
1327998,801231.ZICN,801231,上海申银万国证券研究所有限公司,申万综合Ⅱ,XSHG,2018-11-27,1773.53,1786.77,1753.01,1815.68,1785.4,602140000.0,3555220000.0,11.87,0.006693000000000001
1328383,801231.ZICN,801231,上海申银万国证券研究所有限公司,申万综合Ⅱ,XSHG,2018-11-28,1785.4,1783.01,1733.06,1818.69,1797.97,747960000.0,3902030000.0,12.57,0.00704
1328768,801231.ZICN,801231,上海申银万国证券研究所有限公司,申万综合Ⅱ,XSHG,2018-11-29,1797.97,1805.11,1740.53,1831.68,1747.75,699440000.0,3803470000.0,-50.22,-0.027932
1329153,801231.ZICN,801231,上海申银万国证券研究所有限公司,申万综合Ⅱ,XSHG,2018-11-30,1747.75,1745.4,1705.81,1777.8,1755.64,550010000.0,2824270000.0,7.89,0.004514
1329538,801231.ZICN,801231,上海申银万国证券研究所有限公司,申万综合Ⅱ,XSHG,2018-12-03,1755.64,1800.57,1776.67,1837.93,1806.06,750000000.0,4215710000.0,50.42,0.028719
1329923,801231.ZICN,801231,上海申银万国证券研究所有限公司,申万综合Ⅱ,XSHG,2018-12-04,1806.06,1804.36,1789.01,1855.77,1837.26,651090000.0,3740870000.0,31.2,0.017275
1330308,801231.ZICN,801231,上海申银万国证券研究所有限公司,申万综合Ⅱ,XSHG,2018-12-05,1837.26,1805.85,1781.26,1852.61,1821.07,782110000.0,4041290000.0,-16.19,-0.008812
1330693,801231.ZICN,801231,上海申银万国证券研究所有限公司,申万综合Ⅱ,XSHG,2018-12-06,1821.07,1811.02,1774.09,1835.3,1788.15,585080000.0,3080900000.0,-32.92,-0.018077
1331078,801231.ZICN,801231,上海申银万国证券研究所有限公司,申万综合Ⅱ,XSHG,2018-12-07,1788.15,1789.64,1763.66,1817.29,1788.14,469170000.0,2339180000.0,-0.01,-6e-06
1331463,801231.ZICN,801231,上海申银万国证券研究所有限公司,申万综合Ⅱ,XSHG,2018-12-10,1788.14,1777.88,1751.65,1804.16,1773.63,424110000.0,2028310000.0,-14.51,-0.008115
1331848,801231.ZICN,801231,上海申银万国证券研究所有限公司,申万综合Ⅱ,XSHG,2018-12-11,1773.63,1781.41,1755.8,1805.99,1781.35,388800000.0,1955240000.0,7.72,0.004353
1332233,801231.ZICN,801231,上海申银万国证券研究所有限公司,申万综合Ⅱ,XSHG,2018-12-12,1781.35,1786.89,1765.44,1808.12,1783.68,418850000.0,2354150000.0,2.33,0.001308
1332618,801231.ZICN,801231,上海申银万国证券研究所有限公司,申万综合Ⅱ,XSHG,2018-12-13,1783.68,1790.07,1766.76,1819.95,1797.8,439310000.0,2430580000.0,14.12,0.007916
1333003,801231.ZICN,801231,上海申银万国证券研究所有限公司,申万综合Ⅱ,XSHG,2018-12-14,1797.8,1797.51,1726.69,1810.73,1741.6,462650000.0,2469610000.0,-56.2,-0.03126
1333388,801231.ZICN,801231,上海申银万国证券研究所有限公司,申万综合Ⅱ,XSHG,2018-12-17,1741.6,1737.26,1714.6,1777.29,1754.33,450400000.0,2523170000.0,12.73,0.007309
1333773,801231.ZICN,801231,上海申银万国证券研究所有限公司,申万综合Ⅱ,XSHG,2018-12-18,1754.33,1745.62,1710.82,1776.01,1746.63,482750000.0,2672490000.0,-7.7,-0.004389
1334158,801231.ZICN,801231,上海申银万国证券研究所有限公司,申万综合Ⅱ,XSHG,2018-12-19,1746.63,1749.51,1712.3,1766.58,1728.21,412350000.0,2352200000.0,-18.42,-0.010546
1334543,801231.ZICN,801231,上海申银万国证券研究所有限公司,申万综合Ⅱ,XSHG,2018-12-20,1728.21,1725.74,1710.43,1758.41,1741.79,396660000.0,2246020000.0,13.58,0.007858
1334928,801231.ZICN,801231,上海申银万国证券研究所有限公司,申万综合Ⅱ,XSHG,2018-12-21,1741.79,1734.48,1693.32,1746.55,1710.76,398920000.0,2080470000.0,-31.03,-0.017815
1335313,801231.ZICN,801231,上海申银万国证券研究所有限公司,申万综合Ⅱ,XSHG,2018-12-24,1710.76,1705.89,1684.34,1730.4,1715.6,296220000.0,1554080000.0,4.84,0.002829
1335698,801231.ZICN,801231,上海申银万国证券研究所有限公司,申万综合Ⅱ,XSHG,2018-12-25,1715.6,1697.05,1637.47,1720.36,1693.41,456060000.0,2282460000.0,-22.19,-0.012934000000000001
1336083,801231.ZICN,801231,上海申银万国证券研究所有限公司,申万综合Ⅱ,XSHG,2018-12-26,1693.41,1692.39,1676.15,1732.45,1709.45,450750000.0,2702100000.0,16.04,0.009472
1336468,801231.ZICN,801231,上海申银万国证券研究所有限公司,申万综合Ⅱ,XSHG,2018-12-27,1709.45,1727.08,1665.11,1743.06,1671.93,497170000.0,2642660000.0,-37.52,-0.021949
1336853,801231.ZICN,801231,上海申银万国证券研究所有限公司,申万综合Ⅱ,XSHG,2018-12-28,1671.93,1675.11,1654.09,1706.69,1679.43,389800000.0,1952190000.0,7.5,0.0044859999999999995
1337238,801231.ZICN,801231,上海申银万国证券研究所有限公司,申万综合Ⅱ,XSHG,2019-01-02,1679.43,1689.57,1656.02,1716.69,1674.07,404420000.0,2012590000.0,-5.36,-0.003192
1337623,801231.ZICN,801231,上海申银万国证券研究所有限公司,申万综合Ⅱ,XSHG,2019-01-03,1674.07,1670.22,1631.23,1701.33,1654.85,448560000.0,2359470000.0,-19.22,-0.011481
1338008,801231.ZICN,801231,上海申银万国证券研究所有限公司,申万综合Ⅱ,XSHG,2019-01-04,1654.85,1635.26,1620.24,1707.54,1695.8,476110000.0,2317200000.0,40.95,0.024745
1338393,801231.ZICN,801231,上海申银万国证券研究所有限公司,申万综合Ⅱ,XSHG,2019-01-07,1695.8,1705.7,1691.32,1739.89,1728.75,501390000.0,2498650000.0,32.95,0.019430000000000003
1338778,801231.ZICN,801231,上海申银万国证券研究所有限公司,申万综合Ⅱ,XSHG,2019-01-08,1728.75,1727.2,1705.06,1755.51,1728.37,419710000.0,2196940000.0,-0.38,-0.00022
1339163,801231.ZICN,801231,上海申银万国证券研究所有限公司,申万综合Ⅱ,XSHG,2019-01-09,1728.37,1733.6,1716.64,1771.47,1734.49,545580000.0,2870730000.0,6.12,0.0035409999999999994
1339548,801231.ZICN,801231,上海申银万国证券研究所有限公司,申万综合Ⅱ,XSHG,2019-01-10,1734.49,1733.3,1710.99,1760.92,1727.93,408890000.0,2132150000.0,-6.56,-0.003782
1339933,801231.ZICN,801231,上海申银万国证券研究所有限公司,申万综合Ⅱ,XSHG,2019-01-11,1727.93,1726.57,1706.66,1757.9,1738.89,429370000.0,2032740000.0,10.96,0.006343
1340318,801231.ZICN,801231,上海申银万国证券研究所有限公司,申万综合Ⅱ,XSHG,2019-01-14,1738.89,1737.82,1717.21,1771.05,1743.19,424210000.0,2173920000.0,4.3,0.002473
1340703,801231.ZICN,801231,上海申银万国证券研究所有限公司,申万综合Ⅱ,XSHG,2019-01-15,1743.19,1739.33,1719.63,1763.18,1752.08,388940000.0,1941190000.0,8.89,0.0051
1341088,801231.ZICN,801231,上海申银万国证券研究所有限公司,申万综合Ⅱ,XSHG,2019-01-16,1752.08,1752.94,1716.77,1776.44,1733.43,545130000.0,2510470000.0,-18.65,-0.010643999999999999
1341473,801231.ZICN,801231,上海申银万国证券研究所有限公司,申万综合Ⅱ,XSHG,2019-01-17,1733.43,1727.36,1701.65,1760.57,1729.59,605480000.0,2963960000.0,-3.84,-0.002215
1341858,801231.ZICN,801231,上海申银万国证券研究所有限公司,申万综合Ⅱ,XSHG,2019-01-18,1729.59,1727.89,1706.45,1757.1,1737.79,807470000.0,3263400000.0,8.2,0.0047409999999999996
1342243,801231.ZICN,801231,上海申银万国证券研究所有限公司,申万综合Ⅱ,XSHG,2019-01-21,1737.79,1735.6,1715.97,1760.42,1739.16,592150000.0,2472040000.0,1.37,0.000788
1342628,801231.ZICN,801231,上海申银万国证券研究所有限公司,申万综合Ⅱ,XSHG,2019-01-22,1739.16,1734.2,1697.26,1750.0,1709.35,459220000.0,2064880000.0,-29.81,-0.01714
1343013,801231.ZICN,801231,上海申银万国证券研究所有限公司,申万综合Ⅱ,XSHG,2019-01-23,1709.35,1703.13,1682.03,1736.4,1711.64,513090000.0,2137840000.0,2.29,0.00134
1343398,801231.ZICN,801231,上海申银万国证券研究所有限公司,申万综合Ⅱ,XSHG,2019-01-24,1711.64,1712.48,1686.21,1731.39,1707.56,455860000.0,2062820000.0,-4.08,-0.002384
1343783,801231.ZICN,801231,上海申银万国证券研究所有限公司,申万综合Ⅱ,XSHG,2019-01-25,1707.56,1715.56,1684.3,1741.94,1706.24,532140000.0,2276390000.0,-1.32,-0.000773
1344168,801231.ZICN,801231,上海申银万国证券研究所有限公司,申万综合Ⅱ,XSHG,2019-01-28,1706.24,1716.61,1677.72,1740.98,1694.41,504740000.0,2248810000.0,-11.83,-0.006933
1344553,801231.ZICN,801231,上海申银万国证券研究所有限公司,申万综合Ⅱ,XSHG,2019-01-29,1694.41,1685.76,1611.31,1701.06,1659.76,502710000.0,2218460000.0,-34.65,-0.02045
1344938,801231.ZICN,801231,上海申银万国证券研究所有限公司,申万综合Ⅱ,XSHG,2019-01-30,1659.76,1652.97,1620.31,1680.17,1635.16,404730000.0,1821760000.0,-24.6,-0.014821
1345323,801231.ZICN,801231,上海申银万国证券研究所有限公司,申万综合Ⅱ,XSHG,2019-01-31,1635.16,1625.62,1588.91,1655.98,1607.68,511760000.0,2045950000.0,-27.48,-0.016806
1345708,801231.ZICN,801231,上海申银万国证券研究所有限公司,申万综合Ⅱ,XSHG,2019-02-01,1607.68,1614.43,1605.06,1655.96,1647.12,378800000.0,1500620000.0,39.44,0.024531999999999998
1346093,801231.ZICN,801231,上海申银万国证券研究所有限公司,申万综合Ⅱ,XSHG,2019-02-11,1647.12,1656.02,1645.25,1694.1,1688.4,408820000.0,1741490000.0,41.28,0.025062
1346478,801231.ZICN,801231,上海申银万国证券研究所有限公司,申万综合Ⅱ,XSHG,2019-02-12,1688.4,1690.65,1680.04,1726.11,1712.5,485510000.0,2084060000.0,24.1,0.014274
1346863,801231.ZICN,801231,上海申银万国证券研究所有限公司,申万综合Ⅱ,XSHG,2019-02-13,1712.5,1712.5,1698.17,1753.9,1742.02,594870000.0,2646100000.0,29.52,0.017238
1347248,801231.ZICN,801231,上海申银万国证券研究所有限公司,申万综合Ⅱ,XSHG,2019-02-14,1742.02,1742.56,1722.85,1771.46,1744.18,521440000.0,2571330000.0,2.16,0.00124
1347633,801231.ZICN,801231,上海申银万国证券研究所有限公司,申万综合Ⅱ,XSHG,2019-02-15,1744.18,1743.59,1727.53,1777.38,1744.28,532540000.0,2556910000.0,0.1,5.6999999999999996e-05
1348018,801231.ZICN,801231,上海申银万国证券研究所有限公司,申万综合Ⅱ,XSHG,2019-02-18,1744.28,1751.4,1744.61,1802.73,1791.65,660810000.0,3167210000.0,47.37,0.027157
1348403,801231.ZICN,801231,上海申银万国证券研究所有限公司,申万综合Ⅱ,XSHG,2019-02-19,1791.65,1798.82,1769.79,1840.58,1806.64,854690000.0,4075220000.0,14.99,0.008367
1348788,801231.ZICN,801231,上海申银万国证券研究所有限公司,申万综合Ⅱ,XSHG,2019-02-20,1806.64,1803.17,1773.21,1832.83,1811.99,691040000.0,3225790000.0,5.35,0.002961
1349173,801231.ZICN,801231,上海申银万国证券研究所有限公司,申万综合Ⅱ,XSHG,2019-02-21,1811.99,1809.6,1788.08,1851.65,1805.24,876090000.0,4317900000.0,-6.75,-0.003725
1349558,801231.ZICN,801231,上海申银万国证券研究所有限公司,申万综合Ⅱ,XSHG,2019-02-22,1805.24,1801.23,1784.08,1879.48,1869.07,991370000.0,5069070000.0,63.83,0.035358
1349943,801231.ZICN,801231,上海申银万国证券研究所有限公司,申万综合Ⅱ,XSHG,2019-02-25,1869.07,1902.69,1878.05,1997.35,1977.87,1581350000.0,8188540000.0,108.8,0.058211
1350328,801231.ZICN,801231,上海申银万国证券研究所有限公司,申万综合Ⅱ,XSHG,2019-02-26,1977.87,1980.68,1929.89,2032.62,1962.39,1618230000.0,8712880000.0,-15.48,-0.007826999999999999
1350713,801231.ZICN,801231,上海申银万国证券研究所有限公司,申万综合Ⅱ,XSHG,2019-02-27,1962.39,1959.03,1934.09,2031.06,1982.01,1352250000.0,7090240000.0,19.62,0.009998
1351099,801231.ZICN,801231,上海申银万国证券研究所有限公司,申万综合Ⅱ,XSHG,2019-02-28,1982.01,1978.27,1939.26,2028.48,1976.84,1256550000.0,6412370000.0,-5.17,-0.0026079999999999996
1351484,801231.ZICN,801231,上海申银万国证券研究所有限公司,申万综合Ⅱ,XSHG,2019-03-01,1976.84,1978.09,1941.08,2011.05,1986.69,1002110000.0,4879380000.0,9.85,0.004983
1351869,801231.ZICN,801231,上海申银万国证券研究所有限公司,申万综合Ⅱ,XSHG,2019-03-04,1986.69,2007.1,1983.24,2064.64,2012.25,1365910000.0,7236780000.0,25.56,0.012865999999999999
1352254,801231.ZICN,801231,上海申银万国证券研究所有限公司,申万综合Ⅱ,XSHG,2019-03-05,2012.25,2009.99,1990.34,2104.6,2093.23,1356390000.0,7605540000.0,80.98,0.040244
1352639,801231.ZICN,801231,上海申银万国证券研究所有限公司,申万综合Ⅱ,XSHG,2019-03-06,2093.23,2120.95,2071.73,2183.71,2149.99,1781700000.0,9860030000.0,56.76,0.027116
1353024,801231.ZICN,801231,上海申银万国证券研究所有限公司,申万综合Ⅱ,XSHG,2019-03-07,2149.99,2139.8,2110.68,2250.3,2208.96,1745120000.0,10239700000.0,58.97,0.027427999999999998
1353409,801231.ZICN,801231,上海申银万国证券研究所有限公司,申万综合Ⅱ,XSHG,2019-03-08,2208.96,2158.28,2065.57,2229.97,2087.64,1693420000.0,9563550000.0,-121.32,-0.054922000000000006
1353794,801231.ZICN,801231,上海申银万国证券研究所有限公司,申万综合Ⅱ,XSHG,2019-03-11,2087.64,2097.81,2077.32,2194.42,2177.92,1205160000.0,6774630000.0,90.28,0.043245
1354179,801231.ZICN,801231,上海申银万国证券研究所有限公司,申万综合Ⅱ,XSHG,2019-03-12,2177.92,2195.21,2162.39,2279.07,2233.0,1578640000.0,9448140000.0,55.08,0.02529
1354564,801231.ZICN,801231,上海申银万国证券研究所有限公司,申万综合Ⅱ,XSHG,2019-03-13,2233.0,2249.66,2183.72,2321.62,2236.84,1763480000.0,11097500000.0,3.84,0.00172
1354949,801231.ZICN,801231,上海申银万国证券研究所有限公司,申万综合Ⅱ,XSHG,2019-03-14,2236.84,2222.32,2111.99,2265.96,2151.9,1400690000.0,8957450000.0,-84.94,-0.037973
1355334,801231.ZICN,801231,上海申银万国证券研究所有限公司,申万综合Ⅱ,XSHG,2019-03-15,2151.9,2164.79,2136.28,2246.67,2206.41,1258970000.0,8301880000.0,54.51,0.025331
1355719,801231.ZICN,801231,上海申银万国证券研究所有限公司,申万综合Ⅱ,XSHG,2019-03-18,2206.41,2219.36,2165.17,2269.6,2243.86,1396190000.0,9895460000.0,37.45,0.016973
1356104,801231.ZICN,801231,上海申银万国证券研究所有限公司,申万综合Ⅱ,XSHG,2019-03-19,2243.86,2236.37,2204.82,2315.26,2283.05,1469030000.0,10065500000.0,39.19,0.017465
1356489,801231.ZICN,801231,上海申银万国证券研究所有限公司,申万综合Ⅱ,XSHG,2019-03-20,2283.05,2287.19,2236.68,2346.63,2304.45,1486310000.0,10397400000.0,21.4,0.009373000000000001
1356874,801231.ZICN,801231,上海申银万国证券研究所有限公司,申万综合Ⅱ,XSHG,2019-03-21,2304.45,2314.71,2268.94,2407.85,2360.22,1815290000.0,13320600000.0,55.77,0.024201
1357259,801231.ZICN,801231,上海申银万国证券研究所有限公司,申万综合Ⅱ,XSHG,2019-03-22,2360.22,2354.87,2292.46,2425.96,2388.04,1865130000.0,13589600000.0,27.82,0.011787
1357644,801231.ZICN,801231,上海申银万国证券研究所有限公司,申万综合Ⅱ,XSHG,2019-03-25,2388.04,2326.24,2279.25,2402.09,2320.03,1587930000.0,11278900000.0,-68.01,-0.028479
1358029,801231.ZICN,801231,上海申银万国证券研究所有限公司,申万综合Ⅱ,XSHG,2019-03-26,2320.03,2325.37,2221.4,2365.61,2251.78,1451160000.0,9705210000.0,-68.25,-0.029418
1358414,801231.ZICN,801231,上海申银万国证券研究所有限公司,申万综合Ⅱ,XSHG,2019-03-27,2251.78,2263.0,2179.52,2289.08,2244.27,1062930000.0,7178150000.0,-7.51,-0.0033350000000000003
1358799,801231.ZICN,801231,上海申银万国证券研究所有限公司,申万综合Ⅱ,XSHG,2019-03-28,2244.27,2228.0,2165.26,2274.55,2188.74,1016820000.0,6850740000.0,-55.53,-0.024743
1359184,801231.ZICN,801231,上海申银万国证券研究所有限公司,申万综合Ⅱ,XSHG,2019-03-29,2188.74,2185.14,2146.69,2266.39,2252.89,1144920000.0,7380860000.0,64.15,0.029308999999999998
1359569,801231.ZICN,801231,上海申银万国证券研究所有限公司,申万综合Ⅱ,XSHG,2019-04-01,2252.89,2259.99,2251.22,2347.43,2323.31,1276150000.0,8784070000.0,70.42,0.031258
1359954,801231.ZICN,801231,上海申银万国证券研究所有限公司,申万综合Ⅱ,XSHG,2019-04-02,2323.31,2325.27,2291.52,2389.24,2340.09,1389930000.0,10062400000.0,16.78,0.007222
1360339,801231.ZICN,801231,上海申银万国证券研究所有限公司,申万综合Ⅱ,XSHG,2019-04-03,2340.09,2326.84,2294.8,2383.08,2362.29,1142100000.0,8191750000.0,22.2,0.009487
1360724,801231.ZICN,801231,上海申银万国证券研究所有限公司,申万综合Ⅱ,XSHG,2019-04-04,2362.29,2370.8,2336.9,2429.4,2382.86,1271000000.0,9219520000.0,20.57,0.008708
1361109,801231.ZICN,801231,上海申银万国证券研究所有限公司,申万综合Ⅱ,XSHG,2019-04-08,2382.86,2379.17,2296.68,2424.18,2350.92,1271540000.0,8721560000.0,-31.94,-0.013404
1361494,801231.ZICN,801231,上海申银万国证券研究所有限公司,申万综合Ⅱ,XSHG,2019-04-09,2350.92,2346.73,2298.59,2393.19,2351.37,1065690000.0,8230560000.0,0.45,0.00019099999999999998
1361879,801231.ZICN,801231,上海申银万国证券研究所有限公司,申万综合Ⅱ,XSHG,2019-04-10,2351.37,2336.12,2290.1,2384.13,2337.05,1024730000.0,7491040000.0,-14.32,-0.00609
1362264,801231.ZICN,801231,上海申银万国证券研究所有限公司,申万综合Ⅱ,XSHG,2019-04-11,2337.05,2331.78,2278.1,2375.97,2293.46,994390000.0,6318940000.0,-43.59,-0.018652000000000002
1362649,801231.ZICN,801231,上海申银万国证券研究所有限公司,申万综合Ⅱ,XSHG,2019-04-12,2293.46,2289.66,2250.86,2338.58,2298.33,818660000.0,5258020000.0,4.87,0.002123
1363034,801231.ZICN,801231,上海申银万国证券研究所有限公司,申万综合Ⅱ,XSHG,2019-04-15,2298.33,2324.02,2261.38,2373.61,2279.52,928230000.0,5926110000.0,-18.81,-0.008184
1363419,801231.ZICN,801231,上海申银万国证券研究所有限公司,申万综合Ⅱ,XSHG,2019-04-16,2279.52,2266.63,2227.52,2334.51,2320.22,879540000.0,5852700000.0,40.7,0.017855000000000003
1363804,801231.ZICN,801231,上海申银万国证券研究所有限公司,申万综合Ⅱ,XSHG,2019-04-17,2320.22,2320.94,2317.74,2351.08,2341.28,999340000.0,6323430000.0,21.06,0.009077
1364189,801231.ZICN,801231,上海申银万国证券研究所有限公司,申万综合Ⅱ,XSHG,2019-04-18,2341.28,2325.72,2277.2,2366.22,2315.99,1236180000.0,7532960000.0,-25.29,-0.010801999999999999
1364574,801231.ZICN,801231,上海申银万国证券研究所有限公司,申万综合Ⅱ,XSHG,2019-04-19,2315.99,2317.14,2279.51,2366.42,2332.84,1019130000.0,6606560000.0,16.85,0.007276
1364959,801231.ZICN,801231,上海申银万国证券研究所有限公司,申万综合Ⅱ,XSHG,2019-04-22,2332.84,2351.13,2289.29,2393.92,2319.69,1088530000.0,7524710000.0,-13.15,-0.005637
1365344,801231.ZICN,801231,上海申银万国证券研究所有限公司,申万综合Ⅱ,XSHG,2019-04-23,2319.69,2309.84,2254.38,2362.37,2294.66,1724860000.0,9983050000.0,-25.03,-0.010790000000000001
1365729,801231.ZICN,801231,上海申银万国证券研究所有限公司,申万综合Ⅱ,XSHG,2019-04-24,2294.66,2286.99,2234.56,2331.41,2307.23,1324370000.0,7469960000.0,12.57,0.005478
1366114,801231.ZICN,801231,上海申银万国证券研究所有限公司,申万综合Ⅱ,XSHG,2019-04-25,2307.23,2300.62,2195.24,2333.35,2204.28,1475630000.0,8325310000.0,-102.95,-0.044621
1366499,801231.ZICN,801231,上海申银万国证券研究所有限公司,申万综合Ⅱ,XSHG,2019-04-26,2204.28,2188.92,2141.99,2253.42,2184.74,1194150000.0,6683750000.0,-19.54,-0.008865000000000001
1366884,801231.ZICN,801231,上海申银万国证券研究所有限公司,申万综合Ⅱ,XSHG,2019-04-29,2184.74,2182.44,2065.37,2215.88,2094.19,1193740000.0,6325940000.0,-90.55,-0.041447000000000005
1367269,801231.ZICN,801231,上海申银万国证券研究所有限公司,申万综合Ⅱ,XSHG,2019-04-30,2094.19,2089.03,2078.74,2165.25,2135.95,556240000.0,3480640000.0,41.76,0.019941
1367654,801231.ZICN,801231,上海申银万国证券研究所有限公司,申万综合Ⅱ,XSHG,2019-05-06,2135.95,2070.53,1962.83,2106.35,1988.7,818900000.0,4496120000.0,-147.25,-0.068939
1368039,801231.ZICN,801231,上海申银万国证券研究所有限公司,申万综合Ⅱ,XSHG,2019-05-07,1988.7,2001.91,1968.94,2073.09,2035.7,1084640000.0,5101260000.0,47.0,0.023634
1368424,801231.ZICN,801231,上海申银万国证券研究所有限公司,申万综合Ⅱ,XSHG,2019-05-08,2035.7,1992.65,1965.46,2077.89,2027.8,976190000.0,4761300000.0,-7.9,-0.0038810000000000003
1368809,801231.ZICN,801231,上海申银万国证券研究所有限公司,申万综合Ⅱ,XSHG,2019-05-09,2027.8,2005.43,1966.57,2043.61,1991.53,716800000.0,3408710000.0,-36.27,-0.017886000000000003
1369194,801231.ZICN,801231,上海申银万国证券研究所有限公司,申万综合Ⅱ,XSHG,2019-05-10,1991.53,2011.34,1948.58,2062.25,2050.85,953890000.0,4707330000.0,59.32,0.029786
1369579,801231.ZICN,801231,上海申银万国证券研究所有限公司,申万综合Ⅱ,XSHG,2019-05-13,2050.85,2027.9,1996.8,2058.56,2026.91,682030000.0,3369720000.0,-23.94,-0.011673000000000001
1369964,801231.ZICN,801231,上海申银万国证券研究所有限公司,申万综合Ⅱ,XSHG,2019-05-14,2026.91,2000.98,1982.98,2061.11,2019.49,779530000.0,3955120000.0,-7.42,-0.0036609999999999998
1370349,801231.ZICN,801231,上海申银万国证券研究所有限公司,申万综合Ⅱ,XSHG,2019-05-15,2019.49,2040.44,2021.25,2079.93,2060.65,903480000.0,5025260000.0,41.16,0.020381
1370734,801231.ZICN,801231,上海申银万国证券研究所有限公司,申万综合Ⅱ,XSHG,2019-05-16,2060.65,2059.48,2036.96,2103.29,2077.47,851130000.0,4779040000.0,16.82,0.008162
1371119,801231.ZICN,801231,上海申银万国证券研究所有限公司,申万综合Ⅱ,XSHG,2019-05-17,2077.47,2078.23,1988.08,2108.14,2009.05,937990000.0,5431380000.0,-68.42,-0.032934
1371504,801231.ZICN,801231,上海申银万国证券研究所有限公司,申万综合Ⅱ,XSHG,2019-05-20,2009.05,2007.0,1927.09,2029.86,1987.83,673360000.0,3737510000.0,-21.22,-0.010562
1371889,801231.ZICN,801231,上海申银万国证券研究所有限公司,申万综合Ⅱ,XSHG,2019-05-21,1987.83,1983.14,1967.45,2048.82,2029.84,596190000.0,3441610000.0,42.01,0.021134
1372274,801231.ZICN,801231,上海申银万国证券研究所有限公司,申万综合Ⅱ,XSHG,2019-05-22,2029.84,2028.35,1979.7,2056.31,2005.81,706100000.0,4846110000.0,-24.03,-0.011838
1372659,801231.ZICN,801231,上海申银万国证券研究所有限公司,申万综合Ⅱ,XSHG,2019-05-23,2005.81,2006.04,1958.4,2050.05,1998.34,748520000.0,4741690000.0,-7.47,-0.0037240000000000003
1373044,801231.ZICN,801231,上海申银万国证券研究所有限公司,申万综合Ⅱ,XSHG,2019-05-24,1998.34,1980.54,1928.58,2015.32,1955.54,749090000.0,4526300000.0,-42.8,-0.021418
1373429,801231.ZICN,801231,上海申银万国证券研究所有限公司,申万综合Ⅱ,XSHG,2019-05-27,1955.54,1953.41,1928.79,2019.3,2005.6,685180000.0,3887710000.0,50.06,0.025599
1373814,801231.ZICN,801231,上海申银万国证券研究所有限公司,申万综合Ⅱ,XSHG,2019-05-28,2005.6,2010.07,1987.02,2061.95,2015.23,892080000.0,5426360000.0,9.63,0.004802000000000001
1374199,801231.ZICN,801231,上海申银万国证券研究所有限公司,申万综合Ⅱ,XSHG,2019-05-29,2015.23,2015.46,1994.45,2059.31,2028.28,708800000.0,4292150000.0,13.05,0.006476000000000001
1374584,801231.ZICN,801231,上海申银万国证券研究所有限公司,申万综合Ⅱ,XSHG,2019-05-30,2028.28,2011.55,1972.5,2039.16,2015.18,775900000.0,4060190000.0,-13.1,-0.006459
1374969,801231.ZICN,801231,上海申银万国证券研究所有限公司,申万综合Ⅱ,XSHG,2019-05-31,2015.18,2012.46,1983.26,2037.86,2000.92,644700000.0,3393080000.0,-14.26,-0.007076000000000001
1375354,801231.ZICN,801231,上海申银万国证券研究所有限公司,申万综合Ⅱ,XSHG,2019-06-03,2000.92,2002.63,1949.97,2042.5,1980.0,715660000.0,3710230000.0,-20.92,-0.010454999999999999
1375739,801231.ZICN,801231,上海申银万国证券研究所有限公司,申万综合Ⅱ,XSHG,2019-06-04,1980.0,1984.03,1928.76,2013.87,1960.95,680110000.0,3625380000.0,-19.05,-0.009621
1376124,801231.ZICN,801231,上海申银万国证券研究所有限公司,申万综合Ⅱ,XSHG,2019-06-05,1960.95,1975.47,1938.32,2009.9,1970.38,611450000.0,3260240000.0,9.43,0.004809000000000001
1376509,801231.ZICN,801231,上海申银万国证券研究所有限公司,申万综合Ⅱ,XSHG,2019-06-06,1970.38,1967.81,1903.78,1997.66,1930.36,706850000.0,3863240000.0,-40.02,-0.020311000000000003
1376894,801231.ZICN,801231,上海申银万国证券研究所有限公司,申万综合Ⅱ,XSHG,2019-06-10,1930.36,1923.12,1891.95,1974.07,1947.42,601510000.0,3110080000.0,17.06,0.008838
1377279,801231.ZICN,801231,上海申银万国证券研究所有限公司,申万综合Ⅱ,XSHG,2019-06-11,1947.42,1943.61,1930.58,2025.88,2015.97,828950000.0,4317350000.0,68.55,0.0352
1377664,801231.ZICN,801231,上海申银万国证券研究所有限公司,申万综合Ⅱ,XSHG,2019-06-12,2015.97,2008.28,1979.1,2036.39,1996.62,666200000.0,3551300000.0,-19.35,-0.009598
1378049,801231.ZICN,801231,上海申银万国证券研究所有限公司,申万综合Ⅱ,XSHG,2019-06-13,1996.62,1992.29,1969.83,2031.23,2003.65,645580000.0,3353650000.0,7.03,0.0035210000000000003
1378434,801231.ZICN,801231,上海申银万国证券研究所有限公司,申万综合Ⅱ,XSHG,2019-06-14,2003.65,2004.81,1948.51,2029.19,1961.72,654310000.0,3617810000.0,-41.93,-0.020927
1378819,801231.ZICN,801231,上海申银万国证券研究所有限公司,申万综合Ⅱ,XSHG,2019-06-17,1961.72,1962.65,1934.38,1988.11,1956.29,377060000.0,2142600000.0,-5.43,-0.002768
1379204,801231.ZICN,801231,上海申银万国证券研究所有限公司,申万综合Ⅱ,XSHG,2019-06-18,1956.29,1958.33,1923.79,1974.22,1945.2,340900000.0,1963120000.0,-11.09,-0.0056689999999999996
1379589,801231.ZICN,801231,上海申银万国证券研究所有限公司,申万综合Ⅱ,XSHG,2019-06-19,1945.2,1986.11,1957.42,2018.01,1976.86,500450000.0,3004570000.0,31.66,0.016276
1379974,801231.ZICN,801231,上海申银万国证券研究所有限公司,申万综合Ⅱ,XSHG,2019-06-20,1976.86,1976.25,1956.32,2031.74,2013.74,686200000.0,3496710000.0,36.88,0.018656
1380359,801231.ZICN,801231,上海申银万国证券研究所有限公司,申万综合Ⅱ,XSHG,2019-06-21,2013.74,2028.68,2013.09,2074.18,2049.83,765780000.0,4268680000.0,36.09,0.017922
1380744,801231.ZICN,801231,上海申银万国证券研究所有限公司,申万综合Ⅱ,XSHG,2019-06-24,2049.83,2052.16,2019.32,2076.93,2048.78,553990000.0,3032160000.0,-1.05,-0.000512
1381129,801231.ZICN,801231,上海申银万国证券研究所有限公司,申万综合Ⅱ,XSHG,2019-06-25,2048.78,2048.3,1995.45,2069.86,2036.68,652840000.0,3422020000.0,-12.1,-0.005906000000000001
1381514,801231.ZICN,801231,上海申银万国证券研究所有限公司,申万综合Ⅱ,XSHG,2019-06-26,2036.68,2022.54,2002.6,2060.96,2029.36,470530000.0,2486360000.0,-7.32,-0.003594
1381899,801231.ZICN,801231,上海申银万国证券研究所有限公司,申万综合Ⅱ,XSHG,2019-06-27,2029.36,2031.37,2014.84,2059.08,2028.74,452140000.0,2380650000.0,-0.62,-0.000306
1382284,801231.ZICN,801231,上海申银万国证券研究所有限公司,申万综合Ⅱ,XSHG,2019-06-28,2028.74,2033.2,1983.41,2045.03,2003.01,435890000.0,2268510000.0,-25.73,-0.012683
1382669,801231.ZICN,801231,上海申银万国证券研究所有限公司,申万综合Ⅱ,XSHG,2019-07-01,2003.01,2042.14,2015.72,2072.02,2052.32,584690000.0,3179210000.0,49.31,0.024618
1383054,801231.ZICN,801231,上海申银万国证券研究所有限公司,申万综合Ⅱ,XSHG,2019-07-02,2052.32,2053.82,2029.21,2072.57,2050.15,471740000.0,2519000000.0,-2.17,-0.001057
1383439,801231.ZICN,801231,上海申银万国证券研究所有限公司,申万综合Ⅱ,XSHG,2019-07-03,2050.15,2047.16,2007.76,2059.82,2025.87,396200000.0,2198800000.0,-24.28,-0.011843000000000001
1383824,801231.ZICN,801231,上海申银万国证券研究所有限公司,申万综合Ⅱ,XSHG,2019-07-04,2025.87,2030.05,1997.38,2049.1,2015.05,367460000.0,2044540000.0,-10.82,-0.005340999999999999
1384209,801231.ZICN,801231,上海申银万国证券研究所有限公司,申万综合Ⅱ,XSHG,2019-07-05,2015.05,2017.4,1994.36,2041.14,2021.91,334420000.0,1868870000.0,6.86,0.003404
1384594,801231.ZICN,801231,上海申银万国证券研究所有限公司,申万综合Ⅱ,XSHG,2019-07-08,2021.91,2011.82,1933.03,2028.17,1958.68,442190000.0,2784050000.0,-63.23,-0.031272
1384979,801231.ZICN,801231,上海申银万国证券研究所有限公司,申万综合Ⅱ,XSHG,2019-07-09,1958.68,1959.8,1928.28,1987.45,1955.87,245930000.0,1559110000.0,-2.81,-0.0014349999999999999
1385364,801231.ZICN,801231,上海申银万国证券研究所有限公司,申万综合Ⅱ,XSHG,2019-07-10,1955.87,1958.06,1918.35,1981.17,1941.13,246820000.0,1525030000.0,-14.74,-0.007536
1385749,801231.ZICN,801231,上海申银万国证券研究所有限公司,申万综合Ⅱ,XSHG,2019-07-11,1941.13,1951.02,1915.25,1974.5,1937.21,249730000.0,1567900000.0,-3.92,-0.002019
1386134,801231.ZICN,801231,上海申银万国证券研究所有限公司,申万综合Ⅱ,XSHG,2019-07-12,1937.21,1933.72,1914.69,1957.83,1935.32,240560000.0,1334110000.0,-1.89,-0.000976
1386519,801231.ZICN,801231,上海申银万国证券研究所有限公司,申万综合Ⅱ,XSHG,2019-07-15,1935.32,1937.48,1905.96,1985.17,1974.96,310020000.0,1685900000.0,39.64,0.020482
1386904,801231.ZICN,801231,上海申银万国证券研究所有限公司,申万综合Ⅱ,XSHG,2019-07-16,1974.96,1969.33,1950.73,1992.13,1972.82,220040000.0,1217290000.0,-2.14,-0.001084
1387289,801231.ZICN,801231,上海申银万国证券研究所有限公司,申万综合Ⅱ,XSHG,2019-07-17,1972.82,1972.31,1954.2,1994.0,1972.68,232590000.0,1465660000.0,-0.14,-7.099999999999999e-05
1387674,801231.ZICN,801231,上海申银万国证券研究所有限公司,申万综合Ⅱ,XSHG,2019-07-18,1972.68,1963.08,1926.0,1977.44,1942.49,256120000.0,1425540000.0,-30.19,-0.015304
1388059,801231.ZICN,801231,上海申银万国证券研究所有限公司,申万综合Ⅱ,XSHG,2019-07-19,1942.49,1949.09,1940.91,1988.97,1968.06,290640000.0,1576290000.0,25.57,0.013163999999999999
1388444,801231.ZICN,801231,上海申银万国证券研究所有限公司,申万综合Ⅱ,XSHG,2019-07-22,1968.06,1970.81,1884.85,1988.93,1912.41,407060000.0,2063690000.0,-55.65,-0.028276999999999997
1388829,801231.ZICN,801231,上海申银万国证券研究所有限公司,申万综合Ⅱ,XSHG,2019-07-23,1912.41,1909.57,1899.39,1946.73,1933.28,287890000.0,1477210000.0,20.87,0.010912999999999999
1389214,801231.ZICN,801231,上海申银万国证券研究所有限公司,申万综合Ⅱ,XSHG,2019-07-24,1933.28,1940.01,1923.52,1977.68,1952.69,337570000.0,1636440000.0,19.41,0.01004
1389599,801231.ZICN,801231,上海申银万国证券研究所有限公司,申万综合Ⅱ,XSHG,2019-07-25,1952.69,1951.69,1929.27,1971.12,1949.69,279130000.0,1358790000.0,-3.0,-0.001536
1389984,801231.ZICN,801231,上海申银万国证券研究所有限公司,申万综合Ⅱ,XSHG,2019-07-26,1949.69,1948.78,1928.54,1968.82,1948.48,259600000.0,1212500000.0,-1.21,-0.000621
1390369,801231.ZICN,801231,上海申银万国证券研究所有限公司,申万综合Ⅱ,XSHG,2019-07-29,1948.48,1949.27,1925.13,1970.53,1945.57,275260000.0,1207560000.0,-2.91,-0.001493
1390754,801231.ZICN,801231,上海申银万国证券研究所有限公司,申万综合Ⅱ,XSHG,2019-07-30,1945.57,1949.91,1939.29,1982.53,1962.65,300890000.0,1340780000.0,17.08,0.008779
1391139,801231.ZICN,801231,上海申银万国证券研究所有限公司,申万综合Ⅱ,XSHG,2019-07-31,1962.65,1955.75,1922.12,1965.52,1938.54,266820000.0,1233770000.0,-24.11,-0.012284
1391524,801231.ZICN,801231,上海申银万国证券研究所有限公司,申万综合Ⅱ,XSHG,2019-08-01,1938.54,1931.11,1911.02,1957.79,1932.0,247190000.0,1217190000.0,-6.54,-0.0033740000000000003
1391909,801231.ZICN,801231,涓婃捣鐢抽摱涓囧浗璇佸埜鐮旂┒鎵?鏈夐檺鍏?鍙?,鐢充竾缁煎悎鈪?,XSHG,2019-08-02,1932.0,1898.91,1868.85,1931.65,1910.11,352120000.0,1722420000.0,-21.89,-0.01133
1392294,801231.ZICN,801231,涓婃捣鐢抽摱涓囧浗璇佸埜鐮旂┒鎵?鏈夐檺鍏?鍙?,鐢充竾缁煎悎鈪?,XSHG,2019-08-05,1910.11,1896.44,1858.49,1923.39,1873.88,314360000.0,1412990000.0,-36.23,-0.018966999999999998
1392679,801231.ZICN,801231,涓婃捣鐢抽摱涓囧浗璇佸埜鐮旂┒鎵?鏈夐檺鍏?鍙?,鐢充竾缁煎悎鈪?,XSHG,2019-08-06,1873.88,1843.62,1749.9,1862.25,1822.32,402940000.0,1834150000.0,-51.56,-0.027514999999999998
1393064,801231.ZICN,801231,涓婃捣鐢抽摱涓囧浗璇佸埜鐮旂┒鎵?鏈夐檺鍏?鍙?,鐢充竾缁煎悎鈪?,XSHG,2019-08-07,1822.32,1828.88,1802.44,1851.77,1819.89,248400000.0,1111700000.0,-2.43,-0.001333
1393449,801231.ZICN,801231,涓婃捣鐢抽摱涓囧浗璇佸埜鐮旂┒鎵?鏈夐檺鍏?鍙?,鐢充竾缁煎悎鈪?,XSHG,2019-08-08,1819.89,1824.9,1815.13,1855.2,1837.63,192620000.0,972880000.0,17.74,0.009748
1393834,801231.ZICN,801231,涓婃捣鐢抽摱涓囧浗璇佸埜鐮旂┒鎵?鏈夐檺鍏?鍙?,鐢充竾缁煎悎鈪?,XSHG,2019-08-09,1837.63,1849.01,1804.83,1872.11,1820.82,364000000.0,1498890000.0,-16.81,-0.009148
1394219,801231.ZICN,801231,涓婃捣鐢抽摱涓囧浗璇佸埜鐮旂┒鎵?鏈夐檺鍏?鍙?,鐢充竾缁煎悎鈪?,XSHG,2019-08-12,1820.82,1824.16,1801.86,1859.39,1846.57,333570000.0,1316060000.0,25.75,0.014141999999999998
1394604,801231.ZICN,801231,涓婃捣鐢抽摱涓囧浗璇佸埜鐮旂┒鎵?鏈夐檺鍏?鍙?,鐢充竾缁煎悎鈪?,XSHG,2019-08-13,1846.57,1833.42,1812.47,1855.99,1836.76,214010000.0,1057000000.0,-9.81,-0.005313
1394989,801231.ZICN,801231,涓婃捣鐢抽摱涓囧浗璇佸埜鐮旂┒鎵?鏈夐檺鍏?鍙?,鐢充竾缁煎悎鈪?,XSHG,2019-08-14,1836.76,1852.95,1828.64,1885.54,1852.69,378110000.0,1571280000.0,15.93,0.008673
1395374,801231.ZICN,801231,涓婃捣鐢抽摱涓囧浗璇佸埜鐮旂┒鎵?鏈夐檺鍏?鍙?,鐢充竾缁煎悎鈪?,XSHG,2019-08-15,1852.69,1812.91,1791.27,1863.91,1854.27,332120000.0,1479850000.0,1.58,0.0008529999999999999
1395759,801231.ZICN,801231,涓婃捣鐢抽摱涓囧浗璇佸埜鐮旂┒鎵?鏈夐檺鍏?鍙?,鐢充竾缁煎悎鈪?,XSHG,2019-08-16,1854.27,1847.53,1835.77,1898.05,1869.3,324060000.0,1678160000.0,15.03,0.008106
1396144,801231.ZICN,801231,涓婃捣鐢抽摱涓囧浗璇佸埜鐮旂┒鎵?鏈夐檺鍏?鍙?,鐢充竾缁煎悎鈪?,XSHG,2019-08-19,1869.3,1891.24,1872.63,1935.04,1927.23,436080000.0,2151010000.0,57.93,0.030989999999999997
1396529,801231.ZICN,801231,涓婃捣鐢抽摱涓囧浗璇佸埜鐮旂┒鎵?鏈夐檺鍏?鍙?,鐢充竾缁煎悎鈪?,XSHG,2019-08-20,1927.23,1930.81,1906.78,1968.38,1928.12,462770000.0,2229430000.0,0.89,0.000462
1396914,801231.ZICN,801231,涓婃捣鐢抽摱涓囧浗璇佸埜鐮旂┒鎵?鏈夐檺鍏?鍙?,鐢充竾缁煎悎鈪?,XSHG,2019-08-21,1928.12,1925.0,1909.05,1968.28,1938.54,361830000.0,2027020000.0,10.42,0.005404
1397299,801231.ZICN,801231,涓婃捣鐢抽摱涓囧浗璇佸埜鐮旂┒鎵?鏈夐檺鍏?鍙?,鐢充竾缁煎悎鈪?,XSHG,2019-08-22,1938.54,1945.75,1915.54,1962.36,1942.06,320650000.0,1606500000.0,3.52,0.001816
1397684,801231.ZICN,801231,涓婃捣鐢抽摱涓囧浗璇佸埜鐮旂┒鎵?鏈夐檺鍏?鍙?,鐢充竾缁煎悎鈪?,XSHG,2019-08-23,1942.06,1942.27,1916.71,1970.19,1934.29,329060000.0,1642870000.0,-7.77,-0.004001
1398069,801231.ZICN,801231,涓婃捣鐢抽摱涓囧浗璇佸埜鐮旂┒鎵?鏈夐檺鍏?鍙?,鐢充竾缁煎悎鈪?,XSHG,2019-08-26,1934.29,1899.53,1879.25,1954.98,1935.61,427130000.0,1995020000.0,1.32,0.000682
1398454,801231.ZICN,801231,涓婃捣鐢抽摱涓囧浗璇佸埜鐮旂┒鎵?鏈夐檺鍏?鍙?,鐢充竾缁煎悎鈪?,XSHG,2019-08-27,1935.61,1940.19,1925.34,1983.75,1961.28,466490000.0,2241230000.0,25.67,0.013262000000000001
1398839,801231.ZICN,801231,涓婃捣鐢抽摱涓囧浗璇佸埜鐮旂┒鎵?鏈夐檺鍏?鍙?,鐢充竾缁煎悎鈪?,XSHG,2019-08-28,1961.28,1957.86,1923.13,1982.3,1944.74,430260000.0,1979300000.0,-16.54,-0.008433
1399224,801231.ZICN,801231,涓婃捣鐢抽摱涓囧浗璇佸埜鐮旂┒鎵?鏈夐檺鍏?鍙?,鐢充竾缁煎悎鈪?,XSHG,2019-08-29,1944.74,1949.5,1924.73,1972.46,1944.21,358190000.0,1698260000.0,-0.53,-0.000273
1399609,801231.ZICN,801231,涓婃捣鐢抽摱涓囧浗璇佸埜鐮旂┒鎵?鏈夐檺鍏?鍙?,鐢充竾缁煎悎鈪?,XSHG,2019-08-30,1944.21,1950.72,1897.04,1971.12,1916.16,371300000.0,1938810000.0,-28.05,-0.014427
1399994,801231.ZICN,801231,涓婃捣鐢抽摱涓囧浗璇佸埜鐮旂┒鎵?鏈夐檺鍏?鍙?,鐢充竾缁煎悎鈪?,XSHG,2019-09-02,1916.16,1917.85,1904.47,1973.52,1958.02,340750000.0,1970110000.0,41.86,0.021846
1400379,801231.ZICN,801231,涓婃捣鐢抽摱涓囧浗璇佸埜鐮旂┒鎵?鏈夐檺鍏?鍙?,鐢充竾缁煎悎鈪?,XSHG,2019-09-03,1958.02,1962.56,1941.52,1995.37,1972.81,409670000.0,2130900000.0,14.79,0.007554000000000001
1400764,801231.ZICN,801231,涓婃捣鐢抽摱涓囧浗璇佸埜鐮旂┒鎵?鏈夐檺鍏?鍙?,鐢充竾缁煎悎鈪?,XSHG,2019-09-04,1972.81,1965.15,1945.39,1997.36,1978.58,414300000.0,2102810000.0,5.77,0.002925
1401149,801231.ZICN,801231,涓婃捣鐢抽摱涓囧浗璇佸埜鐮旂┒鎵?鏈夐檺鍏?鍙?,鐢充竾缁煎悎鈪?,XSHG,2019-09-05,1978.58,1989.25,1974.79,2035.07,1995.44,562440000.0,2973210000.0,16.86,0.008520999999999999
1401534,801231.ZICN,801231,涓婃捣鐢抽摱涓囧浗璇佸埜鐮旂┒鎵?鏈夐檺鍏?鍙?,鐢充竾缁煎悎鈪?,XSHG,2019-09-06,1995.44,1997.72,1961.09,2015.53,1982.22,357430000.0,2094050000.0,-13.22,-0.006625
1401919,801231.ZICN,801231,涓婃捣鐢抽摱涓囧浗璇佸埜鐮旂┒鎵?鏈夐檺鍏?鍙?,鐢充竾缁煎悎鈪?,XSHG,2019-09-09,1982.22,1998.51,1976.29,2030.86,2019.23,451510000.0,2528810000.0,37.01,0.018671
1402304,801231.ZICN,801231,涓婃捣鐢抽摱涓囧浗璇佸埜鐮旂┒鎵?鏈夐檺鍏?鍙?,鐢充竾缁煎悎鈪?,XSHG,2019-09-10,2019.23,2023.68,1994.96,2045.47,2021.4,455750000.0,2357510000.0,2.17,0.001075
1402689,801231.ZICN,801231,涓婃捣鐢抽摱涓囧浗璇佸埜鐮旂┒鎵?鏈夐檺鍏?鍙?,鐢充竾缁煎悎鈪?,XSHG,2019-09-11,2021.4,2027.29,2003.47,2069.23,2030.51,548110000.0,2816780000.0,9.11,0.004507
1403074,801231.ZICN,801231,涓婃捣鐢抽摱涓囧浗璇佸埜鐮旂┒鎵?鏈夐檺鍏?鍙?,鐢充竾缁煎悎鈪?,XSHG,2019-09-12,2030.51,2035.25,1998.63,2057.62,2028.3,499670000.0,2348970000.0,-2.21,-0.001088
1403459,801231.ZICN,801231,涓婃捣鐢抽摱涓囧浗璇佸埜鐮旂┒鎵?鏈夐檺鍏?鍙?,鐢充竾缁煎悎鈪?,XSHG,2019-09-16,2028.3,2039.11,2011.77,2077.13,2044.33,435000000.0,2563320000.0,16.03,0.007903
1403844,801231.ZICN,801231,涓婃捣鐢抽摱涓囧浗璇佸埜鐮旂┒鎵?鏈夐檺鍏?鍙?,鐢充竾缁煎悎鈪?,XSHG,2019-09-17,2044.33,2042.63,1974.0,2050.7,1990.07,399210000.0,2240380000.0,-54.26,-0.026542000000000003
1404229,801231.ZICN,801231,涓婃捣鐢抽摱涓囧浗璇佸埜鐮旂┒鎵?鏈夐檺鍏?鍙?,鐢充竾缁煎悎鈪?,XSHG,2019-09-18,1990.07,1994.62,1972.76,2019.36,1994.45,342580000.0,2018830000.0,4.38,0.0022010000000000003
1404614,801231.ZICN,801231,涓婃捣鐢抽摱涓囧浗璇佸埜鐮旂┒鎵?鏈夐檺鍏?鍙?,鐢充竾缁煎悎鈪?,XSHG,2019-09-19,1994.45,1997.4,1973.37,2019.86,2009.82,303910000.0,1696430000.0,15.37,0.007706
1404999,801231.ZICN,801231,涓婃捣鐢抽摱涓囧浗璇佸埜鐮旂┒鎵?鏈夐檺鍏?鍙?,鐢充竾缁煎悎鈪?,XSHG,2019-09-20,2009.82,2009.24,1990.06,2039.29,2006.26,286500000.0,1812090000.0,-3.56,-0.001771
1405384,801231.ZICN,801231,涓婃捣鐢抽摱涓囧浗璇佸埜鐮旂┒鎵?鏈夐檺鍏?鍙?,鐢充竾缁煎悎鈪?,XSHG,2019-09-23,2006.26,1998.82,1952.14,2014.92,1978.17,286940000.0,1655360000.0,-28.09,-0.014001
1405769,801231.ZICN,801231,涓婃捣鐢抽摱涓囧浗璇佸埜鐮旂┒鎵?鏈夐檺鍏?鍙?,鐢充竾缁煎悎鈪?,XSHG,2019-09-24,1978.17,1978.72,1955.45,2015.99,1986.15,280160000.0,1831820000.0,7.98,0.004034
1406154,801231.ZICN,801231,涓婃捣鐢抽摱涓囧浗璇佸埜鐮旂┒鎵?鏈夐檺鍏?鍙?,鐢充竾缁煎悎鈪?,XSHG,2019-09-25,1986.15,1982.6,1946.57,2006.79,1965.9,282190000.0,1797750000.0,-20.25,-0.010196
1406539,801231.ZICN,801231,涓婃捣鐢抽摱涓囧浗璇佸埜鐮旂┒鎵?鏈夐檺鍏?鍙?,鐢充竾缁煎悎鈪?,XSHG,2019-09-26,1965.9,1970.31,1904.98,1986.17,1918.23,294750000.0,1762480000.0,-47.67,-0.024248
1406924,801231.ZICN,801231,涓婃捣鐢抽摱涓囧浗璇佸埜鐮旂┒鎵?鏈夐檺鍏?鍙?,鐢充竾缁煎悎鈪?,XSHG,2019-09-27,1918.23,1920.4,1902.44,1957.12,1934.33,184560000.0,1127180000.0,16.1,0.008393000000000001
1407309,801231.ZICN,801231,涓婃捣鐢抽摱涓囧浗璇佸埜鐮旂┒鎵?鏈夐檺鍏?鍙?,鐢充竾缁煎悎鈪?,XSHG,2019-09-30,1934.33,1937.72,1907.06,1959.07,1921.14,174770000.0,1157940000.0,-13.19,-0.0068189999999999995
1407694,801231.ZICN,801231,涓婃捣鐢抽摱涓囧浗璇佸埜鐮旂┒鎵?鏈夐檺鍏?鍙?,鐢充竾缁煎悎鈪?,XSHG,2019-10-08,1921.14,1928.62,1916.02,1976.38,1951.06,204030000.0,1370040000.0,29.92,0.015574000000000001
1408079,801231.ZICN,801231,涓婃捣鐢抽摱涓囧浗璇佸埜鐮旂┒鎵?鏈夐檺鍏?鍙?,鐢充竾缁煎悎鈪?,XSHG,2019-10-09,1951.06,1943.74,1917.5,1970.76,1958.84,169650000.0,1128950000.0,7.78,0.003988
1408464,801231.ZICN,801231,涓婃捣鐢抽摱涓囧浗璇佸埜鐮旂┒鎵?鏈夐檺鍏?鍙?,鐢充竾缁煎悎鈪?,XSHG,2019-10-10,1958.84,1958.26,1946.07,2000.56,1989.29,195210000.0,1398790000.0,30.45,0.015544999999999998
1408849,801231.ZICN,801231,涓婃捣鐢抽摱涓囧浗璇佸埜鐮旂┒鎵?鏈夐檺鍏?鍙?,鐢充竾缁煎悎鈪?,XSHG,2019-10-11,1989.29,1989.81,1966.85,2017.73,2001.37,251670000.0,1547100000.0,12.08,0.006072999999999999
1409234,801231.ZICN,801231,涓婃捣鐢抽摱涓囧浗璇佸埜鐮旂┒鎵?鏈夐檺鍏?鍙?,鐢充竾缁煎悎鈪?,XSHG,2019-10-14,2001.37,2012.97,1995.03,2049.98,2031.76,313730000.0,1937840000.0,30.39,0.015184999999999999
1409619,801231.ZICN,801231,涓婃捣鐢抽摱涓囧浗璇佸埜鐮旂┒鎵?鏈夐檺鍏?鍙?,鐢充竾缁煎悎鈪?,XSHG,2019-10-15,2031.76,2026.94,1997.98,2060.09,2033.04,267960000.0,1778890000.0,1.28,0.00063
1410004,801231.ZICN,801231,涓婃捣鐢抽摱涓囧浗璇佸埜鐮旂┒鎵?鏈夐檺鍏?鍙?,鐢充竾缁煎悎鈪?,XSHG,2019-10-16,2033.04,2031.82,2005.24,2058.35,2027.71,297430000.0,1776490000.0,-5.33,-0.0026219999999999998
1410389,801231.ZICN,801231,涓婃捣鐢抽摱涓囧浗璇佸埜鐮旂┒鎵?鏈夐檺鍏?鍙?,鐢充竾缁煎悎鈪?,XSHG,2019-10-17,2027.71,2024.54,1982.27,2047.12,2006.3,315770000.0,1886130000.0,-21.41,-0.010559
1410774,801231.ZICN,801231,涓婃捣鐢抽摱涓囧浗璇佸埜鐮旂┒鎵?鏈夐檺鍏?鍙?,鐢充竾缁煎悎鈪?,XSHG,2019-10-18,2006.3,2005.34,1958.69,2034.13,1985.58,318650000.0,1893710000.0,-20.72,-0.010327
1411159,801231.ZICN,801231,涓婃捣鐢抽摱涓囧浗璇佸埜鐮旂┒鎵?鏈夐檺鍏?鍙?,鐢充竾缁煎悎鈪?,XSHG,2019-10-21,1985.58,1980.78,1940.74,2001.02,1971.17,202650000.0,1345970000.0,-14.41,-0.0072569999999999996
1411544,801231.ZICN,801231,涓婃捣鐢抽摱涓囧浗璇佸埜鐮旂┒鎵?鏈夐檺鍏?鍙?,鐢充竾缁煎悎鈪?,XSHG,2019-10-22,1971.17,1970.94,1954.61,1994.48,1980.16,198760000.0,1228450000.0,8.99,0.004561
1411929,801231.ZICN,801231,涓婃捣鐢抽摱涓囧浗璇佸埜鐮旂┒鎵?鏈夐檺鍏?鍙?,鐢充竾缁煎悎鈪?,XSHG,2019-10-23,1980.16,1980.35,1953.04,1995.81,1963.54,195230000.0,1234550000.0,-16.62,-0.008393000000000001
1412314,801231.ZICN,801231,涓婃捣鐢抽摱涓囧浗璇佸埜鐮旂┒鎵?鏈夐檺鍏?鍙?,鐢充竾缁煎悎鈪?,XSHG,2019-10-24,1963.54,1960.93,1939.17,1986.44,1962.91,198990000.0,1218630000.0,-0.63,-0.000321
1412699,801231.ZICN,801231,涓婃捣鐢抽摱涓囧浗璇佸埜鐮旂┒鎵?鏈夐檺鍏?鍙?,鐢充竾缁煎悎鈪?,XSHG,2019-10-25,1962.91,1964.32,1939.32,1986.39,1977.63,201200000.0,1217340000.0,14.72,0.007499
1413084,801231.ZICN,801231,涓婃捣鐢抽摱涓囧浗璇佸埜鐮旂┒鎵?鏈夐檺鍏?鍙?,鐢充竾缁煎悎鈪?,XSHG,2019-10-28,1977.63,1982.78,1961.15,2019.09,2003.06,329360000.0,2177410000.0,25.43,0.012859
1413469,801231.ZICN,801231,涓婃捣鐢抽摱涓囧浗璇佸埜鐮旂┒鎵?鏈夐檺鍏?鍙?,鐢充竾缁煎悎鈪?,XSHG,2019-10-29,2003.06,2012.0,1959.66,2031.71,1981.33,357040000.0,2589560000.0,-21.73,-0.010848
1413854,801231.ZICN,801231,涓婃捣鐢抽摱涓囧浗璇佸埜鐮旂┒鎵?鏈夐檺鍏?鍙?,鐢充竾缁煎悎鈪?,XSHG,2019-10-30,1981.33,1975.56,1920.15,1988.57,1947.83,324790000.0,2190910000.0,-33.5,-0.016908000000000003
1414239,801231.ZICN,801231,涓婃捣鐢抽摱涓囧浗璇佸埜鐮旂┒鎵?鏈夐檺鍏?鍙?,鐢充竾缁煎悎鈪?,XSHG,2019-10-31,1947.83,1945.78,1909.88,1978.96,1938.12,306920000.0,2725580000.0,-9.71,-0.004985
1414624,801231.ZICN,801231,涓婃捣鐢抽摱涓囧浗璇佸埜鐮旂┒鎵?鏈夐檺鍏?鍙?,鐢充竾缁煎悎鈪?,XSHG,2019-11-01,1938.12,1933.41,1912.12,1973.52,1956.94,243900000.0,2107080000.0,18.82,0.00971
1415009,801231.ZICN,801231,涓婃捣鐢抽摱涓囧浗璇佸埜鐮旂┒鎵?鏈夐檺鍏?鍙?,鐢充竾缁煎悎鈪?,XSHG,2019-11-04,1956.94,1963.67,1941.14,1990.56,1967.65,266940000.0,2491660000.0,10.71,0.005473
1415394,801231.ZICN,801231,涓婃捣鐢抽摱涓囧浗璇佸埜鐮旂┒鎵?鏈夐檺鍏?鍙?,鐢充竾缁煎悎鈪?,XSHG,2019-11-05,1967.65,1973.65,1935.67,1987.52,1957.91,257070000.0,2311330000.0,-9.74,-0.00495
1415779,801231.ZICN,801231,涓婃捣鐢抽摱涓囧浗璇佸埜鐮旂┒鎵?鏈夐檺鍏?鍙?,鐢充竾缁煎悎鈪?,XSHG,2019-11-06,1957.91,1959.28,1927.86,1978.11,1949.02,238090000.0,2041950000.0,-8.89,-0.004541
1416164,801231.ZICN,801231,涓婃捣鐢抽摱涓囧浗璇佸埜鐮旂┒鎵?鏈夐檺鍏?鍙?,鐢充竾缁煎悎鈪?,XSHG,2019-11-07,1949.02,1948.39,1931.14,1976.53,1959.82,227950000.0,1834440000.0,10.8,0.005541
1416549,801231.ZICN,801231,涓婃捣鐢抽摱涓囧浗璇佸埜鐮旂┒鎵?鏈夐檺鍏?鍙?,鐢充竾缁煎悎鈪?,XSHG,2019-11-08,1959.82,1968.99,1938.49,1990.9,1960.46,254890000.0,2165880000.0,0.64,0.000327
1416934,801231.ZICN,801231,涓婃捣鐢抽摱涓囧浗璇佸埜鐮旂┒鎵?鏈夐檺鍏?鍙?,鐢充竾缁煎悎鈪?,XSHG,2019-11-11,1960.46,1954.77,1903.42,1972.12,1919.74,274860000.0,1926030000.0,-40.72,-0.020771
1417319,801231.ZICN,801231,涓婃捣鐢抽摱涓囧浗璇佸埜鐮旂┒鎵?鏈夐檺鍏?鍙?,鐢充竾缁煎悎鈪?,XSHG,2019-11-12,1919.74,1916.69,1883.23,1941.79,1910.75,244830000.0,1656760000.0,-8.99,-0.004683
1417704,801231.ZICN,801231,涓婃捣鐢抽摱涓囧浗璇佸埜鐮旂┒鎵?鏈夐檺鍏?鍙?,鐢充竾缁煎悎鈪?,XSHG,2019-11-13,1910.75,1910.84,1878.01,1933.44,1913.07,203130000.0,1627100000.0,2.32,0.001214
1418089,801231.ZICN,801231,涓婃捣鐢抽摱涓囧浗璇佸埜鐮旂┒鎵?鏈夐檺鍏?鍙?,鐢充竾缁煎悎鈪?,XSHG,2019-11-14,1913.07,1914.53,1899.33,1940.41,1919.27,180160000.0,1505710000.0,6.2,0.0032409999999999995
1418474,801231.ZICN,801231,涓婃捣鐢抽摱涓囧浗璇佸埜鐮旂┒鎵?鏈夐檺鍏?鍙?,鐢充竾缁煎悎鈪?,XSHG,2019-11-15,1919.27,1923.82,1887.53,1941.86,1904.92,182570000.0,1540640000.0,-14.35,-0.007476999999999999
1418859,801231.ZICN,801231,涓婃捣鐢抽摱涓囧浗璇佸埜鐮旂┒鎵?鏈夐檺鍏?鍙?,鐢充竾缁煎悎鈪?,XSHG,2019-11-18,1904.92,1911.52,1882.65,1934.1,1914.44,164510000.0,1410320000.0,9.52,0.004998
1419244,801231.ZICN,801231,涓婃捣鐢抽摱涓囧浗璇佸埜鐮旂┒鎵?鏈夐檺鍏?鍙?,鐢充竾缁煎悎鈪?,XSHG,2019-11-19,1914.44,1918.49,1907.84,1961.79,1956.38,232250000.0,1717390000.0,41.94,0.021907
1419629,801231.ZICN,801231,涓婃捣鐢抽摱涓囧浗璇佸埜鐮旂┒鎵?鏈夐檺鍏?鍙?,鐢充竾缁煎悎鈪?,XSHG,2019-11-20,1956.38,1960.42,1934.25,1985.37,1953.41,253360000.0,1795570000.0,-2.97,-0.001518
1420014,801231.ZICN,801231,涓婃捣鐢抽摱涓囧浗璇佸埜鐮旂┒鎵?鏈夐檺鍏?鍙?,鐢充竾缁煎悎鈪?,XSHG,2019-11-21,1953.41,1952.25,1928.05,1974.71,1946.94,225590000.0,2334750000.0,-6.47,-0.003312
1420399,801231.ZICN,801231,涓婃捣鐢抽摱涓囧浗璇佸埜鐮旂┒鎵?鏈夐檺鍏?鍙?,鐢充竾缁煎悎鈪?,XSHG,2019-11-22,1946.94,1959.43,1921.82,1984.28,1938.3,242110000.0,2296600000.0,-8.64,-0.004438
1420784,801231.ZICN,801231,涓婃捣鐢抽摱涓囧浗璇佸埜鐮旂┒鎵?鏈夐檺鍏?鍙?,鐢充竾缁煎悎鈪?,XSHG,2019-11-25,1938.3,1944.18,1908.21,1974.66,1951.4,326390000.0,4466700000.0,13.1,0.006758
1421169,801231.ZICN,801231,涓婃捣鐢抽摱涓囧浗璇佸埜鐮旂┒鎵?鏈夐檺鍏?鍙?,鐢充竾缁煎悎鈪?,XSHG,2019-11-26,1951.4,1949.83,1921.83,1973.19,1939.65,271570000.0,2864420000.0,-11.75,-0.006021
1421554,801231.ZICN,801231,涓婃捣鐢抽摱涓囧浗璇佸埜鐮旂┒鎵?鏈夐檺鍏?鍙?,鐢充竾缁煎悎鈪?,XSHG,2019-11-27,1939.65,1935.32,1912.92,1959.1,1937.74,255590000.0,3054770000.0,-1.91,-0.000985
1421939,801231.ZICN,801231,涓婃捣鐢抽摱涓囧浗璇佸埜鐮旂┒鎵?鏈夐檺鍏?鍙?,鐢充竾缁煎悎鈪?,XSHG,2019-11-28,1937.74,1936.65,1913.19,1957.79,1930.41,218490000.0,2741240000.0,-7.33,-0.003783
1422324,801231.ZICN,801231,涓婃捣鐢抽摱涓囧浗璇佸埜鐮旂┒鎵?鏈夐檺鍏?鍙?,鐢充竾缁煎悎鈪?,XSHG,2019-11-29,1930.41,1929.76,1895.11,1951.2,1922.88,256660000.0,2838750000.0,-7.53,-0.003901
1422709,801231.ZICN,801231,涓婃捣鐢抽摱涓囧浗璇佸埜鐮旂┒鎵?鏈夐檺鍏?鍙?,鐢充竾缁煎悎鈪?,XSHG,2019-12-02,1922.88,1922.34,1890.93,1951.71,1919.31,281420000.0,3167920000.0,-3.57,-0.001857
1423094,801231.ZICN,801231,上海申银万国证券研究所有限公司,申万综合Ⅱ,XSHG,2019-12-03,1919.31,1912.01,1893.66,1943.57,1930.28,234220000.0,2438550000.0,10.97,0.005716
1423479,801231.ZICN,801231,上海申银万国证券研究所有限公司,申万综合Ⅱ,XSHG,2019-12-04,1930.28,1928.08,1908.86,1950.86,1936.28,245370000.0,2705800000.0,6.0,0.0031079999999999997
1423864,801231.ZICN,801231,上海申银万国证券研究所有限公司,申万综合Ⅱ,XSHG,2019-12-05,1936.28,1940.93,1928.02,1973.33,1960.22,270530000.0,2894330000.0,23.94,0.012364
1424249,801231.ZICN,801231,上海申银万国证券研究所有限公司,申万综合Ⅱ,XSHG,2019-12-06,1960.22,1958.93,1939.62,1984.18,1967.71,269570000.0,3119370000.0,7.49,0.003821
1424634,801231.ZICN,801231,上海申银万国证券研究所有限公司,申万综合Ⅱ,XSHG,2019-12-09,1967.71,1969.26,1950.3,1999.89,1977.49,261900000.0,3050900000.0,9.78,0.0049700000000000005
1425019,801231.ZICN,801231,上海申银万国证券研究所有限公司,申万综合Ⅱ,XSHG,2019-12-10,1977.49,1973.07,1955.98,2006.74,1995.77,302640000.0,3255710000.0,18.28,0.009244
1425404,801231.ZICN,801231,上海申银万国证券研究所有限公司,申万综合Ⅱ,XSHG,2019-12-11,1995.77,1998.41,1970.73,2017.44,1990.78,261970000.0,2900900000.0,-4.99,-0.0025
1425789,801231.ZICN,801231,上海申银万国证券研究所有限公司,申万综合Ⅱ,XSHG,2019-12-12,1990.78,1991.71,1960.06,2015.58,1978.7,288370000.0,2829110000.0,-12.08,-0.006068
1426174,801231.ZICN,801231,上海申银万国证券研究所有限公司,申万综合Ⅱ,XSHG,2019-12-13,1978.7,1986.45,1971.57,2026.4,2006.08,308630000.0,3311960000.0,27.38,0.013837
1426559,801231.ZICN,801231,上海申银万国证券研究所有限公司,申万综合Ⅱ,XSHG,2019-12-16,2006.08,2013.34,1999.95,2047.87,2036.89,350560000.0,3273680000.0,30.81,0.015358000000000002
1426944,801231.ZICN,801231,上海申银万国证券研究所有限公司,申万综合Ⅱ,XSHG,2019-12-17,2036.89,2034.58,2019.19,2076.0,2058.86,433890000.0,3570000000.0,21.97,0.010786
1427329,801231.ZICN,801231,上海申银万国证券研究所有限公司,申万综合Ⅱ,XSHG,2019-12-18,2058.86,2051.69,2028.43,2079.73,2043.52,384820000.0,3305140000.0,-15.34,-0.007451
1427714,801231.ZICN,801231,上海申银万国证券研究所有限公司,申万综合Ⅱ,XSHG,2019-12-19,2043.52,2045.49,2025.09,2088.53,2061.62,373130000.0,3199010000.0,18.1,0.008856999999999999
1428099,801231.ZICN,801231,上海申银万国证券研究所有限公司,申万综合Ⅱ,XSHG,2019-12-20,2061.62,2061.59,2018.52,2086.45,2035.36,363480000.0,3212720000.0,-26.26,-0.012738
1428484,801231.ZICN,801231,上海申银万国证券研究所有限公司,申万综合Ⅱ,XSHG,2019-12-23,2035.36,2030.74,1977.49,2055.12,1991.48,339350000.0,2651300000.0,-43.88,-0.021559000000000002
1428869,801231.ZICN,801231,上海申银万国证券研究所有限公司,申万综合Ⅱ,XSHG,2019-12-24,1991.48,2008.47,1987.88,2048.77,2033.43,325820000.0,2723630000.0,41.95,0.021065
1429254,801231.ZICN,801231,上海申银万国证券研究所有限公司,申万综合Ⅱ,XSHG,2019-12-25,2033.43,2029.77,2007.69,2083.26,2062.2,484030000.0,3953040000.0,28.77,0.014149
1429639,801231.ZICN,801231,上海申银万国证券研究所有限公司,申万综合Ⅱ,XSHG,2019-12-26,2062.2,2068.07,2042.02,2118.31,2092.05,557670000.0,4443500000.0,29.85,0.014475
1430024,801231.ZICN,801231,上海申银万国证券研究所有限公司,申万综合Ⅱ,XSHG,2019-12-27,2092.05,2101.26,2071.27,2146.52,2101.0,804320000.0,5646020000.0,8.95,0.004278
1430409,801231.ZICN,801231,上海申银万国证券研究所有限公司,申万综合Ⅱ,XSHG,2019-12-30,2101.0,2087.68,2057.07,2139.26,2109.1,621650000.0,4623670000.0,8.1,0.003855
1430794,801231.ZICN,801231,上海申银万国证券研究所有限公司,申万综合Ⅱ,XSHG,2019-12-31,2109.1,2108.44,2083.61,2153.48,2118.43,516380000.0,3833790000.0,9.33,0.004424
1431179,801231.ZICN,801231,上海申银万国证券研究所有限公司,申万综合Ⅱ,XSHG,2020-01-02,2118.43,2135.11,2113.76,2178.79,2155.66,642050000.0,4685260000.0,37.23,0.017574
1431564,801231.ZICN,801231,上海申银万国证券研究所有限公司,申万综合Ⅱ,XSHG,2020-01-03,2155.66,2160.12,2122.57,2191.58,2153.13,596390000.0,4583780000.0,-2.53,-0.001174
1431949,801231.ZICN,801231,上海申银万国证券研究所有限公司,申万综合Ⅱ,XSHG,2020-01-06,2153.13,2149.52,2128.33,2210.27,2183.52,621330000.0,4375180000.0,30.39,0.014113999999999998
1432334,801231.ZICN,801231,上海申银万国证券研究所有限公司,申万综合Ⅱ,XSHG,2020-01-07,2183.52,2212.53,2169.38,2252.11,2219.5,731280000.0,5258750000.0,35.98,0.016478
1432719,801231.ZICN,801231,上海申银万国证券研究所有限公司,申万综合Ⅱ,XSHG,2020-01-08,2219.5,2217.64,2161.21,2249.98,2187.14,784620000.0,5741260000.0,-32.36,-0.014580000000000001
1433104,801231.ZICN,801231,上海申银万国证券研究所有限公司,申万综合Ⅱ,XSHG,2020-01-09,2187.14,2199.68,2173.15,2239.89,2217.51,587730000.0,4491710000.0,30.37,0.013886
1433489,801231.ZICN,801231,上海申银万国证券研究所有限公司,申万综合Ⅱ,XSHG,2020-01-10,2217.51,2214.72,2178.18,2243.07,2203.52,451320000.0,3538840000.0,-13.99,-0.006309
1433874,801231.ZICN,801231,上海申银万国证券研究所有限公司,申万综合Ⅱ,XSHG,2020-01-13,2203.52,2201.46,2177.19,2245.38,2222.41,448300000.0,3870970000.0,18.89,0.008573
1434259,801231.ZICN,801231,上海申银万国证券研究所有限公司,申万综合Ⅱ,XSHG,2020-01-14,2222.41,2239.05,2188.85,2297.97,2234.54,686140000.0,5178230000.0,12.13,0.005458
1434644,801231.ZICN,801231,上海申银万国证券研究所有限公司,申万综合Ⅱ,XSHG,2020-01-15,2234.54,2221.11,2184.37,2258.22,2222.54,697520000.0,4174080000.0,-12.0,-0.005370000000000001
1435029,801231.ZICN,801231,上海申银万国证券研究所有限公司,申万综合Ⅱ,XSHG,2020-01-16,2222.54,2228.36,2189.17,2258.92,2216.95,489300000.0,3502170000.0,-5.59,-0.002515
1435414,801231.ZICN,801231,上海申银万国证券研究所有限公司,申万综合Ⅱ,XSHG,2020-01-17,2216.95,2225.12,2190.38,2251.87,2205.49,380860000.0,3078090000.0,-11.46,-0.005169
1435799,801231.ZICN,801231,上海申银万国证券研究所有限公司,申万综合Ⅱ,XSHG,2020-01-20,2205.49,2203.99,2178.99,2244.03,2220.65,440770000.0,3170330000.0,15.16,0.006874
1436184,801231.ZICN,801231,上海申银万国证券研究所有限公司,申万综合Ⅱ,XSHG,2020-01-21,2220.65,2225.15,2183.13,2257.82,2200.05,504240000.0,3856940000.0,-20.6,-0.009276999999999999
1436569,801231.ZICN,801231,上海申银万国证券研究所有限公司,申万综合Ⅱ,XSHG,2020-01-22,2200.05,2190.72,2132.46,2225.57,2197.9,637460000.0,4172110000.0,-2.15,-0.000977
1436954,801231.ZICN,801231,上海申银万国证券研究所有限公司,申万综合Ⅱ,XSHG,2020-01-23,2197.9,2187.53,2115.09,2236.77,2160.32,655600000.0,4489430000.0,-37.58,-0.017098
1437339,801231.ZICN,801231,上海申银万国证券研究所有限公司,申万综合Ⅱ,XSHG,2020-02-03,2160.32,1985.97,1973.98,2037.88,2003.91,333320000.0,2870420000.0,-156.41,-0.072401
1437724,801231.ZICN,801231,上海申银万国证券研究所有限公司,申万综合Ⅱ,XSHG,2020-02-04,2003.91,1934.73,1930.6,2077.02,2041.87,790230000.0,5020440000.0,37.96,0.018943
1438109,801231.ZICN,801231,上海申银万国证券研究所有限公司,申万综合Ⅱ,XSHG,2020-02-05,2041.87,2058.87,2033.47,2136.27,2086.35,673660000.0,4701350000.0,44.48,0.021784
1438494,801231.ZICN,801231,上海申银万国证券研究所有限公司,申万综合Ⅱ,XSHG,2020-02-06,2086.35,2094.36,2063.04,2185.42,2157.12,683930000.0,4984010000.0,70.77,0.03392
1438879,801231.ZICN,801231,上海申银万国证券研究所有限公司,申万综合Ⅱ,XSHG,2020-02-07,2157.12,2171.28,2122.31,2241.86,2202.76,602300000.0,4845170000.0,45.64,0.021158
1439262,801231.ZICN,801231,上海申银万国证券研究所有限公司,申万综合Ⅱ,XSHG,2020-02-10,2202.76,2194.89,2187.9,2252.94,2252.88,603062000.0,4793540000.0,50.12,0.022753
1439420,801231.ZICN,801231,上海申银万国证券研究所有限公司,申万综合Ⅱ,XSHG,2020-02-11,2252.88,2263.0,2188.56,2301.39,2234.41,1097410000.0,9111890000.0,-18.47,-0.008198
1439805,801231.ZICN,801231,上海申银万国证券研究所有限公司,申万综合Ⅱ,XSHG,2020-02-12,2234.41,2205.33,2192.03,2284.63,2249.06,864560000.0,6849250000.0,14.65,0.0065569999999999995
1440190,801231.ZICN,801231,上海申银万国证券研究所有限公司,申万综合Ⅱ,XSHG,2020-02-13,2249.06,2241.15,2175.7,2280.2,2204.95,900920000.0,7595010000.0,-44.11,-0.019613
1440575,801231.ZICN,801231,上海申银万国证券研究所有限公司,申万综合Ⅱ,XSHG,2020-02-14,2204.95,2190.39,2152.62,2238.96,2189.19,742370000.0,5802840000.0,-15.76,-0.007148000000000001
1440960,801231.ZICN,801231,上海申银万国证券研究所有限公司,申万综合Ⅱ,XSHG,2020-02-17,2189.19,2196.61,2177.49,2280.45,2267.44,793890000.0,5707930000.0,78.25,0.035744
1441345,801231.ZICN,801231,上海申银万国证券研究所有限公司,申万综合Ⅱ,XSHG,2020-02-18,2267.44,2265.9,2239.91,2360.48,2320.16,1146010000.0,9051880000.0,52.72,0.023250999999999997
1441730,801231.ZICN,801231,上海申银万国证券研究所有限公司,申万综合Ⅱ,XSHG,2020-02-19,2320.16,2337.49,2270.11,2381.63,2295.27,1201880000.0,8670380000.0,-24.89,-0.010728
1442115,801231.ZICN,801231,上海申银万国证券研究所有限公司,申万综合Ⅱ,XSHG,2020-02-20,2295.27,2284.45,2253.88,2346.97,2322.72,1050590000.0,7710560000.0,27.45,0.011959000000000001
1442500,801231.ZICN,801231,上海申银万国证券研究所有限公司,申万综合Ⅱ,XSHG,2020-02-21,2322.72,2315.29,2289.71,2389.45,2344.91,1207890000.0,10379600000.0,22.19,0.009553
1442885,801231.ZICN,801231,上海申银万国证券研究所有限公司,申万综合Ⅱ,XSHG,2020-02-24,2344.91,2339.66,2295.63,2417.22,2376.08,1089020000.0,8684180000.0,31.17,0.013293000000000001
1443270,801231.ZICN,801231,上海申银万国证券研究所有限公司,申万综合Ⅱ,XSHG,2020-02-25,2376.08,2334.52,2272.35,2428.23,2399.69,1364530000.0,9690510000.0,23.61,0.009937
1443655,801231.ZICN,801231,上海申银万国证券研究所有限公司,申万综合Ⅱ,XSHG,2020-02-26,2399.69,2375.36,2312.74,2457.62,2358.79,1463620000.0,11252800000.0,-40.9,-0.017044
1444040,801231.ZICN,801231,上海申银万国证券研究所有限公司,申万综合Ⅱ,XSHG,2020-02-27,2358.79,2358.74,2299.4,2420.19,2339.94,1148520000.0,8977250000.0,-18.85,-0.007991
1444425,801231.ZICN,801231,上海申银万国证券研究所有限公司,申万综合Ⅱ,XSHG,2020-02-28,2339.94,2271.82,2195.34,2329.2,2229.07,1176970000.0,9295440000.0,-110.87,-0.047382
1444810,801231.ZICN,801231,上海申银万国证券研究所有限公司,申万综合Ⅱ,XSHG,2020-03-02,2229.07,2242.82,2217.72,2330.41,2309.38,1120380000.0,9498860000.0,80.31,0.036028
1445195,801231.ZICN,801231,上海申银万国证券研究所有限公司,申万综合Ⅱ,XSHG,2020-03-03,2309.38,2334.25,2282.36,2418.97,2340.04,1156840000.0,10217800000.0,30.66,0.013276
1445580,801231.ZICN,801231,上海申银万国证券研究所有限公司,申万综合Ⅱ,XSHG,2020-03-04,2340.04,2327.82,2280.91,2378.28,2348.8,898370000.0,8182570000.0,8.76,0.003744
1445965,801231.ZICN,801231,上海申银万国证券研究所有限公司,申万综合Ⅱ,XSHG,2020-03-05,2348.8,2364.85,2323.6,2417.04,2378.18,1006790000.0,8826450000.0,29.38,0.012509000000000001
1446350,801231.ZICN,801231,上海申银万国证券研究所有限公司,申万综合Ⅱ,XSHG,2020-03-06,2378.18,2359.4,2329.91,2425.21,2387.77,912910000.0,8463890000.0,9.59,0.004032
1446735,801231.ZICN,801231,上海申银万国证券研究所有限公司,申万综合Ⅱ,XSHG,2020-03-09,2387.77,2375.81,2300.65,2415.63,2332.28,830740000.0,7737030000.0,-55.49,-0.023239
1447120,801231.ZICN,801231,上海申银万国证券研究所有限公司,申万综合Ⅱ,XSHG,2020-03-10,2332.28,2282.39,2222.12,2403.3,2351.16,1114260000.0,10944100000.0,18.88,0.008095
1447505,801231.ZICN,801231,上海申银万国证券研究所有限公司,申万综合Ⅱ,XSHG,2020-03-11,2351.16,2338.59,2289.36,2407.97,2323.09,886910000.0,8046300000.0,-28.07,-0.011939
1447890,801231.ZICN,801231,上海申银万国证券研究所有限公司,申万综合Ⅱ,XSHG,2020-03-12,2323.09,2293.61,2225.37,2328.77,2252.41,758300000.0,6757470000.0,-70.68,-0.030425
1448275,801231.ZICN,801231,上海申银万国证券研究所有限公司,申万综合Ⅱ,XSHG,2020-03-13,2252.41,2122.9,2101.42,2269.05,2223.47,797950000.0,6173800000.0,-28.94,-0.012847999999999998
1448660,801231.ZICN,801231,上海申银万国证券研究所有限公司,申万综合Ⅱ,XSHG,2020-03-16,2223.47,2247.22,2115.52,2289.79,2153.85,914310000.0,7654470000.0,-69.62,-0.031311
1449045,801231.ZICN,801231,上海申银万国证券研究所有限公司,申万综合Ⅱ,XSHG,2020-03-17,2153.85,2148.3,2056.53,2210.41,2140.25,808780000.0,6538820000.0,-13.6,-0.006314
1449430,801231.ZICN,801231,上海申银万国证券研究所有限公司,申万综合Ⅱ,XSHG,2020-03-18,2140.25,2145.54,2085.03,2216.0,2105.0,724640000.0,5757870000.0,-35.25,-0.01647
1449815,801231.ZICN,801231,上海申银万国证券研究所有限公司,申万综合Ⅱ,XSHG,2020-03-19,2105.0,2095.21,2019.7,2130.68,2077.15,686040000.0,5178580000.0,-27.85,-0.01323
1450200,801231.ZICN,801231,上海申银万国证券研究所有限公司,申万综合Ⅱ,XSHG,2020-03-20,2077.15,2096.54,2056.36,2132.65,2099.01,512080000.0,3849500000.0,21.86,0.010523999999999999
1450585,801231.ZICN,801231,上海申银万国证券研究所有限公司,申万综合Ⅱ,XSHG,2020-03-23,2099.01,2055.64,1969.81,2090.5,1987.44,636140000.0,4562540000.0,-111.57,-0.05315399999999999
1450970,801231.ZICN,801231,上海申银万国证券研究所有限公司,申万综合Ⅱ,XSHG,2020-03-24,1987.44,2018.58,1972.58,2068.38,2040.65,677540000.0,4714290000.0,53.21,0.026773
1451355,801231.ZICN,801231,上海申银万国证券研究所有限公司,申万综合Ⅱ,XSHG,2020-03-25,2040.65,2072.66,2045.13,2139.34,2116.84,750410000.0,5277950000.0,76.19,0.037336
1451740,801231.ZICN,801231,上海申银万国证券研究所有限公司,申万综合Ⅱ,XSHG,2020-03-26,2116.84,2102.19,2063.99,2161.93,2100.5,727180000.0,4842720000.0,-16.34,-0.007719
1452125,801231.ZICN,801231,上海申银万国证券研究所有限公司,申万综合Ⅱ,XSHG,2020-03-27,2100.5,2123.46,2072.86,2151.04,2087.07,558550000.0,3947100000.0,-13.43,-0.0063939999999999995
1452510,801231.ZICN,801231,上海申银万国证券研究所有限公司,申万综合Ⅱ,XSHG,2020-03-30,2087.07,2064.63,2020.26,2104.77,2055.25,596340000.0,4252050000.0,-31.82,-0.015246000000000001
1452895,801231.ZICN,801231,上海申银万国证券研究所有限公司,申万综合Ⅱ,XSHG,2020-03-31,2055.25,2063.67,2024.08,2114.49,2065.46,590100000.0,3621600000.0,10.21,0.004968
1453280,801231.ZICN,801231,上海申银万国证券研究所有限公司,申万综合Ⅱ,XSHG,2020-04-01,2065.46,2053.65,2019.77,2095.26,2041.39,547900000.0,3390700000.0,-24.07,-0.011654000000000001
1453665,801231.ZICN,801231,上海申银万国证券研究所有限公司,申万综合Ⅱ,XSHG,2020-04-02,2041.39,2032.42,2007.94,2093.56,2081.57,496230000.0,3372680000.0,40.18,0.019683000000000003
1454050,801231.ZICN,801231,上海申银万国证券研究所有限公司,申万综合Ⅱ,XSHG,2020-04-03,2081.57,2080.86,2049.72,2133.13,2102.79,597970000.0,4526100000.0,21.22,0.010194
1454435,801231.ZICN,801231,上海申银万国证券研究所有限公司,申万综合Ⅱ,XSHG,2020-04-07,2102.79,2134.19,2103.46,2194.84,2165.65,761450000.0,5630580000.0,62.86,0.029894
1454820,801231.ZICN,801231,上海申银万国证券研究所有限公司,申万综合Ⅱ,XSHG,2020-04-08,2165.65,2152.07,2114.09,2194.85,2151.65,698840000.0,5060150000.0,-14.0,-0.006465
1455205,801231.ZICN,801231,上海申银万国证券研究所有限公司,申万综合Ⅱ,XSHG,2020-04-09,2151.65,2156.15,2135.48,2215.17,2184.17,684150000.0,4508970000.0,32.52,0.015113999999999999
1455590,801231.ZICN,801231,上海申银万国证券研究所有限公司,申万综合Ⅱ,XSHG,2020-04-10,2184.17,2177.3,2106.2,2211.05,2134.79,646590000.0,4219940000.0,-49.38,-0.022608
1455975,801231.ZICN,801231,上海申银万国证券研究所有限公司,申万综合Ⅱ,XSHG,2020-04-13,2134.79,2124.77,2077.98,2162.87,2117.66,555260000.0,3888690000.0,-17.13,-0.008024
1456360,801231.ZICN,801231,上海申银万国证券研究所有限公司,申万综合Ⅱ,XSHG,2020-04-14,2117.66,2126.48,2108.92,2178.48,2161.36,484980000.0,3488960000.0,43.7,0.020636
1456745,801231.ZICN,801231,上海申银万国证券研究所有限公司,申万综合Ⅱ,XSHG,2020-04-15,2161.36,2155.24,2122.88,2196.75,2148.71,579320000.0,3664880000.0,-12.65,-0.005853
1457130,801231.ZICN,801231,上海申银万国证券研究所有限公司,申万综合Ⅱ,XSHG,2020-04-16,2148.71,2136.41,2109.19,2177.28,2150.65,523110000.0,3446750000.0,1.94,0.0009029999999999999
1457515,801231.ZICN,801231,上海申银万国证券研究所有限公司,申万综合Ⅱ,XSHG,2020-04-17,2150.65,2156.74,2132.3,2208.48,2155.37,562640000.0,3968170000.0,4.72,0.002195
1457900,801231.ZICN,801231,上海申银万国证券研究所有限公司,申万综合Ⅱ,XSHG,2020-04-20,2155.37,2161.31,2137.92,2203.03,2179.76,558400000.0,3722820000.0,24.39,0.011316
1458285,801231.ZICN,801231,上海申银万国证券研究所有限公司,申万综合Ⅱ,XSHG,2020-04-21,2179.76,2169.67,2113.28,2199.37,2167.54,605230000.0,4756340000.0,-12.22,-0.005606
1458670,801231.ZICN,801231,上海申银万国证券研究所有限公司,申万综合Ⅱ,XSHG,2020-04-22,2167.54,2147.41,2122.72,2197.91,2177.89,543380000.0,3987030000.0,10.35,0.004775
1459055,801231.ZICN,801231,上海申银万国证券研究所有限公司,申万综合Ⅱ,XSHG,2020-04-23,2177.89,2187.01,2147.29,2236.26,2176.95,674120000.0,5771960000.0,-0.94,-0.00043200000000000004
1459440,801231.ZICN,801231,上海申银万国证券研究所有限公司,申万综合Ⅱ,XSHG,2020-04-24,2176.95,2181.72,2110.25,2210.28,2128.27,695200000.0,5296360000.0,-48.68,-0.022362
1459825,801231.ZICN,801231,上海申银万国证券研究所有限公司,申万综合Ⅱ,XSHG,2020-04-27,2128.27,2132.87,2094.5,2185.58,2122.27,629060000.0,4215710000.0,-6.0,-0.0028190000000000003
1460210,801231.ZICN,801231,上海申银万国证券研究所有限公司,申万综合Ⅱ,XSHG,2020-04-28,2122.27,2130.53,2039.48,2161.98,2096.71,712480000.0,4716650000.0,-25.56,-0.012044
1460595,801231.ZICN,801231,上海申银万国证券研究所有限公司,申万综合Ⅱ,XSHG,2020-04-29,2096.71,2086.15,2044.67,2132.98,2077.02,521940000.0,3735810000.0,-19.69,-0.009391
1460980,801231.ZICN,801231,上海申银万国证券研究所有限公司,申万综合Ⅱ,XSHG,2020-04-30,2077.02,2095.55,2069.06,2143.34,2118.93,498650000.0,4019610000.0,41.91,0.020178
1461365,801231.ZICN,801231,上海申银万国证券研究所有限公司,申万综合Ⅱ,XSHG,2020-05-06,2118.93,2090.63,2076.46,2162.6,2149.48,626230000.0,4100740000.0,30.55,0.014418
1461750,801231.ZICN,801231,上海申银万国证券研究所有限公司,申万综合Ⅱ,XSHG,2020-05-07,2149.48,2148.77,2110.12,2204.69,2153.48,673890000.0,4605360000.0,4.0,0.001861
1462135,801231.ZICN,801231,上海申银万国证券研究所有限公司,申万综合Ⅱ,XSHG,2020-05-08,2153.48,2157.39,2138.91,2226.11,2189.34,660490000.0,4603280000.0,35.86,0.016652
1462520,801231.ZICN,801231,上海申银万国证券研究所有限公司,申万综合Ⅱ,XSHG,2020-05-11,2189.34,2192.66,2152.01,2224.04,2171.46,510260000.0,3732550000.0,-17.88,-0.008167
1462905,801231.ZICN,801231,上海申银万国证券研究所有限公司,申万综合Ⅱ,XSHG,2020-05-12,2171.46,2171.68,2129.21,2202.45,2179.35,400800000.0,3276410000.0,7.89,0.0036340000000000005
1463290,801231.ZICN,801231,上海申银万国证券研究所有限公司,申万综合Ⅱ,XSHG,2020-05-13,2179.35,2169.99,2138.35,2229.7,2205.89,563350000.0,4455530000.0,26.54,0.012178
1463675,801231.ZICN,801231,上海申银万国证券研究所有限公司,申万综合Ⅱ,XSHG,2020-05-14,2205.89,2191.72,2156.06,2233.33,2189.02,528180000.0,4389990000.0,-16.87,-0.007648
1464060,801231.ZICN,801231,上海申银万国证券研究所有限公司,申万综合Ⅱ,XSHG,2020-05-15,2189.02,2191.37,2167.6,2232.19,2189.87,451620000.0,3565150000.0,0.85,0.000388
1464445,801231.ZICN,801231,上海申银万国证券研究所有限公司,申万综合Ⅱ,XSHG,2020-05-18,2189.87,2175.95,2129.9,2206.62,2157.72,483670000.0,3617740000.0,-32.15,-0.014681
1464830,801231.ZICN,801231,上海申银万国证券研究所有限公司,申万综合Ⅱ,XSHG,2020-05-19,2157.72,2146.58,2121.59,2185.38,2160.02,471400000.0,3599500000.0,2.3,0.001066
1465215,801231.ZICN,801231,上海申银万国证券研究所有限公司,申万综合Ⅱ,XSHG,2020-05-20,2160.02,2154.93,2104.32,2200.55,2131.24,696160000.0,4363380000.0,-28.78,-0.013324
1465600,801231.ZICN,801231,上海申银万国证券研究所有限公司,申万综合Ⅱ,XSHG,2020-05-21,2131.24,2126.13,2068.35,2155.91,2091.41,616770000.0,3805960000.0,-39.83,-0.018688999999999997
1465985,801231.ZICN,801231,上海申银万国证券研究所有限公司,申万综合Ⅱ,XSHG,2020-05-22,2091.41,2084.29,2012.77,2110.91,2051.65,551950000.0,3676250000.0,-39.76,-0.019011
1466370,801231.ZICN,801231,上海申银万国证券研究所有限公司,申万综合Ⅱ,XSHG,2020-05-25,2051.65,2040.6,2013.33,2091.12,2063.83,397650000.0,2759980000.0,12.18,0.005937
1466755,801231.ZICN,801231,上海申银万国证券研究所有限公司,申万综合Ⅱ,XSHG,2020-05-26,2063.83,2067.7,2051.2,2122.43,2106.33,481160000.0,3110020000.0,42.5,0.020593
1467140,801231.ZICN,801231,上海申银万国证券研究所有限公司,申万综合Ⅱ,XSHG,2020-05-27,2106.33,2103.24,2060.4,2150.43,2101.3,571620000.0,4038880000.0,-5.03,-0.002388
1467525,801231.ZICN,801231,上海申银万国证券研究所有限公司,申万综合Ⅱ,XSHG,2020-05-28,2101.3,2099.3,2046.71,2131.84,2090.99,482430000.0,3315850000.0,-10.31,-0.004906000000000001
1467910,801231.ZICN,801231,上海申银万国证券研究所有限公司,申万综合Ⅱ,XSHG,2020-05-29,2090.99,2094.56,2073.69,2171.34,2131.85,530990000.0,3976220000.0,40.86,0.019541
1468295,801231.ZICN,801231,上海申银万国证券研究所有限公司,申万综合Ⅱ,XSHG,2020-06-01,2131.85,2144.0,2118.82,2206.83,2189.59,591160000.0,4651440000.0,57.74,0.027083999999999997
1468680,801231.ZICN,801231,上海申银万国证券研究所有限公司,申万综合Ⅱ,XSHG,2020-06-02,2189.59,2187.79,2133.93,2215.4,2159.52,498550000.0,4029190000.0,-30.07,-0.013733
1469065,801231.ZICN,801231,上海申银万国证券研究所有限公司,申万综合Ⅱ,XSHG,2020-06-03,2159.52,2155.83,2129.9,2197.83,2153.53,502100000.0,3674440000.0,-5.99,-0.002774
1469450,801231.ZICN,801231,上海申银万国证券研究所有限公司,申万综合Ⅱ,XSHG,2020-06-04,2153.53,2159.59,2127.88,2212.12,2177.38,612720000.0,4449420000.0,23.85,0.011075
1469835,801231.ZICN,801231,上海申银万国证券研究所有限公司,申万综合Ⅱ,XSHG,2020-06-05,2177.38,2170.42,2142.22,2213.6,2176.23,518390000.0,3375320000.0,-1.15,-0.000528
1470220,801231.ZICN,801231,上海申银万国证券研究所有限公司,申万综合Ⅱ,XSHG,2020-06-08,2176.23,2181.39,2134.83,2202.73,2153.09,405920000.0,2753400000.0,-23.14,-0.010633
1470605,801231.ZICN,801231,上海申银万国证券研究所有限公司,申万综合Ⅱ,XSHG,2020-06-09,2153.09,2147.87,2126.1,2182.1,2164.56,386740000.0,2757020000.0,11.47,0.005327
1470990,801231.ZICN,801231,上海申银万国证券研究所有限公司,申万综合Ⅱ,XSHG,2020-06-10,2164.56,2162.66,2128.97,2196.44,2165.44,390160000.0,2894820000.0,0.88,0.000407
1471375,801231.ZICN,801231,上海申银万国证券研究所有限公司,申万综合Ⅱ,XSHG,2020-06-11,2165.44,2166.04,2131.59,2203.85,2153.24,426910000.0,3409840000.0,-12.2,-0.005634
1471760,801231.ZICN,801231,上海申银万国证券研究所有限公司,申万综合Ⅱ,XSHG,2020-06-12,2153.24,2108.4,2090.36,2180.54,2157.62,450170000.0,3300770000.0,4.38,0.002034
1472145,801231.ZICN,801231,上海申银万国证券研究所有限公司,申万综合Ⅱ,XSHG,2020-06-15,2157.62,2192.9,2141.58,2243.06,2178.67,591690000.0,4433770000.0,21.05,0.009756
1472530,801231.ZICN,801231,上海申银万国证券研究所有限公司,申万综合Ⅱ,XSHG,2020-06-16,2178.67,2189.72,2159.51,2216.21,2191.0,430460000.0,3253340000.0,12.33,0.005659
1472915,801231.ZICN,801231,上海申银万国证券研究所有限公司,申万综合Ⅱ,XSHG,2020-06-17,2191.0,2195.14,2161.94,2235.04,2204.53,467460000.0,3584380000.0,13.53,0.006175
1473300,801231.ZICN,801231,上海申银万国证券研究所有限公司,申万综合Ⅱ,XSHG,2020-06-18,2204.53,2203.27,2164.54,2230.45,2196.3,388760000.0,2887240000.0,-8.23,-0.0037329999999999998
1473685,801231.ZICN,801231,上海申银万国证券研究所有限公司,申万综合Ⅱ,XSHG,2020-06-19,2196.3,2196.38,2182.43,2243.83,2224.39,446410000.0,3343300000.0,28.09,0.012790000000000001
1474070,801231.ZICN,801231,上海申银万国证券研究所有限公司,申万综合Ⅱ,XSHG,2020-06-22,2224.39,2232.2,2198.73,2265.63,2226.15,463980000.0,3351290000.0,1.76,0.000791
1474455,801231.ZICN,801231,上海申银万国证券研究所有限公司,申万综合Ⅱ,XSHG,2020-06-23,2226.15,2221.32,2193.3,2259.01,2234.34,381960000.0,3177130000.0,8.19,0.003679
1474840,801231.ZICN,801231,上海申银万国证券研究所有限公司,申万综合Ⅱ,XSHG,2020-06-24,2234.34,2245.65,2196.46,2267.67,2224.64,400810000.0,3670320000.0,-9.7,-0.004340999999999999
1475225,801231.ZICN,801231,上海申银万国证券研究所有限公司,申万综合Ⅱ,XSHG,2020-06-29,2224.64,2220.72,2190.14,2264.94,2219.25,380070000.0,3085160000.0,-5.39,-0.0024230000000000002
1475610,801231.ZICN,801231,上海申银万国证券研究所有限公司,申万综合Ⅱ,XSHG,2020-06-30,2219.25,2228.52,2215.66,2301.34,2279.67,384170000.0,3462940000.0,60.42,0.027225
1475995,801231.ZICN,801231,上海申银万国证券研究所有限公司,申万综合Ⅱ,XSHG,2020-07-01,2279.67,2293.96,2250.25,2334.09,2304.82,452050000.0,3880670000.0,25.15,0.011032
1476380,801231.ZICN,801231,上海申银万国证券研究所有限公司,申万综合Ⅱ,XSHG,2020-07-02,2304.82,2302.57,2258.73,2341.33,2301.68,463310000.0,3820800000.0,-3.14,-0.001362
